 1.0000e+00       3.2800e+00       8.1813e-03       2.1916e+00       7.8521e-01       0.0000e+00       0.0000e+00       0.0000e+00
 1.0000e+00       3.2800e+00       1.8181e-02       2.2940e+00       6.0454e-01       4.9979e-01      -1.3025e-01      -6.8178e-04
 1.0000e+00       3.2800e+00       2.8181e-02       2.0443e+00       5.0757e-01       4.4102e-01      -1.8079e-01      -9.2894e-04
 1.0000e+00       3.2800e+00       3.8181e-02       1.7629e+00       4.4463e-01       3.6921e-01      -2.0093e-01      -1.0884e-03
 1.0000e+00       3.2800e+00       4.8181e-02       1.5115e+00       3.9881e-01       3.1000e-01      -2.0724e-01      -1.1975e-03
 1.0000e+00       3.2800e+00       5.8181e-02       1.2985e+00       3.6296e-01       2.6352e-01      -2.0659e-01      -1.2727e-03
 1.0000e+00       3.2800e+00       6.8181e-02       1.1203e+00       3.3353e-01       2.2698e-01      -2.0223e-01      -1.3231e-03
 1.0000e+00       3.2800e+00       7.8181e-02       9.7107e-01       3.0859e-01       1.9786e-01      -1.9589e-01      -1.3547e-03
 1.0000e+00       3.2800e+00       8.8181e-02       8.4562e-01       2.8697e-01       1.7429e-01      -1.8850e-01      -1.3716e-03
 1.0000e+00       3.2800e+00       9.8181e-02       7.3948e-01       2.6792e-01       1.5490e-01      -1.8063e-01      -1.3768e-03
 1.0000e+00       3.2800e+00       1.0818e-01       6.4911e-01       2.5092e-01       1.3873e-01      -1.7261e-01      -1.3728e-03
 1.0000e+00       3.2800e+00       1.1818e-01       5.7169e-01       2.3563e-01       1.2506e-01      -1.6464e-01      -1.3611e-03
 1.0000e+00       3.2800e+00       1.2818e-01       5.0499e-01       2.2176e-01       1.1336e-01      -1.5685e-01      -1.3434e-03
 1.0000e+00       3.2800e+00       1.3818e-01       4.4722e-01       2.0912e-01       1.0324e-01      -1.4931e-01      -1.3208e-03
 1.0000e+00       3.2800e+00       1.4818e-01       3.9696e-01       1.9753e-01       9.4406e-02      -1.4206e-01      -1.2941e-03
 1.0000e+00       3.2800e+00       1.5818e-01       3.5303e-01       1.8689e-01       8.6628e-02      -1.3513e-01      -1.2643e-03
 1.0000e+00       3.2800e+00       1.6818e-01       3.1450e-01       1.7706e-01       7.9726e-02      -1.2853e-01      -1.2320e-03
 1.0000e+00       3.2800e+00       1.7818e-01       2.8058e-01       1.6797e-01       7.3560e-02      -1.2225e-01      -1.1976e-03
 1.0000e+00       3.2800e+00       1.8818e-01       2.5063e-01       1.5954e-01       6.8016e-02      -1.1630e-01      -1.1618e-03
 1.0000e+00       3.2800e+00       1.9818e-01       2.2411e-01       1.5171e-01       6.3005e-02      -1.1066e-01      -1.1248e-03
 1.0000e+00       3.2800e+00       2.0818e-01       2.0057e-01       1.4441e-01       5.8452e-02      -1.0532e-01      -1.0871e-03
 1.0000e+00       3.2800e+00       2.1818e-01       1.7963e-01       1.3760e-01       5.4297e-02      -1.0027e-01      -1.0488e-03
 1.0000e+00       3.2800e+00       2.2818e-01       1.6096e-01       1.3124e-01       5.0490e-02      -9.5489e-02      -1.0103e-03
 1.0000e+00       3.2800e+00       2.3818e-01       1.4428e-01       1.2529e-01       4.6990e-02      -9.0972e-02      -9.7166e-04
 1.0000e+00       3.2800e+00       2.4818e-01       1.2937e-01       1.1971e-01       4.3760e-02      -8.6703e-02      -9.3317e-04
 1.0000e+00       3.2800e+00       2.5818e-01       1.1601e-01       1.1448e-01       4.0771e-02      -8.2667e-02      -8.9494e-04
 1.0000e+00       3.2800e+00       2.6818e-01       1.0403e-01       1.0956e-01       3.7998e-02      -7.8851e-02      -8.5707e-04
 1.0000e+00       3.2800e+00       2.7818e-01       9.3279e-02       1.0493e-01       3.5419e-02      -7.5243e-02      -8.1968e-04
 1.0000e+00       3.2800e+00       2.8818e-01       8.3613e-02       1.0058e-01       3.3015e-02      -7.1831e-02      -7.8286e-04
 1.0000e+00       3.2800e+00       2.9818e-01       7.4920e-02       9.6470e-02       3.0770e-02      -6.8603e-02      -7.4667e-04
 1.0000e+00       3.2800e+00       3.0818e-01       6.7097e-02       9.2596e-02       2.8670e-02      -6.5549e-02      -7.1117e-04
 1.0000e+00       3.2800e+00       3.1818e-01       6.0053e-02       8.8936e-02       2.6701e-02      -6.2658e-02      -6.7641e-04
 1.0000e+00       3.2800e+00       3.2818e-01       5.3708e-02       8.5477e-02       2.4854e-02      -5.9921e-02      -6.4243e-04
 1.0000e+00       3.2800e+00       3.3818e-01       4.7990e-02       8.2203e-02       2.3119e-02      -5.7328e-02      -6.0926e-04
 1.0000e+00       3.2800e+00       3.4818e-01       4.2838e-02       7.9103e-02       2.1486e-02      -5.4872e-02      -5.7692e-04
 1.0000e+00       3.2800e+00       3.5818e-01       3.8195e-02       7.6164e-02       1.9949e-02      -5.2544e-02      -5.4542e-04
 1.0000e+00       3.2800e+00       3.6818e-01       3.4011e-02       7.3377e-02       1.8500e-02      -5.0337e-02      -5.1478e-04
 1.0000e+00       3.2800e+00       3.7818e-01       3.0242e-02       7.0730e-02       1.7132e-02      -4.8244e-02      -4.8500e-04
 1.0000e+00       3.2800e+00       3.8818e-01       2.6848e-02       6.8216e-02       1.5841e-02      -4.6257e-02      -4.5609e-04
 1.0000e+00       3.2800e+00       3.9818e-01       2.3793e-02       6.5825e-02       1.4622e-02      -4.4372e-02      -4.2804e-04
 1.0000e+00       3.2800e+00       4.0818e-01       2.1045e-02       6.3551e-02       1.3469e-02      -4.2581e-02      -4.0085e-04
 1.0000e+00       3.2800e+00       4.1818e-01       1.8575e-02       6.1385e-02       1.2379e-02      -4.0881e-02      -3.7452e-04
 1.0000e+00       3.2800e+00       4.2818e-01       1.6358e-02       5.9321e-02       1.1347e-02      -3.9265e-02      -3.4903e-04
 1.0000e+00       3.2800e+00       4.3818e-01       1.4370e-02       5.7353e-02       1.0370e-02      -3.7728e-02      -3.2437e-04
 1.0000e+00       3.2800e+00       4.4818e-01       1.2589e-02       5.5476e-02       9.4448e-03      -3.6267e-02      -3.0054e-04
 1.0000e+00       3.2800e+00       4.5818e-01       1.0997e-02       5.3683e-02       8.5686e-03      -3.4878e-02      -2.7752e-04
 1.0000e+00       3.2800e+00       4.6818e-01       9.5764e-03       5.1971e-02       7.7383e-03      -3.3555e-02      -2.5529e-04
 1.0000e+00       3.2800e+00       4.7818e-01       8.3113e-03       5.0334e-02       6.9515e-03      -3.2296e-02      -2.3384e-04
 1.0000e+00       3.2800e+00       4.8818e-01       7.1875e-03       4.8768e-02       6.2058e-03      -3.1097e-02      -2.1316e-04
 1.0000e+00       3.2800e+00       4.9818e-01       6.1923e-03       4.7270e-02       5.4988e-03      -2.9954e-02      -1.9322e-04
 1.0000e+00       3.2800e+00       5.0818e-01       5.3138e-03       4.5835e-02       4.8287e-03      -2.8866e-02      -1.7402e-04
 1.0000e+00       3.2800e+00       5.1818e-01       4.5413e-03       4.4460e-02       4.1933e-03      -2.7828e-02      -1.5554e-04
 1.0000e+00       3.2800e+00       5.2818e-01       3.8652e-03       4.3142e-02       3.5911e-03      -2.6838e-02      -1.3775e-04
 1.0000e+00       3.2800e+00       5.3818e-01       3.2766e-03       4.1877e-02       3.0201e-03      -2.5893e-02      -1.2064e-04
 1.0000e+00       3.2800e+00       5.4818e-01       2.7674e-03       4.0664e-02       2.4789e-03      -2.4992e-02      -1.0420e-04
 1.0000e+00       3.2800e+00       5.5818e-01       2.3303e-03       3.9499e-02       1.9660e-03      -2.4131e-02      -8.8408e-05
 1.0000e+00       3.2800e+00       5.6818e-01       1.9586e-03       3.8379e-02       1.4799e-03      -2.3310e-02      -7.3245e-05
 1.0000e+00       3.2800e+00       5.7818e-01       1.6461e-03       3.7303e-02       1.0194e-03      -2.2525e-02      -5.8698e-05
 1.0000e+00       3.2800e+00       5.8818e-01       1.3873e-03       3.6269e-02       5.8319e-04      -2.1774e-02      -4.4749e-05
 1.0000e+00       3.2800e+00       5.9818e-01       1.1770e-03       3.5273e-02       1.7011e-04      -2.1057e-02      -3.1382e-05
 1.0000e+00       3.2800e+00       6.0818e-01       1.0106e-03       3.4315e-02      -2.2094e-04      -2.0371e-02      -1.8581e-05
 1.0000e+00       3.2800e+00       6.1818e-01       8.8390e-04       3.3392e-02      -5.9102e-04      -1.9715e-02      -6.3309e-06
 1.0000e+00       3.2800e+00       6.2818e-01       7.9289e-04       3.2503e-02      -9.4110e-04      -1.9087e-02       5.3840e-06
 1.0000e+00       3.2800e+00       6.3818e-01       7.3404e-04       3.1646e-02      -1.2722e-03      -1.8486e-02       1.6579e-05
 1.0000e+00       3.2800e+00       6.4818e-01       7.0408e-04       3.0820e-02      -1.5850e-03      -1.7911e-02       2.7268e-05
 1.0000e+00       3.2800e+00       6.5818e-01       7.0004e-04       3.0023e-02      -1.8806e-03      -1.7360e-02       3.7465e-05
 1.0000e+00       3.2800e+00       6.6818e-01       7.1919e-04       2.9254e-02      -2.1597e-03      -1.6832e-02       4.7186e-05
 1.0000e+00       3.2800e+00       6.7818e-01       7.5903e-04       2.8511e-02      -2.4230e-03      -1.6326e-02       5.6443e-05
 1.0000e+00       3.2800e+00       6.8818e-01       8.1728e-04       2.7794e-02      -2.6713e-03      -1.5840e-02       6.5251e-05
 1.0000e+00       3.2800e+00       6.9818e-01       8.9184e-04       2.7101e-02      -2.9053e-03      -1.5375e-02       7.3621e-05
 1.0000e+00       3.2800e+00       7.0818e-01       9.8082e-04       2.6431e-02      -3.1256e-03      -1.4929e-02       8.1568e-05
 1.0000e+00       3.2800e+00       7.1818e-01       1.0825e-03       2.5783e-02      -3.3329e-03      -1.4500e-02       8.9102e-05
 1.0000e+00       3.2800e+00       7.2818e-01       1.1952e-03       2.5156e-02      -3.5277e-03      -1.4089e-02       9.6237e-05
 1.0000e+00       3.2800e+00       7.3818e-01       1.3175e-03       2.4550e-02      -3.7106e-03      -1.3694e-02       1.0298e-04
 1.0000e+00       3.2800e+00       7.4818e-01       1.4481e-03       2.3963e-02      -3.8822e-03      -1.3315e-02       1.0936e-04
 1.0000e+00       3.2800e+00       7.5818e-01       1.5858e-03       2.3395e-02      -4.0429e-03      -1.2951e-02       1.1536e-04
 1.0000e+00       3.2800e+00       7.6818e-01       1.7295e-03       2.2845e-02      -4.1933e-03      -1.2600e-02       1.2101e-04
 1.0000e+00       3.2800e+00       7.7818e-01       1.8781e-03       2.2311e-02      -4.3338e-03      -1.2264e-02       1.2632e-04
 1.0000e+00       3.2800e+00       7.8818e-01       2.0307e-03       2.1794e-02      -4.4649e-03      -1.1940e-02       1.3130e-04
 1.0000e+00       3.2800e+00       7.9818e-01       2.1866e-03       2.1293e-02      -4.5871e-03      -1.1629e-02       1.3595e-04
 1.0000e+00       3.2800e+00       8.0818e-01       2.3448e-03       2.0807e-02      -4.7006e-03      -1.1329e-02       1.4029e-04
 1.0000e+00       3.2800e+00       8.1818e-01       2.5049e-03       2.0336e-02      -4.8060e-03      -1.1041e-02       1.4433e-04
 1.0000e+00       3.2800e+00       8.2818e-01       2.6660e-03       1.9878e-02      -4.9035e-03      -1.0763e-02       1.4807e-04
 1.0000e+00       3.2800e+00       8.3818e-01       2.8277e-03       1.9434e-02      -4.9936e-03      -1.0495e-02       1.5153e-04
 1.0000e+00       3.2800e+00       8.4818e-01       2.9895e-03       1.9003e-02      -5.0765e-03      -1.0238e-02       1.5471e-04
 1.0000e+00       3.2800e+00       8.5818e-01       3.1509e-03       1.8584e-02      -5.1527e-03      -9.9895e-03       1.5762e-04
 1.0000e+00       3.2800e+00       8.6818e-01       3.3114e-03       1.8178e-02      -5.2224e-03      -9.7501e-03       1.6028e-04
 1.0000e+00       3.2800e+00       8.7818e-01       3.4707e-03       1.7782e-02      -5.2859e-03      -9.5193e-03       1.6268e-04
 1.0000e+00       3.2800e+00       8.8818e-01       3.6284e-03       1.7398e-02      -5.3435e-03      -9.2967e-03       1.6484e-04
 1.0000e+00       3.2800e+00       8.9818e-01       3.7843e-03       1.7025e-02      -5.3956e-03      -9.0819e-03       1.6677e-04
 1.0000e+00       3.2800e+00       9.0818e-01       3.9381e-03       1.6662e-02      -5.4422e-03      -8.8746e-03       1.6847e-04
 1.0000e+00       3.2800e+00       9.1818e-01       4.0896e-03       1.6308e-02      -5.4838e-03      -8.6745e-03       1.6995e-04
 1.0000e+00       3.2800e+00       9.2818e-01       4.2385e-03       1.5965e-02      -5.5205e-03      -8.4812e-03       1.7121e-04
 1.0000e+00       3.2800e+00       9.3818e-01       4.3847e-03       1.5631e-02      -5.5526e-03      -8.2946e-03       1.7227e-04
 1.0000e+00       3.2800e+00       9.4818e-01       4.5279e-03       1.5305e-02      -5.5803e-03      -8.1142e-03       1.7314e-04
 1.0000e+00       3.2800e+00       9.5818e-01       4.6681e-03       1.4989e-02      -5.6037e-03      -7.9398e-03       1.7381e-04
 1.0000e+00       3.2800e+00       9.6818e-01       4.8052e-03       1.4680e-02      -5.6232e-03      -7.7712e-03       1.7430e-04
 1.0000e+00       3.2800e+00       9.7818e-01       4.9390e-03       1.4380e-02      -5.6389e-03      -7.6082e-03       1.7461e-04
 1.0000e+00       3.2800e+00       9.8818e-01       5.0694e-03       1.4087e-02      -5.6509e-03      -7.4505e-03       1.7474e-04
 1.0000e+00       3.2800e+00       9.9818e-01       5.1965e-03       1.3802e-02      -5.6596e-03      -7.2978e-03       1.7472e-04
 1.0000e+00       3.2800e+00       1.0082e+00       5.3200e-03       1.3525e-02      -5.6649e-03      -7.1501e-03       1.7453e-04
 1.0000e+00       3.2800e+00       1.0182e+00       5.4401e-03       1.3254e-02      -5.6672e-03      -7.0070e-03       1.7419e-04
 1.0000e+00       3.2800e+00       1.0282e+00       5.5566e-03       1.2991e-02      -5.6665e-03      -6.8684e-03       1.7370e-04
 1.0000e+00       3.2800e+00       1.0382e+00       5.6695e-03       1.2734e-02      -5.6630e-03      -6.7341e-03       1.7307e-04
 1.0000e+00       3.2800e+00       1.0482e+00       5.7788e-03       1.2483e-02      -5.6569e-03      -6.6040e-03       1.7230e-04
 1.0000e+00       3.2800e+00       1.0582e+00       5.8845e-03       1.2238e-02      -5.6483e-03      -6.4779e-03       1.7140e-04
 1.0000e+00       3.2800e+00       1.0682e+00       5.9867e-03       1.2000e-02      -5.6373e-03      -6.3555e-03       1.7037e-04
 1.0000e+00       3.2800e+00       1.0782e+00       6.0853e-03       1.1767e-02      -5.6240e-03      -6.2369e-03       1.6923e-04
 1.0000e+00       3.2800e+00       1.0882e+00       6.1803e-03       1.1541e-02      -5.6086e-03      -6.1217e-03       1.6797e-04
 1.0000e+00       3.2800e+00       1.0982e+00       6.2718e-03       1.1319e-02      -5.5911e-03      -6.0100e-03       1.6660e-04
 1.0000e+00       3.2800e+00       1.1082e+00       6.3597e-03       1.1103e-02      -5.5718e-03      -5.9015e-03       1.6512e-04
 1.0000e+00       3.2800e+00       1.1182e+00       6.4442e-03       1.0892e-02      -5.5507e-03      -5.7961e-03       1.6355e-04
 1.0000e+00       3.2800e+00       1.1282e+00       6.5253e-03       1.0686e-02      -5.5278e-03      -5.6937e-03       1.6187e-04
 1.0000e+00       3.2800e+00       1.1382e+00       6.6030e-03       1.0485e-02      -5.5034e-03      -5.5942e-03       1.6011e-04
 1.0000e+00       3.2800e+00       1.1482e+00       6.6773e-03       1.0289e-02      -5.4774e-03      -5.4975e-03       1.5826e-04
 1.0000e+00       3.2800e+00       1.1582e+00       6.7483e-03       1.0098e-02      -5.4501e-03      -5.4035e-03       1.5633e-04
 1.0000e+00       3.2800e+00       1.1682e+00       6.8160e-03       9.9104e-03      -5.4214e-03      -5.3121e-03       1.5431e-04
 1.0000e+00       3.2800e+00       1.1782e+00       6.8806e-03       9.7276e-03      -5.3914e-03      -5.2231e-03       1.5223e-04
 1.0000e+00       3.2800e+00       1.1882e+00       6.9420e-03       9.5490e-03      -5.3603e-03      -5.1366e-03       1.5008e-04
 1.0000e+00       3.2800e+00       1.1982e+00       7.0003e-03       9.3746e-03      -5.3280e-03      -5.0523e-03       1.4786e-04
 1.0000e+00       3.2800e+00       1.2082e+00       7.0555e-03       9.2041e-03      -5.2948e-03      -4.9703e-03       1.4557e-04
 1.0000e+00       3.2800e+00       1.2182e+00       7.1078e-03       9.0376e-03      -5.2606e-03      -4.8904e-03       1.4323e-04
 1.0000e+00       3.2800e+00       1.2282e+00       7.1571e-03       8.8748e-03      -5.2255e-03      -4.8125e-03       1.4084e-04
 1.0000e+00       3.2800e+00       1.2382e+00       7.2036e-03       8.7157e-03      -5.1895e-03      -4.7367e-03       1.3840e-04
 1.0000e+00       3.2800e+00       1.2482e+00       7.2473e-03       8.5602e-03      -5.1528e-03      -4.6627e-03       1.3590e-04
 1.0000e+00       3.2800e+00       1.2582e+00       7.2882e-03       8.4082e-03      -5.1154e-03      -4.5906e-03       1.3337e-04
 1.0000e+00       3.2800e+00       1.2682e+00       7.3265e-03       8.2596e-03      -5.0774e-03      -4.5203e-03       1.3080e-04
 1.0000e+00       3.2800e+00       1.2782e+00       7.3621e-03       8.1143e-03      -5.0387e-03      -4.4517e-03       1.2818e-04
 1.0000e+00       3.2800e+00       1.2882e+00       7.3952e-03       7.9723e-03      -4.9995e-03      -4.3848e-03       1.2554e-04
 1.0000e+00       3.2800e+00       1.2982e+00       7.4258e-03       7.8334e-03      -4.9597e-03      -4.3194e-03       1.2287e-04
 1.0000e+00       3.2800e+00       1.3082e+00       7.4540e-03       7.6975e-03      -4.9195e-03      -4.2557e-03       1.2017e-04
 1.0000e+00       3.2800e+00       1.3182e+00       7.4797e-03       7.5646e-03      -4.8789e-03      -4.1934e-03       1.1744e-04
 1.0000e+00       3.2800e+00       1.3282e+00       7.5032e-03       7.4347e-03      -4.8379e-03      -4.1325e-03       1.1469e-04
 1.0000e+00       3.2800e+00       1.3382e+00       7.5244e-03       7.3075e-03      -4.7966e-03      -4.0731e-03       1.1193e-04
 1.0000e+00       3.2800e+00       1.3482e+00       7.5433e-03       7.1831e-03      -4.7550e-03      -4.0150e-03       1.0915e-04
 1.0000e+00       3.2800e+00       1.3582e+00       7.5602e-03       7.0615e-03      -4.7131e-03      -3.9582e-03       1.0636e-04
 1.0000e+00       3.2800e+00       1.3682e+00       7.5750e-03       6.9424e-03      -4.6710e-03      -3.9027e-03       1.0356e-04
 1.0000e+00       3.2800e+00       1.3782e+00       7.5877e-03       6.8259e-03      -4.6286e-03      -3.8484e-03       1.0075e-04
 1.0000e+00       3.2800e+00       1.3882e+00       7.5985e-03       6.7119e-03      -4.5862e-03      -3.7952e-03       9.7937e-05
 1.0000e+00       3.2800e+00       1.3982e+00       7.6074e-03       6.6004e-03      -4.5436e-03      -3.7433e-03       9.5121e-05
 1.0000e+00       3.2800e+00       1.4082e+00       7.6144e-03       6.4912e-03      -4.5009e-03      -3.6924e-03       9.2305e-05
 1.0000e+00       3.2800e+00       1.4182e+00       7.6196e-03       6.3844e-03      -4.4581e-03      -3.6426e-03       8.9491e-05
 1.0000e+00       3.2800e+00       1.4282e+00       7.6230e-03       6.2798e-03      -4.4152e-03      -3.5938e-03       8.6682e-05
 1.0000e+00       3.2800e+00       1.4382e+00       7.6248e-03       6.1774e-03      -4.3723e-03      -3.5461e-03       8.3879e-05
 1.0000e+00       3.2800e+00       1.4482e+00       7.6249e-03       6.0772e-03      -4.3295e-03      -3.4993e-03       8.1086e-05
 1.0000e+00       3.2800e+00       1.4582e+00       7.6234e-03       5.9791e-03      -4.2866e-03      -3.4535e-03       7.8303e-05
 1.0000e+00       3.2800e+00       1.4682e+00       7.6203e-03       5.8830e-03      -4.2438e-03      -3.4086e-03       7.5532e-05
 1.0000e+00       3.2800e+00       1.4782e+00       7.6158e-03       5.7889e-03      -4.2010e-03      -3.3646e-03       7.2777e-05
 1.0000e+00       3.2800e+00       1.4882e+00       7.6098e-03       5.6969e-03      -4.1583e-03      -3.3214e-03       7.0037e-05
 1.0000e+00       3.2800e+00       1.4982e+00       7.6024e-03       5.6067e-03      -4.1157e-03      -3.2791e-03       6.7316e-05
 1.0000e+00       3.2800e+00       1.5082e+00       7.5937e-03       5.5184e-03      -4.0732e-03      -3.2376e-03       6.4614e-05
 1.0000e+00       3.2800e+00       1.5182e+00       7.5836e-03       5.4319e-03      -4.0309e-03      -3.1969e-03       6.1934e-05
 1.0000e+00       3.2800e+00       1.5282e+00       7.5723e-03       5.3472e-03      -3.9886e-03      -3.1569e-03       5.9277e-05
 1.0000e+00       3.2800e+00       1.5382e+00       7.5597e-03       5.2642e-03      -3.9466e-03      -3.1177e-03       5.6645e-05
 1.0000e+00       3.2800e+00       1.5482e+00       7.5460e-03       5.1829e-03      -3.9047e-03      -3.0793e-03       5.4038e-05
 1.0000e+00       3.2800e+00       1.5582e+00       7.5311e-03       5.1033e-03      -3.8630e-03      -3.0415e-03       5.1458e-05
 1.0000e+00       3.2800e+00       1.5682e+00       7.5152e-03       5.0254e-03      -3.8214e-03      -3.0044e-03       4.8907e-05
 1.0000e+00       3.2800e+00       1.5782e+00       7.4981e-03       4.9490e-03      -3.7801e-03      -2.9680e-03       4.6386e-05
 1.0000e+00       3.2800e+00       1.5882e+00       7.4800e-03       4.8741e-03      -3.7390e-03      -2.9322e-03       4.3896e-05
 1.0000e+00       3.2800e+00       1.5982e+00       7.4610e-03       4.8008e-03      -3.6981e-03      -2.8971e-03       4.1438e-05
 1.0000e+00       3.2800e+00       1.6082e+00       7.4410e-03       4.7289e-03      -3.6575e-03      -2.8626e-03       3.9013e-05
 1.0000e+00       3.2800e+00       1.6182e+00       7.4201e-03       4.6585e-03      -3.6171e-03      -2.8286e-03       3.6623e-05
 1.0000e+00       3.2800e+00       1.6282e+00       7.3983e-03       4.5895e-03      -3.5769e-03      -2.7953e-03       3.4267e-05
 1.0000e+00       3.2800e+00       1.6382e+00       7.3757e-03       4.5219e-03      -3.5370e-03      -2.7625e-03       3.1948e-05
 1.0000e+00       3.2800e+00       1.6482e+00       7.3522e-03       4.4556e-03      -3.4974e-03      -2.7303e-03       2.9666e-05
