 8.5000e+00       2.8900e+00       4.9094e-01       2.1684e-02       3.0098e-03       0.0000e+00       0.0000e+00       0.0000e+00
 8.5000e+00       2.8900e+00       5.0094e-01       2.0812e-02       3.0277e-03       1.0512e-03      -6.7696e-07      -4.4817e-06
 8.5000e+00       2.8900e+00       5.1094e-01       1.9986e-02       3.0461e-03       1.4461e-03      -5.9452e-07      -5.7623e-06
 8.5000e+00       2.8900e+00       5.2094e-01       1.9202e-02       3.0649e-03       1.7232e-03       1.3833e-07      -6.3661e-06
 8.5000e+00       2.8900e+00       5.3094e-01       1.8457e-02       3.0840e-03       1.9365e-03       1.4239e-06      -6.5686e-06
 8.5000e+00       2.8900e+00       5.4094e-01       1.7750e-02       3.1033e-03       2.1075e-03       3.1746e-06      -6.4862e-06
 8.5000e+00       2.8900e+00       5.5094e-01       1.7077e-02       3.1228e-03       2.2477e-03       5.3120e-06      -6.1838e-06
 8.5000e+00       2.8900e+00       5.6094e-01       1.6437e-02       3.1425e-03       2.3642e-03       7.7659e-06      -5.7028e-06
 8.5000e+00       2.8900e+00       5.7094e-01       1.5829e-02       3.1622e-03       2.4617e-03       1.0473e-05      -5.0726e-06
 8.5000e+00       2.8900e+00       5.8094e-01       1.5249e-02       3.1819e-03       2.5437e-03       1.3377e-05      -4.3147e-06
 8.5000e+00       2.8900e+00       5.9094e-01       1.4696e-02       3.2016e-03       2.6126e-03       1.6428e-05      -3.4462e-06
 8.5000e+00       2.8900e+00       6.0094e-01       1.4170e-02       3.2212e-03       2.6703e-03       1.9580e-05      -2.4808e-06
 8.5000e+00       2.8900e+00       6.1094e-01       1.3667e-02       3.2407e-03       2.7185e-03       2.2793e-05      -1.4298e-06
 8.5000e+00       2.8900e+00       6.2094e-01       1.3188e-02       3.2600e-03       2.7584e-03       2.6031e-05      -3.0290e-07
 8.5000e+00       2.8900e+00       6.3094e-01       1.2730e-02       3.2792e-03       2.7911e-03       2.9263e-05       8.9152e-07
 8.5000e+00       2.8900e+00       6.4094e-01       1.2293e-02       3.2981e-03       2.8174e-03       3.2458e-05       2.1461e-06
 8.5000e+00       2.8900e+00       6.5094e-01       1.1875e-02       3.3169e-03       2.8380e-03       3.5592e-05       3.4542e-06
 8.5000e+00       2.8900e+00       6.6094e-01       1.1476e-02       3.3354e-03       2.8537e-03       3.8643e-05       4.8099e-06
 8.5000e+00       2.8900e+00       6.7094e-01       1.1094e-02       3.3536e-03       2.8649e-03       4.1591e-05       6.2077e-06
 8.5000e+00       2.8900e+00       6.8094e-01       1.0728e-02       3.3715e-03       2.8720e-03       4.4418e-05       7.6427e-06
 8.5000e+00       2.8900e+00       6.9094e-01       1.0379e-02       3.3891e-03       2.8757e-03       4.7109e-05       9.1101e-06
 8.5000e+00       2.8900e+00       7.0094e-01       1.0044e-02       3.4065e-03       2.8761e-03       4.9652e-05       1.0606e-05
 8.5000e+00       2.8900e+00       7.1094e-01       9.7227e-03       3.4235e-03       2.8736e-03       5.2033e-05       1.2125e-05
 8.5000e+00       2.8900e+00       7.2094e-01       9.4152e-03       3.4401e-03       2.8685e-03       5.4245e-05       1.3665e-05
 8.5000e+00       2.8900e+00       7.3094e-01       9.1204e-03       3.4564e-03       2.8612e-03       5.6277e-05       1.5221e-05
 8.5000e+00       2.8900e+00       7.4094e-01       8.8376e-03       3.4724e-03       2.8517e-03       5.8124e-05       1.6790e-05
 8.5000e+00       2.8900e+00       7.5094e-01       8.5663e-03       3.4879e-03       2.8403e-03       5.9779e-05       1.8368e-05
 8.5000e+00       2.8900e+00       7.6094e-01       8.3060e-03       3.5032e-03       2.8272e-03       6.1237e-05       1.9953e-05
 8.5000e+00       2.8900e+00       7.7094e-01       8.0561e-03       3.5180e-03       2.8125e-03       6.2496e-05       2.1541e-05
 8.5000e+00       2.8900e+00       7.8094e-01       7.8161e-03       3.5325e-03       2.7965e-03       6.3550e-05       2.3130e-05
 8.5000e+00       2.8900e+00       7.9094e-01       7.5855e-03       3.5466e-03       2.7792e-03       6.4400e-05       2.4715e-05
 8.5000e+00       2.8900e+00       8.0094e-01       7.3639e-03       3.5603e-03       2.7608e-03       6.5042e-05       2.6296e-05
 8.5000e+00       2.8900e+00       8.1094e-01       7.1509e-03       3.5736e-03       2.7414e-03       6.5478e-05       2.7868e-05
 8.5000e+00       2.8900e+00       8.2094e-01       6.9461e-03       3.5866e-03       2.7211e-03       6.5705e-05       2.9429e-05
 8.5000e+00       2.8900e+00       8.3094e-01       6.7491e-03       3.5991e-03       2.6999e-03       6.5726e-05       3.0978e-05
 8.5000e+00       2.8900e+00       8.4094e-01       6.5595e-03       3.6113e-03       2.6781e-03       6.5540e-05       3.2511e-05
 8.5000e+00       2.8900e+00       8.5094e-01       6.3771e-03       3.6231e-03       2.6556e-03       6.5149e-05       3.4025e-05
 8.5000e+00       2.8900e+00       8.6094e-01       6.2015e-03       3.6346e-03       2.6326e-03       6.4554e-05       3.5520e-05
 8.5000e+00       2.8900e+00       8.7094e-01       6.0324e-03       3.6457e-03       2.6090e-03       6.3759e-05       3.6993e-05
 8.5000e+00       2.8900e+00       8.8094e-01       5.8695e-03       3.6564e-03       2.5850e-03       6.2764e-05       3.8441e-05
 8.5000e+00       2.8900e+00       8.9094e-01       5.7126e-03       3.6667e-03       2.5607e-03       6.1574e-05       3.9863e-05
 8.5000e+00       2.8900e+00       9.0094e-01       5.5614e-03       3.6767e-03       2.5360e-03       6.0189e-05       4.1256e-05
 8.5000e+00       2.8900e+00       9.1094e-01       5.4156e-03       3.6863e-03       2.5110e-03       5.8615e-05       4.2619e-05
 8.5000e+00       2.8900e+00       9.2094e-01       5.2751e-03       3.6956e-03       2.4858e-03       5.6853e-05       4.3951e-05
 8.5000e+00       2.8900e+00       9.3094e-01       5.1395e-03       3.7046e-03       2.4604e-03       5.4907e-05       4.5249e-05
 8.5000e+00       2.8900e+00       9.4094e-01       5.0087e-03       3.7132e-03       2.4348e-03       5.2781e-05       4.6511e-05
 8.5000e+00       2.8900e+00       9.5094e-01       4.8825e-03       3.7214e-03       2.4091e-03       5.0478e-05       4.7737e-05
 8.5000e+00       2.8900e+00       9.6094e-01       4.7607e-03       3.7294e-03       2.3833e-03       4.8002e-05       4.8924e-05
 8.5000e+00       2.8900e+00       9.7094e-01       4.6432e-03       3.7370e-03       2.3575e-03       4.5357e-05       5.0072e-05
 8.5000e+00       2.8900e+00       9.8094e-01       4.5296e-03       3.7443e-03       2.3316e-03       4.2547e-05       5.1179e-05
 8.5000e+00       2.8900e+00       9.9094e-01       4.4200e-03       3.7513e-03       2.3057e-03       3.9575e-05       5.2244e-05
 8.5000e+00       2.8900e+00       1.0009e+00       4.3141e-03       3.7580e-03       2.2799e-03       3.6446e-05       5.3265e-05
 8.5000e+00       2.8900e+00       1.0109e+00       4.2118e-03       3.7644e-03       2.2540e-03       3.3163e-05       5.4242e-05
 8.5000e+00       2.8900e+00       1.0209e+00       4.1129e-03       3.7706e-03       2.2283e-03       2.9731e-05       5.5174e-05
 8.5000e+00       2.8900e+00       1.0309e+00       4.0173e-03       3.7764e-03       2.2025e-03       2.6153e-05       5.6059e-05
 8.5000e+00       2.8900e+00       1.0409e+00       3.9248e-03       3.7820e-03       2.1769e-03       2.2434e-05       5.6897e-05
 8.5000e+00       2.8900e+00       1.0509e+00       3.8354e-03       3.7873e-03       2.1514e-03       1.8577e-05       5.7686e-05
 8.5000e+00       2.8900e+00       1.0609e+00       3.7490e-03       3.7924e-03       2.1260e-03       1.4586e-05       5.8427e-05
 8.5000e+00       2.8900e+00       1.0709e+00       3.6654e-03       3.7972e-03       2.1007e-03       1.0466e-05       5.9119e-05
 8.5000e+00       2.8900e+00       1.0809e+00       3.5844e-03       3.8017e-03       2.0755e-03       6.2202e-06       5.9760e-05
 8.5000e+00       2.8900e+00       1.0909e+00       3.5061e-03       3.8061e-03       2.0505e-03       1.8522e-06       6.0351e-05
 8.5000e+00       2.8900e+00       1.1009e+00       3.4303e-03       3.8102e-03       2.0256e-03      -2.6339e-06       6.0890e-05
 8.5000e+00       2.8900e+00       1.1109e+00       3.3569e-03       3.8141e-03       2.0010e-03      -7.2346e-06       6.1379e-05
 8.5000e+00       2.8900e+00       1.1209e+00       3.2858e-03       3.8178e-03       1.9765e-03      -1.1946e-05       6.1815e-05
 8.5000e+00       2.8900e+00       1.1309e+00       3.2170e-03       3.8212e-03       1.9521e-03      -1.6764e-05       6.2200e-05
 8.5000e+00       2.8900e+00       1.1409e+00       3.1503e-03       3.8245e-03       1.9280e-03      -2.1686e-05       6.2532e-05
 8.5000e+00       2.8900e+00       1.1509e+00       3.0857e-03       3.8276e-03       1.9040e-03      -2.6708e-05       6.2812e-05
 8.5000e+00       2.8900e+00       1.1609e+00       3.0231e-03       3.8305e-03       1.8803e-03      -3.1826e-05       6.3040e-05
 8.5000e+00       2.8900e+00       1.1709e+00       2.9624e-03       3.8332e-03       1.8567e-03      -3.7037e-05       6.3216e-05
 8.5000e+00       2.8900e+00       1.1809e+00       2.9036e-03       3.8358e-03       1.8333e-03      -4.2338e-05       6.3339e-05
 8.5000e+00       2.8900e+00       1.1909e+00       2.8465e-03       3.8382e-03       1.8102e-03      -4.7725e-05       6.3410e-05
 8.5000e+00       2.8900e+00       1.2009e+00       2.7912e-03       3.8404e-03       1.7873e-03      -5.3195e-05       6.3429e-05
 8.5000e+00       2.8900e+00       1.2109e+00       2.7376e-03       3.8425e-03       1.7645e-03      -5.8745e-05       6.3396e-05
 8.5000e+00       2.8900e+00       1.2209e+00       2.6856e-03       3.8444e-03       1.7420e-03      -6.4372e-05       6.3312e-05
 8.5000e+00       2.8900e+00       1.2309e+00       2.6351e-03       3.8462e-03       1.7197e-03      -7.0073e-05       6.3177e-05
 8.5000e+00       2.8900e+00       1.2409e+00       2.5861e-03       3.8479e-03       1.6977e-03      -7.5844e-05       6.2991e-05
 8.5000e+00       2.8900e+00       1.2509e+00       2.5385e-03       3.8495e-03       1.6758e-03      -8.1684e-05       6.2755e-05
 8.5000e+00       2.8900e+00       1.2609e+00       2.4924e-03       3.8509e-03       1.6542e-03      -8.7589e-05       6.2469e-05
 8.5000e+00       2.8900e+00       1.2709e+00       2.4476e-03       3.8523e-03       1.6327e-03      -9.3556e-05       6.2134e-05
 8.5000e+00       2.8900e+00       1.2809e+00       2.4041e-03       3.8535e-03       1.6116e-03      -9.9584e-05       6.1750e-05
 8.5000e+00       2.8900e+00       1.2909e+00       2.3618e-03       3.8546e-03       1.5906e-03      -1.0567e-04       6.1319e-05
 8.5000e+00       2.8900e+00       1.3009e+00       2.3208e-03       3.8556e-03       1.5698e-03      -1.1181e-04       6.0840e-05
 8.5000e+00       2.8900e+00       1.3109e+00       2.2809e-03       3.8566e-03       1.5493e-03      -1.1800e-04       6.0315e-05
 8.5000e+00       2.8900e+00       1.3209e+00       2.2421e-03       3.8574e-03       1.5290e-03      -1.2424e-04       5.9744e-05
 8.5000e+00       2.8900e+00       1.3309e+00       2.2045e-03       3.8582e-03       1.5089e-03      -1.3052e-04       5.9128e-05
 8.5000e+00       2.8900e+00       1.3409e+00       2.1679e-03       3.8589e-03       1.4890e-03      -1.3686e-04       5.8468e-05
 8.5000e+00       2.8900e+00       1.3509e+00       2.1323e-03       3.8595e-03       1.4693e-03      -1.4323e-04       5.7765e-05
 8.5000e+00       2.8900e+00       1.3609e+00       2.0977e-03       3.8601e-03       1.4499e-03      -1.4965e-04       5.7020e-05
 8.5000e+00       2.8900e+00       1.3709e+00       2.0641e-03       3.8606e-03       1.4306e-03      -1.5610e-04       5.6233e-05
 8.5000e+00       2.8900e+00       1.3809e+00       2.0314e-03       3.8611e-03       1.4116e-03      -1.6259e-04       5.5406e-05
 8.5000e+00       2.8900e+00       1.3909e+00       1.9996e-03       3.8615e-03       1.3928e-03      -1.6912e-04       5.4539e-05
 8.5000e+00       2.8900e+00       1.4009e+00       1.9687e-03       3.8618e-03       1.3742e-03      -1.7568e-04       5.3635e-05
 8.5000e+00       2.8900e+00       1.4109e+00       1.9386e-03       3.8621e-03       1.3558e-03      -1.8226e-04       5.2693e-05
 8.5000e+00       2.8900e+00       1.4209e+00       1.9092e-03       3.8624e-03       1.3376e-03      -1.8888e-04       5.1714e-05
 8.5000e+00       2.8900e+00       1.4309e+00       1.8807e-03       3.8627e-03       1.3196e-03      -1.9552e-04       5.0701e-05
 8.5000e+00       2.8900e+00       1.4409e+00       1.8530e-03       3.8629e-03       1.3018e-03      -2.0219e-04       4.9654e-05
 8.5000e+00       2.8900e+00       1.4509e+00       1.8259e-03       3.8631e-03       1.2842e-03      -2.0888e-04       4.8575e-05
 8.5000e+00       2.8900e+00       1.4609e+00       1.7996e-03       3.8632e-03       1.2668e-03      -2.1560e-04       4.7463e-05
 8.5000e+00       2.8900e+00       1.4709e+00       1.7740e-03       3.8633e-03       1.2496e-03      -2.2233e-04       4.6322e-05
 8.5000e+00       2.8900e+00       1.4809e+00       1.7490e-03       3.8635e-03       1.2326e-03      -2.2909e-04       4.5151e-05
 8.5000e+00       2.8900e+00       1.4909e+00       1.7247e-03       3.8636e-03       1.2158e-03      -2.3586e-04       4.3952e-05
 8.5000e+00       2.8900e+00       1.5009e+00       1.7010e-03       3.8636e-03       1.1992e-03      -2.4264e-04       4.2727e-05
 8.5000e+00       2.8900e+00       1.5109e+00       1.6780e-03       3.8637e-03       1.1828e-03      -2.4945e-04       4.1476e-05
 8.5000e+00       2.8900e+00       1.5209e+00       1.6555e-03       3.8638e-03       1.1665e-03      -2.5626e-04       4.0201e-05
 8.5000e+00       2.8900e+00       1.5309e+00       1.6335e-03       3.8638e-03       1.1505e-03      -2.6309e-04       3.8903e-05
 8.5000e+00       2.8900e+00       1.5409e+00       1.6122e-03       3.8639e-03       1.1346e-03      -2.6992e-04       3.7584e-05
 8.5000e+00       2.8900e+00       1.5509e+00       1.5913e-03       3.8639e-03       1.1189e-03      -2.7677e-04       3.6244e-05
 8.5000e+00       2.8900e+00       1.5609e+00       1.5710e-03       3.8640e-03       1.1034e-03      -2.8362e-04       3.4885e-05
 8.5000e+00       2.8900e+00       1.5709e+00       1.5512e-03       3.8640e-03       1.0880e-03      -2.9048e-04       3.3508e-05
 8.5000e+00       2.8900e+00       1.5809e+00       1.5318e-03       3.8641e-03       1.0728e-03      -2.9735e-04       3.2115e-05
 8.5000e+00       2.8900e+00       1.5909e+00       1.5130e-03       3.8641e-03       1.0578e-03      -3.0422e-04       3.0707e-05
 8.5000e+00       2.8900e+00       1.6009e+00       1.4946e-03       3.8642e-03       1.0430e-03      -3.1110e-04       2.9285e-05
 8.5000e+00       2.8900e+00       1.6109e+00       1.4766e-03       3.8642e-03       1.0283e-03      -3.1798e-04       2.7850e-05
 8.5000e+00       2.8900e+00       1.6209e+00       1.4591e-03       3.8643e-03       1.0138e-03      -3.2486e-04       2.6404e-05
 8.5000e+00       2.8900e+00       1.6309e+00       1.4420e-03       3.8644e-03       9.9946e-04      -3.3174e-04       2.4948e-05
 8.5000e+00       2.8900e+00       1.6409e+00       1.4252e-03       3.8645e-03       9.8527e-04      -3.3862e-04       2.3483e-05
