 9.5000e+00       2.8900e+00       5.7541e-01       1.3338e-02       1.8263e-03       0.0000e+00       0.0000e+00       0.0000e+00
 9.5000e+00       2.8900e+00       5.8541e-01       1.2859e-02       1.8475e-03       6.6019e-04       2.9891e-06      -8.8393e-07
 9.5000e+00       2.8900e+00       5.9541e-01       1.2402e-02       1.8685e-03       9.1090e-04       6.1432e-06      -9.1457e-07
 9.5000e+00       2.8900e+00       6.0541e-01       1.1966e-02       1.8894e-03       1.0886e-03       9.4245e-06      -7.1585e-07
 9.5000e+00       2.8900e+00       6.1541e-01       1.1549e-02       1.9101e-03       1.2268e-03       1.2799e-05      -3.6734e-07
 9.5000e+00       2.8900e+00       6.2541e-01       1.1152e-02       1.9305e-03       1.3389e-03       1.6236e-05       9.4355e-08
 9.5000e+00       2.8900e+00       6.3541e-01       1.0773e-02       1.9507e-03       1.4319e-03       1.9708e-05       6.4745e-07
 9.5000e+00       2.8900e+00       6.4541e-01       1.0410e-02       1.9706e-03       1.5102e-03       2.3190e-05       1.2771e-06
 9.5000e+00       2.8900e+00       6.5541e-01       1.0064e-02       1.9903e-03       1.5766e-03       2.6660e-05       1.9723e-06
 9.5000e+00       2.8900e+00       6.6541e-01       9.7322e-03       2.0097e-03       1.6334e-03       3.0098e-05       2.7245e-06
 9.5000e+00       2.8900e+00       6.7541e-01       9.4150e-03       2.0289e-03       1.6819e-03       3.3486e-05       3.5266e-06
 9.5000e+00       2.8900e+00       6.8541e-01       9.1113e-03       2.0477e-03       1.7235e-03       3.6809e-05       4.3727e-06
 9.5000e+00       2.8900e+00       6.9541e-01       8.8205e-03       2.0662e-03       1.7590e-03       4.0053e-05       5.2577e-06
 9.5000e+00       2.8900e+00       7.0541e-01       8.5419e-03       2.0844e-03       1.7892e-03       4.3205e-05       6.1769e-06
 9.5000e+00       2.8900e+00       7.1541e-01       8.2749e-03       2.1023e-03       1.8148e-03       4.6254e-05       7.1264e-06
 9.5000e+00       2.8900e+00       7.2541e-01       8.0188e-03       2.1199e-03       1.8364e-03       4.9191e-05       8.1023e-06
 9.5000e+00       2.8900e+00       7.3541e-01       7.7733e-03       2.1372e-03       1.8543e-03       5.2007e-05       9.1013e-06
 9.5000e+00       2.8900e+00       7.4541e-01       7.5377e-03       2.1541e-03       1.8689e-03       5.4694e-05       1.0120e-05
 9.5000e+00       2.8900e+00       7.5541e-01       7.3115e-03       2.1707e-03       1.8806e-03       5.7247e-05       1.1156e-05
 9.5000e+00       2.8900e+00       7.6541e-01       7.0944e-03       2.1869e-03       1.8897e-03       5.9660e-05       1.2206e-05
 9.5000e+00       2.8900e+00       7.7541e-01       6.8858e-03       2.2028e-03       1.8964e-03       6.1929e-05       1.3267e-05
 9.5000e+00       2.8900e+00       7.8541e-01       6.6854e-03       2.2184e-03       1.9010e-03       6.4049e-05       1.4337e-05
 9.5000e+00       2.8900e+00       7.9541e-01       6.4928e-03       2.2336e-03       1.9037e-03       6.6018e-05       1.5413e-05
 9.5000e+00       2.8900e+00       8.0541e-01       6.3077e-03       2.2485e-03       1.9046e-03       6.7833e-05       1.6494e-05
 9.5000e+00       2.8900e+00       8.1541e-01       6.1296e-03       2.2631e-03       1.9039e-03       6.9492e-05       1.7576e-05
 9.5000e+00       2.8900e+00       8.2541e-01       5.9582e-03       2.2773e-03       1.9018e-03       7.0994e-05       1.8658e-05
 9.5000e+00       2.8900e+00       8.3541e-01       5.7934e-03       2.2912e-03       1.8984e-03       7.2339e-05       1.9738e-05
 9.5000e+00       2.8900e+00       8.4541e-01       5.6346e-03       2.3048e-03       1.8938e-03       7.3524e-05       2.0813e-05
 9.5000e+00       2.8900e+00       8.5541e-01       5.4818e-03       2.3180e-03       1.8881e-03       7.4552e-05       2.1881e-05
 9.5000e+00       2.8900e+00       8.6541e-01       5.3346e-03       2.3310e-03       1.8814e-03       7.5421e-05       2.2942e-05
 9.5000e+00       2.8900e+00       8.7541e-01       5.1928e-03       2.3435e-03       1.8738e-03       7.6132e-05       2.3992e-05
 9.5000e+00       2.8900e+00       8.8541e-01       5.0561e-03       2.3558e-03       1.8654e-03       7.6687e-05       2.5031e-05
 9.5000e+00       2.8900e+00       8.9541e-01       4.9244e-03       2.3678e-03       1.8562e-03       7.7086e-05       2.6055e-05
 9.5000e+00       2.8900e+00       9.0541e-01       4.7973e-03       2.3794e-03       1.8463e-03       7.7331e-05       2.7065e-05
 9.5000e+00       2.8900e+00       9.1541e-01       4.6748e-03       2.3907e-03       1.8359e-03       7.7423e-05       2.8058e-05
 9.5000e+00       2.8900e+00       9.2541e-01       4.5566e-03       2.4018e-03       1.8249e-03       7.7365e-05       2.9033e-05
 9.5000e+00       2.8900e+00       9.3541e-01       4.4426e-03       2.4125e-03       1.8134e-03       7.7157e-05       2.9988e-05
 9.5000e+00       2.8900e+00       9.4541e-01       4.3325e-03       2.4229e-03       1.8014e-03       7.6803e-05       3.0922e-05
 9.5000e+00       2.8900e+00       9.5541e-01       4.2262e-03       2.4331e-03       1.7890e-03       7.6305e-05       3.1834e-05
 9.5000e+00       2.8900e+00       9.6541e-01       4.1236e-03       2.4430e-03       1.7763e-03       7.5664e-05       3.2722e-05
 9.5000e+00       2.8900e+00       9.7541e-01       4.0244e-03       2.4526e-03       1.7632e-03       7.4883e-05       3.3585e-05
 9.5000e+00       2.8900e+00       9.8541e-01       3.9287e-03       2.4619e-03       1.7498e-03       7.3965e-05       3.4422e-05
 9.5000e+00       2.8900e+00       9.9541e-01       3.8361e-03       2.4710e-03       1.7362e-03       7.2913e-05       3.5231e-05
 9.5000e+00       2.8900e+00       1.0054e+00       3.7467e-03       2.4798e-03       1.7223e-03       7.1728e-05       3.6013e-05
 9.5000e+00       2.8900e+00       1.0154e+00       3.6602e-03       2.4883e-03       1.7082e-03       7.0414e-05       3.6765e-05
 9.5000e+00       2.8900e+00       1.0254e+00       3.5766e-03       2.4966e-03       1.6939e-03       6.8973e-05       3.7486e-05
 9.5000e+00       2.8900e+00       1.0354e+00       3.4957e-03       2.5047e-03       1.6795e-03       6.7408e-05       3.8177e-05
 9.5000e+00       2.8900e+00       1.0454e+00       3.4174e-03       2.5125e-03       1.6650e-03       6.5722e-05       3.8836e-05
 9.5000e+00       2.8900e+00       1.0554e+00       3.3417e-03       2.5201e-03       1.6503e-03       6.3918e-05       3.9462e-05
 9.5000e+00       2.8900e+00       1.0654e+00       3.2685e-03       2.5274e-03       1.6355e-03       6.1998e-05       4.0054e-05
 9.5000e+00       2.8900e+00       1.0754e+00       3.1976e-03       2.5346e-03       1.6207e-03       5.9966e-05       4.0613e-05
 9.5000e+00       2.8900e+00       1.0854e+00       3.1289e-03       2.5415e-03       1.6058e-03       5.7823e-05       4.1136e-05
 9.5000e+00       2.8900e+00       1.0954e+00       3.0624e-03       2.5483e-03       1.5908e-03       5.5574e-05       4.1625e-05
 9.5000e+00       2.8900e+00       1.1054e+00       2.9980e-03       2.5548e-03       1.5759e-03       5.3220e-05       4.2077e-05
 9.5000e+00       2.8900e+00       1.1154e+00       2.9356e-03       2.5611e-03       1.5609e-03       5.0764e-05       4.2493e-05
 9.5000e+00       2.8900e+00       1.1254e+00       2.8752e-03       2.5673e-03       1.5459e-03       4.8209e-05       4.2873e-05
 9.5000e+00       2.8900e+00       1.1354e+00       2.8166e-03       2.5733e-03       1.5309e-03       4.5559e-05       4.3216e-05
 9.5000e+00       2.8900e+00       1.1454e+00       2.7598e-03       2.5791e-03       1.5159e-03       4.2815e-05       4.3521e-05
 9.5000e+00       2.8900e+00       1.1554e+00       2.7048e-03       2.5847e-03       1.5009e-03       3.9980e-05       4.3789e-05
 9.5000e+00       2.8900e+00       1.1654e+00       2.6514e-03       2.5902e-03       1.4860e-03       3.7056e-05       4.4019e-05
 9.5000e+00       2.8900e+00       1.1754e+00       2.5996e-03       2.5955e-03       1.4711e-03       3.4048e-05       4.4211e-05
 9.5000e+00       2.8900e+00       1.1854e+00       2.5494e-03       2.6006e-03       1.4562e-03       3.0956e-05       4.4366e-05
 9.5000e+00       2.8900e+00       1.1954e+00       2.5007e-03       2.6057e-03       1.4414e-03       2.7784e-05       4.4482e-05
 9.5000e+00       2.8900e+00       1.2054e+00       2.4535e-03       2.6105e-03       1.4267e-03       2.4533e-05       4.4560e-05
 9.5000e+00       2.8900e+00       1.2154e+00       2.4076e-03       2.6153e-03       1.4121e-03       2.1207e-05       4.4601e-05
 9.5000e+00       2.8900e+00       1.2254e+00       2.3631e-03       2.6199e-03       1.3975e-03       1.7808e-05       4.4603e-05
 9.5000e+00       2.8900e+00       1.2354e+00       2.3198e-03       2.6243e-03       1.3829e-03       1.4338e-05       4.4568e-05
 9.5000e+00       2.8900e+00       1.2454e+00       2.2779e-03       2.6287e-03       1.3685e-03       1.0799e-05       4.4495e-05
 9.5000e+00       2.8900e+00       1.2554e+00       2.2371e-03       2.6330e-03       1.3542e-03       7.1936e-06       4.4384e-05
 9.5000e+00       2.8900e+00       1.2654e+00       2.1975e-03       2.6371e-03       1.3399e-03       3.5244e-06       4.4237e-05
 9.5000e+00       2.8900e+00       1.2754e+00       2.1591e-03       2.6411e-03       1.3257e-03      -2.0678e-07       4.4053e-05
 9.5000e+00       2.8900e+00       1.2854e+00       2.1217e-03       2.6451e-03       1.3116e-03      -3.9978e-06       4.3833e-05
 9.5000e+00       2.8900e+00       1.2954e+00       2.0854e-03       2.6489e-03       1.2977e-03      -7.8465e-06       4.3576e-05
 9.5000e+00       2.8900e+00       1.3054e+00       2.0501e-03       2.6527e-03       1.2838e-03      -1.1751e-05       4.3284e-05
 9.5000e+00       2.8900e+00       1.3154e+00       2.0158e-03       2.6563e-03       1.2700e-03      -1.5709e-05       4.2956e-05
 9.5000e+00       2.8900e+00       1.3254e+00       1.9825e-03       2.6599e-03       1.2563e-03      -1.9719e-05       4.2594e-05
 9.5000e+00       2.8900e+00       1.3354e+00       1.9501e-03       2.6634e-03       1.2427e-03      -2.3779e-05       4.2198e-05
 9.5000e+00       2.8900e+00       1.3454e+00       1.9185e-03       2.6669e-03       1.2293e-03      -2.7886e-05       4.1767e-05
 9.5000e+00       2.8900e+00       1.3554e+00       1.8879e-03       2.6702e-03       1.2159e-03      -3.2040e-05       4.1304e-05
 9.5000e+00       2.8900e+00       1.3654e+00       1.8580e-03       2.6735e-03       1.2027e-03      -3.6238e-05       4.0809e-05
 9.5000e+00       2.8900e+00       1.3754e+00       1.8290e-03       2.6768e-03       1.1895e-03      -4.0479e-05       4.0281e-05
 9.5000e+00       2.8900e+00       1.3854e+00       1.8008e-03       2.6800e-03       1.1765e-03      -4.4761e-05       3.9723e-05
 9.5000e+00       2.8900e+00       1.3954e+00       1.7733e-03       2.6831e-03       1.1636e-03      -4.9082e-05       3.9134e-05
 9.5000e+00       2.8900e+00       1.4054e+00       1.7465e-03       2.6862e-03       1.1508e-03      -5.3441e-05       3.8515e-05
 9.5000e+00       2.8900e+00       1.4154e+00       1.7204e-03       2.6892e-03       1.1381e-03      -5.7836e-05       3.7867e-05
 9.5000e+00       2.8900e+00       1.4254e+00       1.6951e-03       2.6922e-03       1.1255e-03      -6.2265e-05       3.7191e-05
 9.5000e+00       2.8900e+00       1.4354e+00       1.6704e-03       2.6951e-03       1.1130e-03      -6.6728e-05       3.6488e-05
 9.5000e+00       2.8900e+00       1.4454e+00       1.6463e-03       2.6980e-03       1.1007e-03      -7.1223e-05       3.5758e-05
 9.5000e+00       2.8900e+00       1.4554e+00       1.6229e-03       2.7009e-03       1.0884e-03      -7.5747e-05       3.5002e-05
 9.5000e+00       2.8900e+00       1.4654e+00       1.6000e-03       2.7038e-03       1.0763e-03      -8.0301e-05       3.4221e-05
 9.5000e+00       2.8900e+00       1.4754e+00       1.5778e-03       2.7066e-03       1.0643e-03      -8.4883e-05       3.3416e-05
 9.5000e+00       2.8900e+00       1.4854e+00       1.5561e-03       2.7094e-03       1.0524e-03      -8.9490e-05       3.2587e-05
 9.5000e+00       2.8900e+00       1.4954e+00       1.5350e-03       2.7121e-03       1.0406e-03      -9.4123e-05       3.1737e-05
 9.5000e+00       2.8900e+00       1.5054e+00       1.5144e-03       2.7148e-03       1.0289e-03      -9.8780e-05       3.0864e-05
 9.5000e+00       2.8900e+00       1.5154e+00       1.4943e-03       2.7176e-03       1.0173e-03      -1.0346e-04       2.9972e-05
 9.5000e+00       2.8900e+00       1.5254e+00       1.4747e-03       2.7203e-03       1.0058e-03      -1.0816e-04       2.9059e-05
 9.5000e+00       2.8900e+00       1.5354e+00       1.4556e-03       2.7229e-03       9.9444e-04      -1.1288e-04       2.8128e-05
 9.5000e+00       2.8900e+00       1.5454e+00       1.4369e-03       2.7256e-03       9.8319e-04      -1.1762e-04       2.7179e-05
 9.5000e+00       2.8900e+00       1.5554e+00       1.4188e-03       2.7282e-03       9.7204e-04      -1.2238e-04       2.6214e-05
 9.5000e+00       2.8900e+00       1.5654e+00       1.4010e-03       2.7309e-03       9.6100e-04      -1.2716e-04       2.5232e-05
 9.5000e+00       2.8900e+00       1.5754e+00       1.3837e-03       2.7335e-03       9.5006e-04      -1.3195e-04       2.4236e-05
 9.5000e+00       2.8900e+00       1.5854e+00       1.3668e-03       2.7361e-03       9.3923e-04      -1.3675e-04       2.3226e-05
 9.5000e+00       2.8900e+00       1.5954e+00       1.3504e-03       2.7387e-03       9.2850e-04      -1.4158e-04       2.2202e-05
 9.5000e+00       2.8900e+00       1.6054e+00       1.3343e-03       2.7413e-03       9.1788e-04      -1.4641e-04       2.1167e-05
 9.5000e+00       2.8900e+00       1.6154e+00       1.3186e-03       2.7439e-03       9.0735e-04      -1.5126e-04       2.0121e-05
 9.5000e+00       2.8900e+00       1.6254e+00       1.3032e-03       2.7465e-03       8.9693e-04      -1.5612e-04       1.9064e-05
 9.5000e+00       2.8900e+00       1.6354e+00       1.2882e-03       2.7491e-03       8.8661e-04      -1.6098e-04       1.7999e-05
 9.5000e+00       2.8900e+00       1.6454e+00       1.2736e-03       2.7517e-03       8.7639e-04      -1.6586e-04       1.6925e-05
