 1.0000e+01       2.8900e+00       6.1853e-01       1.0598e-02       1.4505e-03       0.0000e+00       0.0000e+00       0.0000e+00
 1.0000e+01       2.8900e+00       6.2853e-01       1.0236e-02       1.4705e-03       5.2976e-04       3.4565e-06       9.3036e-08
 1.0000e+01       2.8900e+00       6.3853e-01       9.8910e-03       1.4903e-03       7.3185e-04       6.9596e-06       3.9191e-07
 1.0000e+01       2.8900e+00       6.4853e-01       9.5610e-03       1.5098e-03       8.7571e-04       1.0486e-05       7.9403e-07
 1.0000e+01       2.8900e+00       6.5853e-01       9.2455e-03       1.5291e-03       9.8807e-04       1.4017e-05       1.2739e-06
 1.0000e+01       2.8900e+00       6.6853e-01       8.9437e-03       1.5480e-03       1.0796e-03       1.7532e-05       1.8172e-06
 1.0000e+01       2.8900e+00       6.7853e-01       8.6548e-03       1.5667e-03       1.1560e-03       2.1015e-05       2.4140e-06
 1.0000e+01       2.8900e+00       6.8853e-01       8.3782e-03       1.5851e-03       1.2206e-03       2.4452e-05       3.0571e-06
 1.0000e+01       2.8900e+00       6.9853e-01       8.1132e-03       1.6032e-03       1.2758e-03       2.7829e-05       3.7405e-06
 1.0000e+01       2.8900e+00       7.0853e-01       7.8593e-03       1.6210e-03       1.3232e-03       3.1135e-05       4.4594e-06
 1.0000e+01       2.8900e+00       7.1853e-01       7.6159e-03       1.6385e-03       1.3640e-03       3.4360e-05       5.2096e-06
 1.0000e+01       2.8900e+00       7.2853e-01       7.3825e-03       1.6557e-03       1.3993e-03       3.7493e-05       5.9874e-06
 1.0000e+01       2.8900e+00       7.3853e-01       7.1586e-03       1.6726e-03       1.4296e-03       4.0526e-05       6.7894e-06
 1.0000e+01       2.8900e+00       7.4853e-01       6.9437e-03       1.6892e-03       1.4558e-03       4.3453e-05       7.6126e-06
 1.0000e+01       2.8900e+00       7.5853e-01       6.7374e-03       1.7054e-03       1.4782e-03       4.6268e-05       8.4543e-06
 1.0000e+01       2.8900e+00       7.6853e-01       6.5393e-03       1.7214e-03       1.4973e-03       4.8964e-05       9.3116e-06
 1.0000e+01       2.8900e+00       7.7853e-01       6.3489e-03       1.7370e-03       1.5135e-03       5.1537e-05       1.0182e-05
 1.0000e+01       2.8900e+00       7.8853e-01       6.1660e-03       1.7523e-03       1.5270e-03       5.3984e-05       1.1064e-05
 1.0000e+01       2.8900e+00       7.9853e-01       5.9901e-03       1.7674e-03       1.5382e-03       5.6300e-05       1.1954e-05
 1.0000e+01       2.8900e+00       8.0853e-01       5.8210e-03       1.7820e-03       1.5472e-03       5.8483e-05       1.2852e-05
 1.0000e+01       2.8900e+00       8.1853e-01       5.6583e-03       1.7964e-03       1.5543e-03       6.0532e-05       1.3753e-05
 1.0000e+01       2.8900e+00       8.2853e-01       5.5018e-03       1.8105e-03       1.5596e-03       6.2443e-05       1.4658e-05
 1.0000e+01       2.8900e+00       8.3853e-01       5.3511e-03       1.8243e-03       1.5634e-03       6.4217e-05       1.5563e-05
 1.0000e+01       2.8900e+00       8.4853e-01       5.2060e-03       1.8377e-03       1.5657e-03       6.5852e-05       1.6467e-05
 1.0000e+01       2.8900e+00       8.5853e-01       5.0663e-03       1.8509e-03       1.5667e-03       6.7347e-05       1.7368e-05
 1.0000e+01       2.8900e+00       8.6853e-01       4.9317e-03       1.8637e-03       1.5665e-03       6.8702e-05       1.8265e-05
 1.0000e+01       2.8900e+00       8.7853e-01       4.8019e-03       1.8763e-03       1.5652e-03       6.9918e-05       1.9155e-05
 1.0000e+01       2.8900e+00       8.8853e-01       4.6769e-03       1.8886e-03       1.5629e-03       7.0995e-05       2.0038e-05
 1.0000e+01       2.8900e+00       8.9853e-01       4.5563e-03       1.9006e-03       1.5597e-03       7.1934e-05       2.0912e-05
 1.0000e+01       2.8900e+00       9.0853e-01       4.4401e-03       1.9122e-03       1.5557e-03       7.2735e-05       2.1774e-05
 1.0000e+01       2.8900e+00       9.1853e-01       4.3279e-03       1.9237e-03       1.5509e-03       7.3400e-05       2.2625e-05
 1.0000e+01       2.8900e+00       9.2853e-01       4.2197e-03       1.9348e-03       1.5454e-03       7.3929e-05       2.3462e-05
 1.0000e+01       2.8900e+00       9.3853e-01       4.1152e-03       1.9456e-03       1.5392e-03       7.4325e-05       2.4284e-05
 1.0000e+01       2.8900e+00       9.4853e-01       4.0143e-03       1.9562e-03       1.5325e-03       7.4589e-05       2.5091e-05
 1.0000e+01       2.8900e+00       9.5853e-01       3.9169e-03       1.9666e-03       1.5253e-03       7.4722e-05       2.5879e-05
 1.0000e+01       2.8900e+00       9.6853e-01       3.8229e-03       1.9766e-03       1.5175e-03       7.4726e-05       2.6649e-05
 1.0000e+01       2.8900e+00       9.7853e-01       3.7320e-03       1.9864e-03       1.5094e-03       7.4604e-05       2.7400e-05
 1.0000e+01       2.8900e+00       9.8853e-01       3.6442e-03       1.9960e-03       1.5008e-03       7.4357e-05       2.8129e-05
 1.0000e+01       2.8900e+00       9.9853e-01       3.5593e-03       2.0053e-03       1.4919e-03       7.3987e-05       2.8837e-05
 1.0000e+01       2.8900e+00       1.0085e+00       3.4772e-03       2.0144e-03       1.4826e-03       7.3497e-05       2.9522e-05
 1.0000e+01       2.8900e+00       1.0185e+00       3.3979e-03       2.0233e-03       1.4731e-03       7.2889e-05       3.0183e-05
 1.0000e+01       2.8900e+00       1.0285e+00       3.3211e-03       2.0319e-03       1.4632e-03       7.2164e-05       3.0819e-05
 1.0000e+01       2.8900e+00       1.0385e+00       3.2469e-03       2.0403e-03       1.4532e-03       7.1326e-05       3.1430e-05
 1.0000e+01       2.8900e+00       1.0485e+00       3.1750e-03       2.0485e-03       1.4429e-03       7.0376e-05       3.2015e-05
 1.0000e+01       2.8900e+00       1.0585e+00       3.1055e-03       2.0564e-03       1.4324e-03       6.9317e-05       3.2572e-05
 1.0000e+01       2.8900e+00       1.0685e+00       3.0382e-03       2.0642e-03       1.4217e-03       6.8152e-05       3.3102e-05
 1.0000e+01       2.8900e+00       1.0785e+00       2.9730e-03       2.0718e-03       1.4109e-03       6.6882e-05       3.3603e-05
 1.0000e+01       2.8900e+00       1.0885e+00       2.9099e-03       2.0792e-03       1.3999e-03       6.5510e-05       3.4076e-05
 1.0000e+01       2.8900e+00       1.0985e+00       2.8488e-03       2.0863e-03       1.3889e-03       6.4038e-05       3.4519e-05
 1.0000e+01       2.8900e+00       1.1085e+00       2.7896e-03       2.0933e-03       1.3777e-03       6.2469e-05       3.4931e-05
 1.0000e+01       2.8900e+00       1.1185e+00       2.7322e-03       2.1002e-03       1.3664e-03       6.0805e-05       3.5314e-05
 1.0000e+01       2.8900e+00       1.1285e+00       2.6766e-03       2.1068e-03       1.3551e-03       5.9049e-05       3.5665e-05
 1.0000e+01       2.8900e+00       1.1385e+00       2.6227e-03       2.1133e-03       1.3437e-03       5.7202e-05       3.5985e-05
 1.0000e+01       2.8900e+00       1.1485e+00       2.5704e-03       2.1196e-03       1.3322e-03       5.5267e-05       3.6274e-05
 1.0000e+01       2.8900e+00       1.1585e+00       2.5197e-03       2.1258e-03       1.3207e-03       5.3247e-05       3.6530e-05
 1.0000e+01       2.8900e+00       1.1685e+00       2.4706e-03       2.1318e-03       1.3092e-03       5.1144e-05       3.6755e-05
 1.0000e+01       2.8900e+00       1.1785e+00       2.4229e-03       2.1377e-03       1.2977e-03       4.8959e-05       3.6947e-05
 1.0000e+01       2.8900e+00       1.1885e+00       2.3767e-03       2.1434e-03       1.2861e-03       4.6695e-05       3.7107e-05
 1.0000e+01       2.8900e+00       1.1985e+00       2.3318e-03       2.1490e-03       1.2746e-03       4.4355e-05       3.7234e-05
 1.0000e+01       2.8900e+00       1.2085e+00       2.2882e-03       2.1545e-03       1.2630e-03       4.1941e-05       3.7328e-05
 1.0000e+01       2.8900e+00       1.2185e+00       2.2459e-03       2.1598e-03       1.2515e-03       3.9454e-05       3.7390e-05
 1.0000e+01       2.8900e+00       1.2285e+00       2.2049e-03       2.1650e-03       1.2400e-03       3.6897e-05       3.7420e-05
 1.0000e+01       2.8900e+00       1.2385e+00       2.1650e-03       2.1701e-03       1.2285e-03       3.4271e-05       3.7417e-05
 1.0000e+01       2.8900e+00       1.2485e+00       2.1263e-03       2.1751e-03       1.2170e-03       3.1580e-05       3.7381e-05
 1.0000e+01       2.8900e+00       1.2585e+00       2.0887e-03       2.1800e-03       1.2056e-03       2.8824e-05       3.7313e-05
 1.0000e+01       2.8900e+00       1.2685e+00       2.0521e-03       2.1848e-03       1.1942e-03       2.6006e-05       3.7213e-05
 1.0000e+01       2.8900e+00       1.2785e+00       2.0166e-03       2.1894e-03       1.1828e-03       2.3128e-05       3.7081e-05
 1.0000e+01       2.8900e+00       1.2885e+00       1.9821e-03       2.1940e-03       1.1715e-03       2.0192e-05       3.6918e-05
 1.0000e+01       2.8900e+00       1.2985e+00       1.9486e-03       2.1985e-03       1.1603e-03       1.7199e-05       3.6723e-05
 1.0000e+01       2.8900e+00       1.3085e+00       1.9160e-03       2.2030e-03       1.1491e-03       1.4151e-05       3.6497e-05
 1.0000e+01       2.8900e+00       1.3185e+00       1.8843e-03       2.2073e-03       1.1380e-03       1.1051e-05       3.6240e-05
 1.0000e+01       2.8900e+00       1.3285e+00       1.8535e-03       2.2116e-03       1.1269e-03       7.8992e-06       3.5954e-05
 1.0000e+01       2.8900e+00       1.3385e+00       1.8235e-03       2.2157e-03       1.1159e-03       4.6979e-06       3.5637e-05
 1.0000e+01       2.8900e+00       1.3485e+00       1.7943e-03       2.2199e-03       1.1049e-03       1.4490e-06       3.5290e-05
 1.0000e+01       2.8900e+00       1.3585e+00       1.7660e-03       2.2239e-03       1.0940e-03      -1.8460e-06       3.4915e-05
 1.0000e+01       2.8900e+00       1.3685e+00       1.7384e-03       2.2279e-03       1.0832e-03      -5.1856e-06       3.4511e-05
 1.0000e+01       2.8900e+00       1.3785e+00       1.7115e-03       2.2318e-03       1.0725e-03      -8.5683e-06       3.4080e-05
 1.0000e+01       2.8900e+00       1.3885e+00       1.6854e-03       2.2357e-03       1.0618e-03      -1.1992e-05       3.3621e-05
 1.0000e+01       2.8900e+00       1.3985e+00       1.6599e-03       2.2396e-03       1.0512e-03      -1.5456e-05       3.3135e-05
 1.0000e+01       2.8900e+00       1.4085e+00       1.6351e-03       2.2433e-03       1.0407e-03      -1.8959e-05       3.2622e-05
 1.0000e+01       2.8900e+00       1.4185e+00       1.6110e-03       2.2471e-03       1.0302e-03      -2.2499e-05       3.2085e-05
 1.0000e+01       2.8900e+00       1.4285e+00       1.5875e-03       2.2507e-03       1.0199e-03      -2.6074e-05       3.1522e-05
 1.0000e+01       2.8900e+00       1.4385e+00       1.5646e-03       2.2544e-03       1.0096e-03      -2.9684e-05       3.0935e-05
 1.0000e+01       2.8900e+00       1.4485e+00       1.5423e-03       2.2580e-03       9.9937e-04      -3.3327e-05       3.0324e-05
 1.0000e+01       2.8900e+00       1.4585e+00       1.5206e-03       2.2616e-03       9.8924e-04      -3.7002e-05       2.9690e-05
 1.0000e+01       2.8900e+00       1.4685e+00       1.4994e-03       2.2651e-03       9.7918e-04      -4.0707e-05       2.9034e-05
 1.0000e+01       2.8900e+00       1.4785e+00       1.4788e-03       2.2686e-03       9.6921e-04      -4.4442e-05       2.8357e-05
 1.0000e+01       2.8900e+00       1.4885e+00       1.4586e-03       2.2721e-03       9.5932e-04      -4.8204e-05       2.7658e-05
 1.0000e+01       2.8900e+00       1.4985e+00       1.4390e-03       2.2756e-03       9.4950e-04      -5.1994e-05       2.6940e-05
 1.0000e+01       2.8900e+00       1.5085e+00       1.4199e-03       2.2790e-03       9.3977e-04      -5.5810e-05       2.6203e-05
 1.0000e+01       2.8900e+00       1.5185e+00       1.4013e-03       2.2824e-03       9.3012e-04      -5.9650e-05       2.5447e-05
 1.0000e+01       2.8900e+00       1.5285e+00       1.3831e-03       2.2858e-03       9.2055e-04      -6.3514e-05       2.4673e-05
 1.0000e+01       2.8900e+00       1.5385e+00       1.3654e-03       2.2892e-03       9.1106e-04      -6.7400e-05       2.3882e-05
 1.0000e+01       2.8900e+00       1.5485e+00       1.3480e-03       2.2925e-03       9.0165e-04      -7.1309e-05       2.3076e-05
 1.0000e+01       2.8900e+00       1.5585e+00       1.3312e-03       2.2959e-03       8.9232e-04      -7.5238e-05       2.2254e-05
 1.0000e+01       2.8900e+00       1.5685e+00       1.3147e-03       2.2992e-03       8.8307e-04      -7.9186e-05       2.1418e-05
 1.0000e+01       2.8900e+00       1.5785e+00       1.2986e-03       2.3025e-03       8.7390e-04      -8.3153e-05       2.0568e-05
 1.0000e+01       2.8900e+00       1.5885e+00       1.2829e-03       2.3058e-03       8.6481e-04      -8.7139e-05       1.9706e-05
 1.0000e+01       2.8900e+00       1.5985e+00       1.2676e-03       2.3091e-03       8.5579e-04      -9.1141e-05       1.8831e-05
 1.0000e+01       2.8900e+00       1.6085e+00       1.2526e-03       2.3124e-03       8.4686e-04      -9.5159e-05       1.7946e-05
 1.0000e+01       2.8900e+00       1.6185e+00       1.2380e-03       2.3157e-03       8.3801e-04      -9.9192e-05       1.7050e-05
 1.0000e+01       2.8900e+00       1.6285e+00       1.2238e-03       2.3189e-03       8.2923e-04      -1.0324e-04       1.6145e-05
 1.0000e+01       2.8900e+00       1.6385e+00       1.2098e-03       2.3222e-03       8.2053e-04      -1.0730e-04       1.5232e-05
 1.0000e+01       2.8900e+00       1.6485e+00       1.1962e-03       2.3255e-03       8.1191e-04      -1.1138e-04       1.4310e-05
