 5.0000e+00       3.2800e+00       1.4336e-01       1.6969e-01       2.3499e-02       0.0000e+00       0.0000e+00       0.0000e+00
 5.0000e+00       3.2800e+00       1.5336e-01       1.5500e-01       2.2286e-02       8.2674e-03      -4.9919e-04      -5.1181e-05
 5.0000e+00       3.2800e+00       1.6336e-01       1.4197e-01       2.1226e-02       1.0852e-02      -8.8867e-04      -6.9008e-05
 5.0000e+00       3.2800e+00       1.7336e-01       1.3035e-01       2.0294e-02       1.2379e-02      -1.1909e-03      -8.0574e-05
 5.0000e+00       3.2800e+00       1.8336e-01       1.1995e-01       1.9470e-02       1.3353e-02      -1.4235e-03      -8.8690e-05
 5.0000e+00       3.2800e+00       1.9336e-01       1.1061e-01       1.8736e-02       1.3983e-02      -1.5999e-03      -9.4512e-05
 5.0000e+00       3.2800e+00       2.0336e-01       1.0219e-01       1.8079e-02       1.4381e-02      -1.7310e-03      -9.8669e-05
 5.0000e+00       3.2800e+00       2.1336e-01       9.4578e-02       1.7489e-02       1.4613e-02      -1.8254e-03      -1.0155e-04
 5.0000e+00       3.2800e+00       2.2336e-01       8.7673e-02       1.6957e-02       1.4723e-02      -1.8901e-03      -1.0342e-04
 5.0000e+00       3.2800e+00       2.3336e-01       8.1394e-02       1.6474e-02       1.4743e-02      -1.9306e-03      -1.0448e-04
 5.0000e+00       3.2800e+00       2.4336e-01       7.5671e-02       1.6036e-02       1.4693e-02      -1.9515e-03      -1.0486e-04
 5.0000e+00       3.2800e+00       2.5336e-01       7.0442e-02       1.5635e-02       1.4589e-02      -1.9565e-03      -1.0469e-04
 5.0000e+00       3.2800e+00       2.6336e-01       6.5654e-02       1.5268e-02       1.4445e-02      -1.9487e-03      -1.0404e-04
 5.0000e+00       3.2800e+00       2.7336e-01       6.1262e-02       1.4931e-02       1.4267e-02      -1.9306e-03      -1.0299e-04
 5.0000e+00       3.2800e+00       2.8336e-01       5.7225e-02       1.4620e-02       1.4065e-02      -1.9042e-03      -1.0160e-04
 5.0000e+00       3.2800e+00       2.9336e-01       5.3508e-02       1.4333e-02       1.3843e-02      -1.8713e-03      -9.9916e-05
 5.0000e+00       3.2800e+00       3.0336e-01       5.0081e-02       1.4067e-02       1.3606e-02      -1.8334e-03      -9.7982e-05
 5.0000e+00       3.2800e+00       3.1336e-01       4.6915e-02       1.3819e-02       1.3357e-02      -1.7915e-03      -9.5833e-05
 5.0000e+00       3.2800e+00       3.2336e-01       4.3987e-02       1.3589e-02       1.3100e-02      -1.7467e-03      -9.3496e-05
 5.0000e+00       3.2800e+00       3.3336e-01       4.1275e-02       1.3374e-02       1.2836e-02      -1.6998e-03      -9.0998e-05
 5.0000e+00       3.2800e+00       3.4336e-01       3.8760e-02       1.3172e-02       1.2568e-02      -1.6515e-03      -8.8360e-05
 5.0000e+00       3.2800e+00       3.5336e-01       3.6425e-02       1.2983e-02       1.2298e-02      -1.6023e-03      -8.5602e-05
 5.0000e+00       3.2800e+00       3.6336e-01       3.4254e-02       1.2805e-02       1.2026e-02      -1.5529e-03      -8.2740e-05
 5.0000e+00       3.2800e+00       3.7336e-01       3.2234e-02       1.2638e-02       1.1754e-02      -1.5034e-03      -7.9789e-05
 5.0000e+00       3.2800e+00       3.8336e-01       3.0352e-02       1.2479e-02       1.1483e-02      -1.4543e-03      -7.6762e-05
 5.0000e+00       3.2800e+00       3.9336e-01       2.8597e-02       1.2329e-02       1.1212e-02      -1.4059e-03      -7.3671e-05
 5.0000e+00       3.2800e+00       4.0336e-01       2.6959e-02       1.2187e-02       1.0944e-02      -1.3583e-03      -7.0526e-05
 5.0000e+00       3.2800e+00       4.1336e-01       2.5429e-02       1.2052e-02       1.0679e-02      -1.3117e-03      -6.7335e-05
 5.0000e+00       3.2800e+00       4.2336e-01       2.3998e-02       1.1923e-02       1.0416e-02      -1.2663e-03      -6.4108e-05
 5.0000e+00       3.2800e+00       4.3336e-01       2.2660e-02       1.1800e-02       1.0156e-02      -1.2222e-03      -6.0852e-05
 5.0000e+00       3.2800e+00       4.4336e-01       2.1406e-02       1.1682e-02       9.9006e-03      -1.1795e-03      -5.7573e-05
 5.0000e+00       3.2800e+00       4.5336e-01       2.0232e-02       1.1569e-02       9.6486e-03      -1.1382e-03      -5.4278e-05
 5.0000e+00       3.2800e+00       4.6336e-01       1.9130e-02       1.1461e-02       9.4005e-03      -1.0983e-03      -5.0973e-05
 5.0000e+00       3.2800e+00       4.7336e-01       1.8096e-02       1.1357e-02       9.1566e-03      -1.0601e-03      -4.7662e-05
 5.0000e+00       3.2800e+00       4.8336e-01       1.7125e-02       1.1256e-02       8.9169e-03      -1.0233e-03      -4.4351e-05
 5.0000e+00       3.2800e+00       4.9336e-01       1.6213e-02       1.1159e-02       8.6816e-03      -9.8815e-04      -4.1045e-05
 5.0000e+00       3.2800e+00       5.0336e-01       1.5356e-02       1.1066e-02       8.4507e-03      -9.5452e-04      -3.7746e-05
 5.0000e+00       3.2800e+00       5.1336e-01       1.4549e-02       1.0975e-02       8.2242e-03      -9.2243e-04      -3.4460e-05
 5.0000e+00       3.2800e+00       5.2336e-01       1.3790e-02       1.0887e-02       8.0022e-03      -8.9188e-04      -3.1190e-05
 5.0000e+00       3.2800e+00       5.3336e-01       1.3075e-02       1.0802e-02       7.7846e-03      -8.6285e-04      -2.7940e-05
 5.0000e+00       3.2800e+00       5.4336e-01       1.2401e-02       1.0718e-02       7.5716e-03      -8.3530e-04      -2.4712e-05
 5.0000e+00       3.2800e+00       5.5336e-01       1.1766e-02       1.0637e-02       7.3630e-03      -8.0921e-04      -2.1510e-05
 5.0000e+00       3.2800e+00       5.6336e-01       1.1167e-02       1.0558e-02       7.1588e-03      -7.8455e-04      -1.8337e-05
 5.0000e+00       3.2800e+00       5.7336e-01       1.0602e-02       1.0481e-02       6.9590e-03      -7.6129e-04      -1.5195e-05
 5.0000e+00       3.2800e+00       5.8336e-01       1.0069e-02       1.0406e-02       6.7636e-03      -7.3938e-04      -1.2088e-05
 5.0000e+00       3.2800e+00       5.9336e-01       9.5652e-03       1.0332e-02       6.5725e-03      -7.1881e-04      -9.0169e-06
 5.0000e+00       3.2800e+00       6.0336e-01       9.0895e-03       1.0259e-02       6.3857e-03      -6.9952e-04      -5.9854e-06
 5.0000e+00       3.2800e+00       6.1336e-01       8.6400e-03       1.0188e-02       6.2030e-03      -6.8147e-04      -2.9952e-06
 5.0000e+00       3.2800e+00       6.2336e-01       8.2150e-03       1.0118e-02       6.0245e-03      -6.6466e-04      -4.8710e-08
 5.0000e+00       3.2800e+00       6.3336e-01       7.8131e-03       1.0050e-02       5.8501e-03      -6.4896e-04       2.8522e-06
 5.0000e+00       3.2800e+00       6.4336e-01       7.4330e-03       9.9820e-03       5.6797e-03      -6.3443e-04       5.7054e-06
 5.0000e+00       3.2800e+00       6.5336e-01       7.0732e-03       9.9154e-03       5.5133e-03      -6.2098e-04       8.5091e-06
 5.0000e+00       3.2800e+00       6.6336e-01       6.7327e-03       9.8497e-03       5.3507e-03      -6.0858e-04       1.1261e-05
 5.0000e+00       3.2800e+00       6.7336e-01       6.4102e-03       9.7849e-03       5.1920e-03      -5.9719e-04       1.3961e-05
 5.0000e+00       3.2800e+00       6.8336e-01       6.1048e-03       9.7209e-03       5.0370e-03      -5.8677e-04       1.6606e-05
 5.0000e+00       3.2800e+00       6.9336e-01       5.8154e-03       9.6577e-03       4.8857e-03      -5.7729e-04       1.9194e-05
 5.0000e+00       3.2800e+00       7.0336e-01       5.5412e-03       9.5952e-03       4.7380e-03      -5.6871e-04       2.1725e-05
 5.0000e+00       3.2800e+00       7.1336e-01       5.2813e-03       9.5334e-03       4.5939e-03      -5.6099e-04       2.4197e-05
 5.0000e+00       3.2800e+00       7.2336e-01       5.0349e-03       9.4722e-03       4.4532e-03      -5.5410e-04       2.6609e-05
 5.0000e+00       3.2800e+00       7.3336e-01       4.8012e-03       9.4116e-03       4.3159e-03      -5.4799e-04       2.8960e-05
 5.0000e+00       3.2800e+00       7.4336e-01       4.5795e-03       9.3515e-03       4.1819e-03      -5.4265e-04       3.1248e-05
 5.0000e+00       3.2800e+00       7.5336e-01       4.3691e-03       9.2920e-03       4.0512e-03      -5.3803e-04       3.3473e-05
 5.0000e+00       3.2800e+00       7.6336e-01       4.1695e-03       9.2330e-03       3.9237e-03      -5.3410e-04       3.5633e-05
 5.0000e+00       3.2800e+00       7.7336e-01       3.9801e-03       9.1745e-03       3.7993e-03      -5.3083e-04       3.7728e-05
 5.0000e+00       3.2800e+00       7.8336e-01       3.8002e-03       9.1164e-03       3.6779e-03      -5.2819e-04       3.9757e-05
 5.0000e+00       3.2800e+00       7.9336e-01       3.6295e-03       9.0587e-03       3.5596e-03      -5.2615e-04       4.1720e-05
 5.0000e+00       3.2800e+00       8.0336e-01       3.4673e-03       9.0015e-03       3.4441e-03      -5.2469e-04       4.3615e-05
 5.0000e+00       3.2800e+00       8.1336e-01       3.3133e-03       8.9446e-03       3.3315e-03      -5.2376e-04       4.5442e-05
 5.0000e+00       3.2800e+00       8.2336e-01       3.1670e-03       8.8881e-03       3.2217e-03      -5.2336e-04       4.7200e-05
 5.0000e+00       3.2800e+00       8.3336e-01       3.0280e-03       8.8320e-03       3.1147e-03      -5.2345e-04       4.8890e-05
 5.0000e+00       3.2800e+00       8.4336e-01       2.8959e-03       8.7762e-03       3.0103e-03      -5.2400e-04       5.0511e-05
 5.0000e+00       3.2800e+00       8.5336e-01       2.7703e-03       8.7208e-03       2.9085e-03      -5.2500e-04       5.2062e-05
 5.0000e+00       3.2800e+00       8.6336e-01       2.6510e-03       8.6656e-03       2.8092e-03      -5.2641e-04       5.3544e-05
 5.0000e+00       3.2800e+00       8.7336e-01       2.5376e-03       8.6109e-03       2.7124e-03      -5.2822e-04       5.4956e-05
 5.0000e+00       3.2800e+00       8.8336e-01       2.4298e-03       8.5564e-03       2.6181e-03      -5.3040e-04       5.6299e-05
 5.0000e+00       3.2800e+00       8.9336e-01       2.3272e-03       8.5022e-03       2.5261e-03      -5.3294e-04       5.7572e-05
 5.0000e+00       3.2800e+00       9.0336e-01       2.2298e-03       8.4483e-03       2.4364e-03      -5.3581e-04       5.8775e-05
 5.0000e+00       3.2800e+00       9.1336e-01       2.1371e-03       8.3947e-03       2.3491e-03      -5.3900e-04       5.9909e-05
 5.0000e+00       3.2800e+00       9.2336e-01       2.0489e-03       8.3414e-03       2.2639e-03      -5.4247e-04       6.0974e-05
 5.0000e+00       3.2800e+00       9.3336e-01       1.9651e-03       8.2883e-03       2.1808e-03      -5.4623e-04       6.1970e-05
 5.0000e+00       3.2800e+00       9.4336e-01       1.8853e-03       8.2356e-03       2.0999e-03      -5.5024e-04       6.2897e-05
 5.0000e+00       3.2800e+00       9.5336e-01       1.8095e-03       8.1831e-03       2.0210e-03      -5.5450e-04       6.3756e-05
 5.0000e+00       3.2800e+00       9.6336e-01       1.7373e-03       8.1309e-03       1.9441e-03      -5.5898e-04       6.4548e-05
 5.0000e+00       3.2800e+00       9.7336e-01       1.6687e-03       8.0789e-03       1.8692e-03      -5.6367e-04       6.5273e-05
 5.0000e+00       3.2800e+00       9.8336e-01       1.6034e-03       8.0273e-03       1.7962e-03      -5.6856e-04       6.5931e-05
 5.0000e+00       3.2800e+00       9.9336e-01       1.5413e-03       7.9759e-03       1.7251e-03      -5.7363e-04       6.6523e-05
 5.0000e+00       3.2800e+00       1.0034e+00       1.4822e-03       7.9247e-03       1.6557e-03      -5.7888e-04       6.7050e-05
 5.0000e+00       3.2800e+00       1.0134e+00       1.4259e-03       7.8739e-03       1.5882e-03      -5.8427e-04       6.7512e-05
 5.0000e+00       3.2800e+00       1.0234e+00       1.3725e-03       7.8233e-03       1.5224e-03      -5.8981e-04       6.7911e-05
 5.0000e+00       3.2800e+00       1.0334e+00       1.3216e-03       7.7729e-03       1.4582e-03      -5.9548e-04       6.8247e-05
 5.0000e+00       3.2800e+00       1.0434e+00       1.2731e-03       7.7229e-03       1.3958e-03      -6.0127e-04       6.8521e-05
 5.0000e+00       3.2800e+00       1.0534e+00       1.2271e-03       7.6731e-03       1.3349e-03      -6.0717e-04       6.8733e-05
 5.0000e+00       3.2800e+00       1.0634e+00       1.1832e-03       7.6235e-03       1.2756e-03      -6.1317e-04       6.8886e-05
 5.0000e+00       3.2800e+00       1.0734e+00       1.1416e-03       7.5743e-03       1.2178e-03      -6.1925e-04       6.8979e-05
 5.0000e+00       3.2800e+00       1.0834e+00       1.1019e-03       7.5253e-03       1.1615e-03      -6.2541e-04       6.9014e-05
 5.0000e+00       3.2800e+00       1.0934e+00       1.0642e-03       7.4765e-03       1.1066e-03      -6.3165e-04       6.8993e-05
 5.0000e+00       3.2800e+00       1.1034e+00       1.0283e-03       7.4281e-03       1.0532e-03      -6.3794e-04       6.8915e-05
 5.0000e+00       3.2800e+00       1.1134e+00       9.9413e-04       7.3799e-03       1.0012e-03      -6.4429e-04       6.8782e-05
 5.0000e+00       3.2800e+00       1.1234e+00       9.6166e-04       7.3320e-03       9.5051e-04      -6.5068e-04       6.8596e-05
 5.0000e+00       3.2800e+00       1.1334e+00       9.3077e-04       7.2844e-03       9.0114e-04      -6.5711e-04       6.8357e-05
 5.0000e+00       3.2800e+00       1.1434e+00       9.0140e-04       7.2370e-03       8.5305e-04      -6.6357e-04       6.8067e-05
 5.0000e+00       3.2800e+00       1.1534e+00       8.7348e-04       7.1899e-03       8.0622e-04      -6.7005e-04       6.7726e-05
 5.0000e+00       3.2800e+00       1.1634e+00       8.4692e-04       7.1431e-03       7.6061e-04      -6.7655e-04       6.7337e-05
 5.0000e+00       3.2800e+00       1.1734e+00       8.2167e-04       7.0966e-03       7.1619e-04      -6.8306e-04       6.6900e-05
 5.0000e+00       3.2800e+00       1.1834e+00       7.9767e-04       7.0504e-03       6.7292e-04      -6.8957e-04       6.6417e-05
 5.0000e+00       3.2800e+00       1.1934e+00       7.7486e-04       7.0044e-03       6.3079e-04      -6.9608e-04       6.5889e-05
 5.0000e+00       3.2800e+00       1.2034e+00       7.5317e-04       6.9587e-03       5.8977e-04      -7.0259e-04       6.5318e-05
 5.0000e+00       3.2800e+00       1.2134e+00       7.3257e-04       6.9133e-03       5.4982e-04      -7.0908e-04       6.4704e-05
 5.0000e+00       3.2800e+00       1.2234e+00       7.1299e-04       6.8682e-03       5.1092e-04      -7.1556e-04       6.4049e-05
 5.0000e+00       3.2800e+00       1.2334e+00       6.9439e-04       6.8234e-03       4.7304e-04      -7.2202e-04       6.3354e-05
 5.0000e+00       3.2800e+00       1.2434e+00       6.7672e-04       6.7789e-03       4.3617e-04      -7.2845e-04       6.2621e-05
 5.0000e+00       3.2800e+00       1.2534e+00       6.5993e-04       6.7346e-03       4.0026e-04      -7.3485e-04       6.1851e-05
 5.0000e+00       3.2800e+00       1.2634e+00       6.4400e-04       6.6907e-03       3.6530e-04      -7.4123e-04       6.1046e-05
 5.0000e+00       3.2800e+00       1.2734e+00       6.2887e-04       6.6470e-03       3.3127e-04      -7.4756e-04       6.0207e-05
 5.0000e+00       3.2800e+00       1.2834e+00       6.1450e-04       6.6036e-03       2.9814e-04      -7.5386e-04       5.9334e-05
 5.0000e+00       3.2800e+00       1.2934e+00       6.0087e-04       6.5605e-03       2.6589e-04      -7.6011e-04       5.8431e-05
 5.0000e+00       3.2800e+00       1.3034e+00       5.8794e-04       6.5177e-03       2.3449e-04      -7.6631e-04       5.7497e-05
 5.0000e+00       3.2800e+00       1.3134e+00       5.7567e-04       6.4752e-03       2.0393e-04      -7.7247e-04       5.6535e-05
 5.0000e+00       3.2800e+00       1.3234e+00       5.6403e-04       6.4330e-03       1.7419e-04      -7.7858e-04       5.5545e-05
 5.0000e+00       3.2800e+00       1.3334e+00       5.5300e-04       6.3911e-03       1.4524e-04      -7.8463e-04       5.4530e-05
 5.0000e+00       3.2800e+00       1.3434e+00       5.4253e-04       6.3495e-03       1.1707e-04      -7.9063e-04       5.3490e-05
 5.0000e+00       3.2800e+00       1.3534e+00       5.3262e-04       6.3082e-03       8.9648e-05      -7.9657e-04       5.2427e-05
 5.0000e+00       3.2800e+00       1.3634e+00       5.2323e-04       6.2671e-03       6.2965e-05      -8.0245e-04       5.1342e-05
 5.0000e+00       3.2800e+00       1.3734e+00       5.1433e-04       6.2264e-03       3.7000e-05      -8.0826e-04       5.0237e-05
 5.0000e+00       3.2800e+00       1.3834e+00       5.0590e-04       6.1859e-03       1.1735e-05      -8.1401e-04       4.9113e-05
 5.0000e+00       3.2800e+00       1.3934e+00       4.9792e-04       6.1457e-03      -1.2847e-05      -8.1970e-04       4.7970e-05
 5.0000e+00       3.2800e+00       1.4034e+00       4.9037e-04       6.1059e-03      -3.6764e-05      -8.2532e-04       4.6812e-05
 5.0000e+00       3.2800e+00       1.4134e+00       4.8323e-04       6.0663e-03      -6.0032e-05      -8.3087e-04       4.5638e-05
 5.0000e+00       3.2800e+00       1.4234e+00       4.7648e-04       6.0270e-03      -8.2668e-05      -8.3636e-04       4.4450e-05
 5.0000e+00       3.2800e+00       1.4334e+00       4.7009e-04       5.9880e-03      -1.0469e-04      -8.4177e-04       4.3249e-05
 5.0000e+00       3.2800e+00       1.4434e+00       4.6406e-04       5.9493e-03      -1.2610e-04      -8.4711e-04       4.2037e-05
 5.0000e+00       3.2800e+00       1.4534e+00       4.5836e-04       5.9109e-03      -1.4693e-04      -8.5238e-04       4.0815e-05
 5.0000e+00       3.2800e+00       1.4634e+00       4.5298e-04       5.8728e-03      -1.6719e-04      -8.5758e-04       3.9584e-05
 5.0000e+00       3.2800e+00       1.4734e+00       4.4790e-04       5.8349e-03      -1.8690e-04      -8.6270e-04       3.8345e-05
 5.0000e+00       3.2800e+00       1.4834e+00       4.4310e-04       5.7974e-03      -2.0605e-04      -8.6774e-04       3.7100e-05
 5.0000e+00       3.2800e+00       1.4934e+00       4.3858e-04       5.7601e-03      -2.2468e-04      -8.7271e-04       3.5849e-05
 5.0000e+00       3.2800e+00       1.5034e+00       4.3432e-04       5.7231e-03      -2.4279e-04      -8.7761e-04       3.4594e-05
 5.0000e+00       3.2800e+00       1.5134e+00       4.3031e-04       5.6864e-03      -2.6040e-04      -8.8243e-04       3.3336e-05
 5.0000e+00       3.2800e+00       1.5234e+00       4.2653e-04       5.6500e-03      -2.7751e-04      -8.8717e-04       3.2076e-05
 5.0000e+00       3.2800e+00       1.5334e+00       4.2297e-04       5.6139e-03      -2.9415e-04      -8.9183e-04       3.0814e-05
 5.0000e+00       3.2800e+00       1.5434e+00       4.1963e-04       5.5780e-03      -3.1032e-04      -8.9642e-04       2.9553e-05
 5.0000e+00       3.2800e+00       1.5534e+00       4.1648e-04       5.5425e-03      -3.2603e-04      -9.0093e-04       2.8293e-05
 5.0000e+00       3.2800e+00       1.5634e+00       4.1353e-04       5.5072e-03      -3.4130e-04      -9.0537e-04       2.7035e-05
 5.0000e+00       3.2800e+00       1.5734e+00       4.1075e-04       5.4722e-03      -3.5613e-04      -9.0972e-04       2.5780e-05
 5.0000e+00       3.2800e+00       1.5834e+00       4.0815e-04       5.4374e-03      -3.7054e-04      -9.1400e-04       2.4529e-05
 5.0000e+00       3.2800e+00       1.5934e+00       4.0571e-04       5.4029e-03      -3.8454e-04      -9.1820e-04       2.3283e-05
 5.0000e+00       3.2800e+00       1.6034e+00       4.0343e-04       5.3687e-03      -3.9814e-04      -9.2233e-04       2.2044e-05
 5.0000e+00       3.2800e+00       1.6134e+00       4.0129e-04       5.3348e-03      -4.1134e-04      -9.2637e-04       2.0810e-05
 5.0000e+00       3.2800e+00       1.6234e+00       3.9929e-04       5.3012e-03      -4.2416e-04      -9.3034e-04       1.9585e-05
 5.0000e+00       3.2800e+00       1.6334e+00       3.9742e-04       5.2678e-03      -4.3661e-04      -9.3423e-04       1.8368e-05
 5.0000e+00       3.2800e+00       1.6434e+00       3.9567e-04       5.2346e-03      -4.4869e-04      -9.3805e-04       1.7161e-05
