 1.1500e+01       2.8900e+00       7.5086e-01       5.5644e-03       7.7461e-04       0.0000e+00       0.0000e+00       0.0000e+00
 1.1500e+01       2.8900e+00       7.6086e-01       5.4014e-03       7.8874e-04       2.8571e-04       3.1117e-06       1.3590e-06
 1.1500e+01       2.8900e+00       7.7086e-01       5.2449e-03       8.0262e-04       3.9593e-04       6.1591e-06       2.0494e-06
 1.1500e+01       2.8900e+00       7.8086e-01       5.0944e-03       8.1626e-04       4.7521e-04       9.1374e-06       2.6635e-06
 1.1500e+01       2.8900e+00       7.9086e-01       4.9498e-03       8.2965e-04       5.3782e-04       1.2042e-05       3.2496e-06
 1.1500e+01       2.8900e+00       8.0086e-01       4.8107e-03       8.4281e-04       5.8941e-04       1.4869e-05       3.8239e-06
 1.1500e+01       2.8900e+00       8.1086e-01       4.6769e-03       8.5572e-04       6.3297e-04       1.7614e-05       4.3936e-06
 1.1500e+01       2.8900e+00       8.2086e-01       4.5482e-03       8.6840e-04       6.7032e-04       2.0276e-05       4.9619e-06
 1.1500e+01       2.8900e+00       8.3086e-01       4.4243e-03       8.8084e-04       7.0266e-04       2.2851e-05       5.5303e-06
 1.1500e+01       2.8900e+00       8.4086e-01       4.3050e-03       8.9304e-04       7.3087e-04       2.5336e-05       6.0995e-06
 1.1500e+01       2.8900e+00       8.5086e-01       4.1901e-03       9.0501e-04       7.5558e-04       2.7731e-05       6.6694e-06
 1.1500e+01       2.8900e+00       8.6086e-01       4.0794e-03       9.1676e-04       7.7729e-04       3.0033e-05       7.2398e-06
 1.1500e+01       2.8900e+00       8.7086e-01       3.9727e-03       9.2827e-04       7.9640e-04       3.2242e-05       7.8100e-06
 1.1500e+01       2.8900e+00       8.8086e-01       3.8699e-03       9.3956e-04       8.1322e-04       3.4356e-05       8.3795e-06
 1.1500e+01       2.8900e+00       8.9086e-01       3.7708e-03       9.5062e-04       8.2802e-04       3.6374e-05       8.9474e-06
 1.1500e+01       2.8900e+00       9.0086e-01       3.6751e-03       9.6147e-04       8.4102e-04       3.8296e-05       9.5130e-06
 1.1500e+01       2.8900e+00       9.1086e-01       3.5829e-03       9.7210e-04       8.5240e-04       4.0122e-05       1.0075e-05
 1.1500e+01       2.8900e+00       9.2086e-01       3.4939e-03       9.8252e-04       8.6234e-04       4.1852e-05       1.0634e-05
 1.1500e+01       2.8900e+00       9.3086e-01       3.4079e-03       9.9272e-04       8.7096e-04       4.3485e-05       1.1187e-05
 1.1500e+01       2.8900e+00       9.4086e-01       3.3250e-03       1.0027e-03       8.7839e-04       4.5023e-05       1.1735e-05
 1.1500e+01       2.8900e+00       9.5086e-01       3.2448e-03       1.0125e-03       8.8475e-04       4.6464e-05       1.2276e-05
 1.1500e+01       2.8900e+00       9.6086e-01       3.1674e-03       1.0221e-03       8.9011e-04       4.7811e-05       1.2809e-05
 1.1500e+01       2.8900e+00       9.7086e-01       3.0926e-03       1.0315e-03       8.9458e-04       4.9062e-05       1.3335e-05
 1.1500e+01       2.8900e+00       9.8086e-01       3.0204e-03       1.0407e-03       8.9822e-04       5.0220e-05       1.3851e-05
 1.1500e+01       2.8900e+00       9.9086e-01       2.9505e-03       1.0497e-03       9.0111e-04       5.1285e-05       1.4357e-05
 1.1500e+01       2.8900e+00       1.0009e+00       2.8829e-03       1.0586e-03       9.0330e-04       5.2258e-05       1.4852e-05
 1.1500e+01       2.8900e+00       1.0109e+00       2.8176e-03       1.0672e-03       9.0485e-04       5.3140e-05       1.5336e-05
 1.1500e+01       2.8900e+00       1.0209e+00       2.7544e-03       1.0757e-03       9.0582e-04       5.3932e-05       1.5807e-05
 1.1500e+01       2.8900e+00       1.0309e+00       2.6933e-03       1.0840e-03       9.0624e-04       5.4636e-05       1.6266e-05
 1.1500e+01       2.8900e+00       1.0409e+00       2.6341e-03       1.0921e-03       9.0616e-04       5.5251e-05       1.6710e-05
 1.1500e+01       2.8900e+00       1.0509e+00       2.5768e-03       1.1001e-03       9.0563e-04       5.5780e-05       1.7141e-05
 1.1500e+01       2.8900e+00       1.0609e+00       2.5214e-03       1.1078e-03       9.0466e-04       5.6225e-05       1.7557e-05
 1.1500e+01       2.8900e+00       1.0709e+00       2.4676e-03       1.1155e-03       9.0331e-04       5.6585e-05       1.7957e-05
 1.1500e+01       2.8900e+00       1.0809e+00       2.4156e-03       1.1230e-03       9.0159e-04       5.6863e-05       1.8341e-05
 1.1500e+01       2.8900e+00       1.0909e+00       2.3652e-03       1.1303e-03       8.9953e-04       5.7060e-05       1.8708e-05
 1.1500e+01       2.8900e+00       1.1009e+00       2.3164e-03       1.1375e-03       8.9717e-04       5.7178e-05       1.9058e-05
 1.1500e+01       2.8900e+00       1.1109e+00       2.2691e-03       1.1446e-03       8.9452e-04       5.7217e-05       1.9391e-05
 1.1500e+01       2.8900e+00       1.1209e+00       2.2232e-03       1.1515e-03       8.9160e-04       5.7180e-05       1.9705e-05
 1.1500e+01       2.8900e+00       1.1309e+00       2.1787e-03       1.1582e-03       8.8845e-04       5.7068e-05       2.0001e-05
 1.1500e+01       2.8900e+00       1.1409e+00       2.1356e-03       1.1649e-03       8.8506e-04       5.6882e-05       2.0279e-05
 1.1500e+01       2.8900e+00       1.1509e+00       2.0938e-03       1.1714e-03       8.8147e-04       5.6624e-05       2.0537e-05
 1.1500e+01       2.8900e+00       1.1609e+00       2.0532e-03       1.1778e-03       8.7769e-04       5.6295e-05       2.0775e-05
 1.1500e+01       2.8900e+00       1.1709e+00       2.0139e-03       1.1841e-03       8.7373e-04       5.5896e-05       2.0993e-05
 1.1500e+01       2.8900e+00       1.1809e+00       1.9757e-03       1.1903e-03       8.6961e-04       5.5430e-05       2.1192e-05
 1.1500e+01       2.8900e+00       1.1909e+00       1.9386e-03       1.1963e-03       8.6534e-04       5.4898e-05       2.1370e-05
 1.1500e+01       2.8900e+00       1.2009e+00       1.9026e-03       1.2023e-03       8.6094e-04       5.4300e-05       2.1527e-05
 1.1500e+01       2.8900e+00       1.2109e+00       1.8676e-03       1.2081e-03       8.5641e-04       5.3640e-05       2.1664e-05
 1.1500e+01       2.8900e+00       1.2209e+00       1.8337e-03       1.2139e-03       8.5176e-04       5.2917e-05       2.1780e-05
 1.1500e+01       2.8900e+00       1.2309e+00       1.8007e-03       1.2195e-03       8.4701e-04       5.2134e-05       2.1875e-05
 1.1500e+01       2.8900e+00       1.2409e+00       1.7687e-03       1.2251e-03       8.4217e-04       5.1291e-05       2.1949e-05
 1.1500e+01       2.8900e+00       1.2509e+00       1.7376e-03       1.2306e-03       8.3724e-04       5.0391e-05       2.2002e-05
 1.1500e+01       2.8900e+00       1.2609e+00       1.7074e-03       1.2360e-03       8.3223e-04       4.9435e-05       2.2034e-05
 1.1500e+01       2.8900e+00       1.2709e+00       1.6780e-03       1.2413e-03       8.2715e-04       4.8423e-05       2.2044e-05
 1.1500e+01       2.8900e+00       1.2809e+00       1.6494e-03       1.2465e-03       8.2201e-04       4.7358e-05       2.2034e-05
 1.1500e+01       2.8900e+00       1.2909e+00       1.6217e-03       1.2517e-03       8.1681e-04       4.6241e-05       2.2002e-05
 1.1500e+01       2.8900e+00       1.3009e+00       1.5947e-03       1.2568e-03       8.1155e-04       4.5073e-05       2.1950e-05
 1.1500e+01       2.8900e+00       1.3109e+00       1.5684e-03       1.2618e-03       8.0626e-04       4.3855e-05       2.1876e-05
 1.1500e+01       2.8900e+00       1.3209e+00       1.5429e-03       1.2668e-03       8.0092e-04       4.2588e-05       2.1782e-05
 1.1500e+01       2.8900e+00       1.3309e+00       1.5180e-03       1.2717e-03       7.9555e-04       4.1275e-05       2.1667e-05
 1.1500e+01       2.8900e+00       1.3409e+00       1.4939e-03       1.2765e-03       7.9015e-04       3.9916e-05       2.1532e-05
 1.1500e+01       2.8900e+00       1.3509e+00       1.4704e-03       1.2813e-03       7.8473e-04       3.8512e-05       2.1377e-05
 1.1500e+01       2.8900e+00       1.3609e+00       1.4475e-03       1.2860e-03       7.7928e-04       3.7064e-05       2.1201e-05
 1.1500e+01       2.8900e+00       1.3709e+00       1.4252e-03       1.2907e-03       7.7382e-04       3.5575e-05       2.1006e-05
 1.1500e+01       2.8900e+00       1.3809e+00       1.4035e-03       1.2953e-03       7.6834e-04       3.4044e-05       2.0792e-05
 1.1500e+01       2.8900e+00       1.3909e+00       1.3824e-03       1.2999e-03       7.6286e-04       3.2473e-05       2.0558e-05
 1.1500e+01       2.8900e+00       1.4009e+00       1.3618e-03       1.3044e-03       7.5736e-04       3.0863e-05       2.0306e-05
 1.1500e+01       2.8900e+00       1.4109e+00       1.3418e-03       1.3089e-03       7.5187e-04       2.9216e-05       2.0035e-05
 1.1500e+01       2.8900e+00       1.4209e+00       1.3223e-03       1.3133e-03       7.4637e-04       2.7531e-05       1.9746e-05
 1.1500e+01       2.8900e+00       1.4309e+00       1.3032e-03       1.3178e-03       7.4087e-04       2.5811e-05       1.9439e-05
 1.1500e+01       2.8900e+00       1.4409e+00       1.2847e-03       1.3221e-03       7.3538e-04       2.4057e-05       1.9114e-05
 1.1500e+01       2.8900e+00       1.4509e+00       1.2667e-03       1.3265e-03       7.2989e-04       2.2268e-05       1.8773e-05
 1.1500e+01       2.8900e+00       1.4609e+00       1.2491e-03       1.3308e-03       7.2442e-04       2.0447e-05       1.8415e-05
 1.1500e+01       2.8900e+00       1.4709e+00       1.2319e-03       1.3351e-03       7.1895e-04       1.8595e-05       1.8041e-05
 1.1500e+01       2.8900e+00       1.4809e+00       1.2152e-03       1.3394e-03       7.1349e-04       1.6711e-05       1.7650e-05
 1.1500e+01       2.8900e+00       1.4909e+00       1.1989e-03       1.3436e-03       7.0805e-04       1.4798e-05       1.7245e-05
 1.1500e+01       2.8900e+00       1.5009e+00       1.1830e-03       1.3478e-03       7.0262e-04       1.2855e-05       1.6825e-05
 1.1500e+01       2.8900e+00       1.5109e+00       1.1675e-03       1.3520e-03       6.9721e-04       1.0885e-05       1.6390e-05
 1.1500e+01       2.8900e+00       1.5209e+00       1.1524e-03       1.3562e-03       6.9182e-04       8.8872e-06       1.5942e-05
 1.1500e+01       2.8900e+00       1.5309e+00       1.1376e-03       1.3603e-03       6.8645e-04       6.8632e-06       1.5480e-05
 1.1500e+01       2.8900e+00       1.5409e+00       1.1232e-03       1.3645e-03       6.8110e-04       4.8135e-06       1.5006e-05
 1.1500e+01       2.8900e+00       1.5509e+00       1.1092e-03       1.3686e-03       6.7577e-04       2.7392e-06       1.4519e-05
 1.1500e+01       2.8900e+00       1.5609e+00       1.0954e-03       1.3727e-03       6.7046e-04       6.4083e-07       1.4020e-05
 1.1500e+01       2.8900e+00       1.5709e+00       1.0821e-03       1.3768e-03       6.6518e-04      -1.4807e-06       1.3510e-05
 1.1500e+01       2.8900e+00       1.5809e+00       1.0690e-03       1.3809e-03       6.5992e-04      -3.6247e-06       1.2989e-05
 1.1500e+01       2.8900e+00       1.5909e+00       1.0562e-03       1.3849e-03       6.5468e-04      -5.7904e-06       1.2458e-05
 1.1500e+01       2.8900e+00       1.6009e+00       1.0438e-03       1.3890e-03       6.4947e-04      -7.9772e-06       1.1917e-05
 1.1500e+01       2.8900e+00       1.6109e+00       1.0316e-03       1.3930e-03       6.4429e-04      -1.0184e-05       1.1367e-05
 1.1500e+01       2.8900e+00       1.6209e+00       1.0197e-03       1.3971e-03       6.3914e-04      -1.2411e-05       1.0809e-05
 1.1500e+01       2.8900e+00       1.6309e+00       1.0081e-03       1.4011e-03       6.3401e-04      -1.4657e-05       1.0243e-05
 1.1500e+01       2.8900e+00       1.6409e+00       9.9679e-04       1.4051e-03       6.2891e-04      -1.6920e-05       9.6689e-06
