 7.0000e+00       2.8900e+00       3.6956e-01       4.8422e-02       7.1325e-03       0.0000e+00       0.0000e+00       0.0000e+00
 7.0000e+00       2.8900e+00       3.7956e-01       4.6080e-02       7.0896e-03       2.2758e-03      -2.9460e-05      -1.8451e-05
 7.0000e+00       2.8900e+00       3.8956e-01       4.3882e-02       7.0528e-03       3.1114e-03      -5.4089e-05      -2.4685e-05
 7.0000e+00       2.8900e+00       3.9956e-01       4.1819e-02       7.0213e-03       3.6853e-03      -7.4502e-05      -2.8555e-05
 7.0000e+00       2.8900e+00       4.0956e-01       3.9879e-02       6.9946e-03       4.1171e-03      -9.1241e-05      -3.1089e-05
 7.0000e+00       2.8900e+00       4.1956e-01       3.8054e-02       6.9722e-03       4.4551e-03      -1.0478e-04      -3.2708e-05
 7.0000e+00       2.8900e+00       4.2956e-01       3.6335e-02       6.9536e-03       4.7251e-03      -1.1554e-04      -3.3642e-05
 7.0000e+00       2.8900e+00       4.3956e-01       3.4715e-02       6.9384e-03       4.9430e-03      -1.2389e-04      -3.4033e-05
 7.0000e+00       2.8900e+00       4.4956e-01       3.3186e-02       6.9262e-03       5.1196e-03      -1.3016e-04      -3.3981e-05
 7.0000e+00       2.8900e+00       4.5956e-01       3.1743e-02       6.9166e-03       5.2625e-03      -1.3464e-04      -3.3556e-05
 7.0000e+00       2.8900e+00       4.6956e-01       3.0379e-02       6.9095e-03       5.3775e-03      -1.3759e-04      -3.2812e-05
 7.0000e+00       2.8900e+00       4.7956e-01       2.9090e-02       6.9045e-03       5.4690e-03      -1.3923e-04      -3.1794e-05
 7.0000e+00       2.8900e+00       4.8956e-01       2.7869e-02       6.9013e-03       5.5405e-03      -1.3977e-04      -3.0534e-05
 7.0000e+00       2.8900e+00       4.9956e-01       2.6713e-02       6.8998e-03       5.5948e-03      -1.3938e-04      -2.9061e-05
 7.0000e+00       2.8900e+00       5.0956e-01       2.5618e-02       6.8997e-03       5.6343e-03      -1.3823e-04      -2.7400e-05
 7.0000e+00       2.8900e+00       5.1956e-01       2.4579e-02       6.9009e-03       5.6608e-03      -1.3645e-04      -2.5570e-05
 7.0000e+00       2.8900e+00       5.2956e-01       2.3593e-02       6.9032e-03       5.6762e-03      -1.3418e-04      -2.3590e-05
 7.0000e+00       2.8900e+00       5.3956e-01       2.2658e-02       6.9064e-03       5.6816e-03      -1.3151e-04      -2.1476e-05
 7.0000e+00       2.8900e+00       5.4956e-01       2.1769e-02       6.9104e-03       5.6784e-03      -1.2856e-04      -1.9240e-05
 7.0000e+00       2.8900e+00       5.5956e-01       2.0924e-02       6.9151e-03       5.6675e-03      -1.2541e-04      -1.6896e-05
 7.0000e+00       2.8900e+00       5.6956e-01       2.0120e-02       6.9204e-03       5.6500e-03      -1.2212e-04      -1.4455e-05
 7.0000e+00       2.8900e+00       5.7956e-01       1.9355e-02       6.9262e-03       5.6264e-03      -1.1878e-04      -1.1927e-05
 7.0000e+00       2.8900e+00       5.8956e-01       1.8627e-02       6.9323e-03       5.5976e-03      -1.1544e-04      -9.3207e-06
 7.0000e+00       2.8900e+00       5.9956e-01       1.7933e-02       6.9388e-03       5.5642e-03      -1.1216e-04      -6.6457e-06
 7.0000e+00       2.8900e+00       6.0956e-01       1.7272e-02       6.9454e-03       5.5266e-03      -1.0898e-04      -3.9097e-06
 7.0000e+00       2.8900e+00       6.1956e-01       1.6642e-02       6.9523e-03       5.4854e-03      -1.0593e-04      -1.1204e-06
 7.0000e+00       2.8900e+00       6.2956e-01       1.6041e-02       6.9591e-03       5.4410e-03      -1.0307e-04       1.7152e-06
 7.0000e+00       2.8900e+00       6.3956e-01       1.5467e-02       6.9661e-03       5.3938e-03      -1.0041e-04       4.5903e-06
 7.0000e+00       2.8900e+00       6.4956e-01       1.4919e-02       6.9730e-03       5.3440e-03      -9.7979e-05       7.4986e-06
 7.0000e+00       2.8900e+00       6.5956e-01       1.4396e-02       6.9798e-03       5.2922e-03      -9.5806e-05       1.0434e-05
 7.0000e+00       2.8900e+00       6.6956e-01       1.3896e-02       6.9865e-03       5.2384e-03      -9.3907e-05       1.3391e-05
 7.0000e+00       2.8900e+00       6.7956e-01       1.3417e-02       6.9931e-03       5.1829e-03      -9.2299e-05       1.6363e-05
 7.0000e+00       2.8900e+00       6.8956e-01       1.2960e-02       6.9995e-03       5.1260e-03      -9.0995e-05       1.9347e-05
 7.0000e+00       2.8900e+00       6.9956e-01       1.2523e-02       7.0057e-03       5.0680e-03      -9.0004e-05       2.2335e-05
 7.0000e+00       2.8900e+00       7.0956e-01       1.2104e-02       7.0116e-03       5.0088e-03      -8.9337e-05       2.5325e-05
 7.0000e+00       2.8900e+00       7.1956e-01       1.1703e-02       7.0173e-03       4.9488e-03      -8.9000e-05       2.8310e-05
 7.0000e+00       2.8900e+00       7.2956e-01       1.1319e-02       7.0226e-03       4.8881e-03      -8.8997e-05       3.1286e-05
 7.0000e+00       2.8900e+00       7.3956e-01       1.0951e-02       7.0277e-03       4.8268e-03      -8.9332e-05       3.4250e-05
 7.0000e+00       2.8900e+00       7.4956e-01       1.0599e-02       7.0324e-03       4.7650e-03      -9.0008e-05       3.7196e-05
 7.0000e+00       2.8900e+00       7.5956e-01       1.0261e-02       7.0368e-03       4.7029e-03      -9.1024e-05       4.0120e-05
 7.0000e+00       2.8900e+00       7.6956e-01       9.9365e-03       7.0409e-03       4.6405e-03      -9.2380e-05       4.3020e-05
 7.0000e+00       2.8900e+00       7.7956e-01       9.6255e-03       7.0445e-03       4.5780e-03      -9.4075e-05       4.5890e-05
 7.0000e+00       2.8900e+00       7.8956e-01       9.3270e-03       7.0478e-03       4.5154e-03      -9.6106e-05       4.8728e-05
 7.0000e+00       2.8900e+00       7.9956e-01       9.0404e-03       7.0508e-03       4.4528e-03      -9.8471e-05       5.1529e-05
 7.0000e+00       2.8900e+00       8.0956e-01       8.7653e-03       7.0533e-03       4.3902e-03      -1.0117e-04       5.4291e-05
 7.0000e+00       2.8900e+00       8.1956e-01       8.5010e-03       7.0554e-03       4.3279e-03      -1.0419e-04       5.7009e-05
 7.0000e+00       2.8900e+00       8.2956e-01       8.2470e-03       7.0572e-03       4.2657e-03      -1.0753e-04       5.9682e-05
 7.0000e+00       2.8900e+00       8.3956e-01       8.0030e-03       7.0586e-03       4.2038e-03      -1.1118e-04       6.2305e-05
 7.0000e+00       2.8900e+00       8.4956e-01       7.7683e-03       7.0595e-03       4.1421e-03      -1.1514e-04       6.4876e-05
 7.0000e+00       2.8900e+00       8.5956e-01       7.5427e-03       7.0601e-03       4.0808e-03      -1.1941e-04       6.7392e-05
 7.0000e+00       2.8900e+00       8.6956e-01       7.3257e-03       7.0603e-03       4.0199e-03      -1.2397e-04       6.9850e-05
 7.0000e+00       2.8900e+00       8.7956e-01       7.1169e-03       7.0601e-03       3.9594e-03      -1.2883e-04       7.2248e-05
 7.0000e+00       2.8900e+00       8.8956e-01       6.9160e-03       7.0595e-03       3.8993e-03      -1.3396e-04       7.4584e-05
 7.0000e+00       2.8900e+00       8.9956e-01       6.7226e-03       7.0585e-03       3.8397e-03      -1.3937e-04       7.6855e-05
 7.0000e+00       2.8900e+00       9.0956e-01       6.5364e-03       7.0571e-03       3.7806e-03      -1.4505e-04       7.9058e-05
 7.0000e+00       2.8900e+00       9.1956e-01       6.3570e-03       7.0554e-03       3.7221e-03      -1.5099e-04       8.1192e-05
 7.0000e+00       2.8900e+00       9.2956e-01       6.1843e-03       7.0533e-03       3.6640e-03      -1.5719e-04       8.3255e-05
 7.0000e+00       2.8900e+00       9.3956e-01       6.0178e-03       7.0508e-03       3.6065e-03      -1.6363e-04       8.5245e-05
 7.0000e+00       2.8900e+00       9.4956e-01       5.8574e-03       7.0480e-03       3.5496e-03      -1.7031e-04       8.7160e-05
 7.0000e+00       2.8900e+00       9.5956e-01       5.7028e-03       7.0449e-03       3.4932e-03      -1.7723e-04       8.8999e-05
 7.0000e+00       2.8900e+00       9.6956e-01       5.5537e-03       7.0413e-03       3.4375e-03      -1.8436e-04       9.0760e-05
 7.0000e+00       2.8900e+00       9.7956e-01       5.4099e-03       7.0375e-03       3.3823e-03      -1.9172e-04       9.2441e-05
 7.0000e+00       2.8900e+00       9.8956e-01       5.2713e-03       7.0333e-03       3.3278e-03      -1.9928e-04       9.4042e-05
 7.0000e+00       2.8900e+00       9.9956e-01       5.1375e-03       7.0288e-03       3.2739e-03      -2.0705e-04       9.5561e-05
 7.0000e+00       2.8900e+00       1.0096e+00       5.0084e-03       7.0240e-03       3.2206e-03      -2.1501e-04       9.6997e-05
 7.0000e+00       2.8900e+00       1.0196e+00       4.8838e-03       7.0189e-03       3.1679e-03      -2.2316e-04       9.8349e-05
 7.0000e+00       2.8900e+00       1.0296e+00       4.7635e-03       7.0135e-03       3.1159e-03      -2.3150e-04       9.9617e-05
 7.0000e+00       2.8900e+00       1.0396e+00       4.6474e-03       7.0079e-03       3.0645e-03      -2.4000e-04       1.0080e-04
 7.0000e+00       2.8900e+00       1.0496e+00       4.5352e-03       7.0019e-03       3.0137e-03      -2.4868e-04       1.0190e-04
 7.0000e+00       2.8900e+00       1.0596e+00       4.4269e-03       6.9957e-03       2.9636e-03      -2.5751e-04       1.0291e-04
 7.0000e+00       2.8900e+00       1.0696e+00       4.3222e-03       6.9892e-03       2.9141e-03      -2.6650e-04       1.0383e-04
 7.0000e+00       2.8900e+00       1.0796e+00       4.2211e-03       6.9825e-03       2.8652e-03      -2.7564e-04       1.0466e-04
 7.0000e+00       2.8900e+00       1.0896e+00       4.1234e-03       6.9756e-03       2.8170e-03      -2.8491e-04       1.0541e-04
 7.0000e+00       2.8900e+00       1.0996e+00       4.0289e-03       6.9684e-03       2.7694e-03      -2.9433e-04       1.0607e-04
 7.0000e+00       2.8900e+00       1.1096e+00       3.9376e-03       6.9610e-03       2.7224e-03      -3.0387e-04       1.0664e-04
 7.0000e+00       2.8900e+00       1.1196e+00       3.8492e-03       6.9534e-03       2.6761e-03      -3.1353e-04       1.0713e-04
 7.0000e+00       2.8900e+00       1.1296e+00       3.7638e-03       6.9456e-03       2.6304e-03      -3.2332e-04       1.0753e-04
 7.0000e+00       2.8900e+00       1.1396e+00       3.6812e-03       6.9377e-03       2.5853e-03      -3.3321e-04       1.0784e-04
 7.0000e+00       2.8900e+00       1.1496e+00       3.6013e-03       6.9295e-03       2.5408e-03      -3.4321e-04       1.0806e-04
 7.0000e+00       2.8900e+00       1.1596e+00       3.5239e-03       6.9212e-03       2.4969e-03      -3.5331e-04       1.0820e-04
 7.0000e+00       2.8900e+00       1.1696e+00       3.4491e-03       6.9127e-03       2.4536e-03      -3.6351e-04       1.0825e-04
 7.0000e+00       2.8900e+00       1.1796e+00       3.3766e-03       6.9040e-03       2.4109e-03      -3.7380e-04       1.0822e-04
 7.0000e+00       2.8900e+00       1.1896e+00       3.3065e-03       6.8952e-03       2.3689e-03      -3.8417e-04       1.0810e-04
 7.0000e+00       2.8900e+00       1.1996e+00       3.2386e-03       6.8863e-03       2.3274e-03      -3.9463e-04       1.0790e-04
 7.0000e+00       2.8900e+00       1.2096e+00       3.1728e-03       6.8772e-03       2.2864e-03      -4.0516e-04       1.0761e-04
 7.0000e+00       2.8900e+00       1.2196e+00       3.1091e-03       6.8681e-03       2.2461e-03      -4.1576e-04       1.0724e-04
 7.0000e+00       2.8900e+00       1.2296e+00       3.0474e-03       6.8588e-03       2.2063e-03      -4.2642e-04       1.0680e-04
 7.0000e+00       2.8900e+00       1.2396e+00       2.9876e-03       6.8494e-03       2.1671e-03      -4.3716e-04       1.0627e-04
 7.0000e+00       2.8900e+00       1.2496e+00       2.9296e-03       6.8399e-03       2.1284e-03      -4.4794e-04       1.0566e-04
 7.0000e+00       2.8900e+00       1.2596e+00       2.8734e-03       6.8303e-03       2.0903e-03      -4.5879e-04       1.0497e-04
 7.0000e+00       2.8900e+00       1.2696e+00       2.8190e-03       6.8207e-03       2.0527e-03      -4.6968e-04       1.0421e-04
 7.0000e+00       2.8900e+00       1.2796e+00       2.7662e-03       6.8110e-03       2.0157e-03      -4.8062e-04       1.0338e-04
 7.0000e+00       2.8900e+00       1.2896e+00       2.7150e-03       6.8012e-03       1.9792e-03      -4.9160e-04       1.0246e-04
 7.0000e+00       2.8900e+00       1.2996e+00       2.6654e-03       6.7914e-03       1.9432e-03      -5.0263e-04       1.0148e-04
 7.0000e+00       2.8900e+00       1.3096e+00       2.6173e-03       6.7815e-03       1.9077e-03      -5.1369e-04       1.0043e-04
 7.0000e+00       2.8900e+00       1.3196e+00       2.5706e-03       6.7715e-03       1.8727e-03      -5.2478e-04       9.9304e-05
 7.0000e+00       2.8900e+00       1.3296e+00       2.5253e-03       6.7616e-03       1.8382e-03      -5.3589e-04       9.8112e-05
 7.0000e+00       2.8900e+00       1.3396e+00       2.4813e-03       6.7516e-03       1.8042e-03      -5.4704e-04       9.6854e-05
 7.0000e+00       2.8900e+00       1.3496e+00       2.4386e-03       6.7416e-03       1.7707e-03      -5.5821e-04       9.5532e-05
 7.0000e+00       2.8900e+00       1.3596e+00       2.3972e-03       6.7315e-03       1.7377e-03      -5.6940e-04       9.4146e-05
 7.0000e+00       2.8900e+00       1.3696e+00       2.3570e-03       6.7215e-03       1.7051e-03      -5.8060e-04       9.2699e-05
 7.0000e+00       2.8900e+00       1.3796e+00       2.3179e-03       6.7114e-03       1.6730e-03      -5.9182e-04       9.1193e-05
 7.0000e+00       2.8900e+00       1.3896e+00       2.2800e-03       6.7013e-03       1.6413e-03      -6.0306e-04       8.9630e-05
 7.0000e+00       2.8900e+00       1.3996e+00       2.2431e-03       6.6913e-03       1.6102e-03      -6.1430e-04       8.8010e-05
 7.0000e+00       2.8900e+00       1.4096e+00       2.2074e-03       6.6812e-03       1.5794e-03      -6.2554e-04       8.6337e-05
 7.0000e+00       2.8900e+00       1.4196e+00       2.1726e-03       6.6712e-03       1.5491e-03      -6.3680e-04       8.4611e-05
 7.0000e+00       2.8900e+00       1.4296e+00       2.1388e-03       6.6611e-03       1.5192e-03      -6.4805e-04       8.2836e-05
 7.0000e+00       2.8900e+00       1.4396e+00       2.1060e-03       6.6511e-03       1.4897e-03      -6.5931e-04       8.1012e-05
 7.0000e+00       2.8900e+00       1.4496e+00       2.0741e-03       6.6412e-03       1.4607e-03      -6.7056e-04       7.9142e-05
 7.0000e+00       2.8900e+00       1.4596e+00       2.0430e-03       6.6312e-03       1.4320e-03      -6.8181e-04       7.7227e-05
 7.0000e+00       2.8900e+00       1.4696e+00       2.0129e-03       6.6213e-03       1.4038e-03      -6.9305e-04       7.5271e-05
 7.0000e+00       2.8900e+00       1.4796e+00       1.9835e-03       6.6114e-03       1.3759e-03      -7.0428e-04       7.3274e-05
 7.0000e+00       2.8900e+00       1.4896e+00       1.9550e-03       6.6016e-03       1.3484e-03      -7.1550e-04       7.1239e-05
 7.0000e+00       2.8900e+00       1.4996e+00       1.9272e-03       6.5918e-03       1.3214e-03      -7.2672e-04       6.9168e-05
 7.0000e+00       2.8900e+00       1.5096e+00       1.9002e-03       6.5820e-03       1.2946e-03      -7.3791e-04       6.7062e-05
 7.0000e+00       2.8900e+00       1.5196e+00       1.8740e-03       6.5723e-03       1.2683e-03      -7.4910e-04       6.4925e-05
 7.0000e+00       2.8900e+00       1.5296e+00       1.8484e-03       6.5627e-03       1.2423e-03      -7.6026e-04       6.2757e-05
 7.0000e+00       2.8900e+00       1.5396e+00       1.8235e-03       6.5531e-03       1.2167e-03      -7.7141e-04       6.0561e-05
 7.0000e+00       2.8900e+00       1.5496e+00       1.7993e-03       6.5435e-03       1.1915e-03      -7.8254e-04       5.8339e-05
 7.0000e+00       2.8900e+00       1.5596e+00       1.7757e-03       6.5340e-03       1.1665e-03      -7.9365e-04       5.6093e-05
 7.0000e+00       2.8900e+00       1.5696e+00       1.7527e-03       6.5246e-03       1.1420e-03      -8.0474e-04       5.3826e-05
 7.0000e+00       2.8900e+00       1.5796e+00       1.7303e-03       6.5152e-03       1.1177e-03      -8.1580e-04       5.1538e-05
 7.0000e+00       2.8900e+00       1.5896e+00       1.7085e-03       6.5059e-03       1.0938e-03      -8.2684e-04       4.9232e-05
 7.0000e+00       2.8900e+00       1.5996e+00       1.6872e-03       6.4967e-03       1.0702e-03      -8.3785e-04       4.6911e-05
 7.0000e+00       2.8900e+00       1.6096e+00       1.6665e-03       6.4875e-03       1.0470e-03      -8.4884e-04       4.4575e-05
 7.0000e+00       2.8900e+00       1.6196e+00       1.6464e-03       6.4784e-03       1.0240e-03      -8.5980e-04       4.2228e-05
 7.0000e+00       2.8900e+00       1.6296e+00       1.6267e-03       6.4694e-03       1.0014e-03      -8.7072e-04       3.9871e-05
 7.0000e+00       2.8900e+00       1.6396e+00       1.6075e-03       6.4604e-03       9.7901e-04      -8.8162e-04       3.7505e-05
 7.0000e+00       2.8900e+00       1.6496e+00       1.5888e-03       6.4515e-03       9.5696e-04      -8.9249e-04       3.5134e-05
