 6.5000e+00       2.8900e+00       3.3082e-01       6.4778e-02       9.8383e-03       0.0000e+00       0.0000e+00       0.0000e+00
 6.5000e+00       2.8900e+00       3.4082e-01       6.1422e-02       9.7303e-03       3.0175e-03      -5.7106e-05      -2.7587e-05
 6.5000e+00       2.8900e+00       3.5082e-01       5.8288e-02       9.6342e-03       4.1135e-03      -1.0537e-04      -3.7080e-05
 6.5000e+00       2.8900e+00       3.6082e-01       5.5358e-02       9.5486e-03       4.8589e-03      -1.4594e-04      -4.3115e-05
 6.5000e+00       2.8900e+00       3.7082e-01       5.2617e-02       9.4724e-03       5.4138e-03      -1.7982e-04      -4.7210e-05
 6.5000e+00       2.8900e+00       3.8082e-01       5.0048e-02       9.4045e-03       5.8432e-03      -2.0787e-04      -4.9986e-05
 6.5000e+00       2.8900e+00       3.9082e-01       4.7638e-02       9.3442e-03       6.1820e-03      -2.3088e-04      -5.1780e-05
 6.5000e+00       2.8900e+00       4.0082e-01       4.5376e-02       9.2905e-03       6.4517e-03      -2.4950e-04      -5.2802e-05
 6.5000e+00       2.8900e+00       4.1082e-01       4.3249e-02       9.2429e-03       6.6666e-03      -2.6433e-04      -5.3194e-05
 6.5000e+00       2.8900e+00       4.2082e-01       4.1249e-02       9.2006e-03       6.8373e-03      -2.7588e-04      -5.3061e-05
 6.5000e+00       2.8900e+00       4.3082e-01       3.9365e-02       9.1632e-03       6.9714e-03      -2.8460e-04      -5.2481e-05
 6.5000e+00       2.8900e+00       4.4082e-01       3.7589e-02       9.1300e-03       7.0748e-03      -2.9089e-04      -5.1515e-05
 6.5000e+00       2.8900e+00       4.5082e-01       3.5915e-02       9.1007e-03       7.1523e-03      -2.9512e-04      -5.0214e-05
 6.5000e+00       2.8900e+00       4.6082e-01       3.4334e-02       9.0749e-03       7.2077e-03      -2.9758e-04      -4.8617e-05
 6.5000e+00       2.8900e+00       4.7082e-01       3.2840e-02       9.0521e-03       7.2440e-03      -2.9856e-04      -4.6758e-05
 6.5000e+00       2.8900e+00       4.8082e-01       3.1428e-02       9.0321e-03       7.2640e-03      -2.9830e-04      -4.4668e-05
 6.5000e+00       2.8900e+00       4.9082e-01       3.0091e-02       9.0145e-03       7.2696e-03      -2.9701e-04      -4.2370e-05
 6.5000e+00       2.8900e+00       5.0082e-01       2.8826e-02       8.9991e-03       7.2629e-03      -2.9489e-04      -3.9886e-05
 6.5000e+00       2.8900e+00       5.1082e-01       2.7628e-02       8.9856e-03       7.2454e-03      -2.9209e-04      -3.7235e-05
 6.5000e+00       2.8900e+00       5.2082e-01       2.6492e-02       8.9738e-03       7.2183e-03      -2.8877e-04      -3.4435e-05
 6.5000e+00       2.8900e+00       5.3082e-01       2.5414e-02       8.9636e-03       7.1830e-03      -2.8506e-04      -3.1500e-05
 6.5000e+00       2.8900e+00       5.4082e-01       2.4390e-02       8.9546e-03       7.1404e-03      -2.8107e-04      -2.8445e-05
 6.5000e+00       2.8900e+00       5.5082e-01       2.3419e-02       8.9469e-03       7.0914e-03      -2.7691e-04      -2.5282e-05
 6.5000e+00       2.8900e+00       5.6082e-01       2.2495e-02       8.9401e-03       7.0369e-03      -2.7266e-04      -2.2023e-05
 6.5000e+00       2.8900e+00       5.7082e-01       2.1617e-02       8.9342e-03       6.9774e-03      -2.6840e-04      -1.8677e-05
 6.5000e+00       2.8900e+00       5.8082e-01       2.0782e-02       8.9290e-03       6.9137e-03      -2.6420e-04      -1.5256e-05
 6.5000e+00       2.8900e+00       5.9082e-01       1.9987e-02       8.9245e-03       6.8462e-03      -2.6013e-04      -1.1769e-05
 6.5000e+00       2.8900e+00       6.0082e-01       1.9230e-02       8.9204e-03       6.7755e-03      -2.5622e-04      -8.2231e-06
 6.5000e+00       2.8900e+00       6.1082e-01       1.8509e-02       8.9168e-03       6.7020e-03      -2.5253e-04      -4.6279e-06
 6.5000e+00       2.8900e+00       6.2082e-01       1.7821e-02       8.9135e-03       6.6261e-03      -2.4910e-04      -9.9087e-07
 6.5000e+00       2.8900e+00       6.3082e-01       1.7166e-02       8.9105e-03       6.5481e-03      -2.4596e-04       2.6808e-06
 6.5000e+00       2.8900e+00       6.4082e-01       1.6540e-02       8.9077e-03       6.4683e-03      -2.4313e-04       6.3799e-06
 6.5000e+00       2.8900e+00       6.5082e-01       1.5943e-02       8.9050e-03       6.3871e-03      -2.4065e-04       1.0100e-05
 6.5000e+00       2.8900e+00       6.6082e-01       1.5373e-02       8.9023e-03       6.3046e-03      -2.3853e-04       1.3834e-05
 6.5000e+00       2.8900e+00       6.7082e-01       1.4829e-02       8.8997e-03       6.2211e-03      -2.3679e-04       1.7577e-05
 6.5000e+00       2.8900e+00       6.8082e-01       1.4309e-02       8.8970e-03       6.1368e-03      -2.3544e-04       2.1322e-05
 6.5000e+00       2.8900e+00       6.9082e-01       1.3811e-02       8.8943e-03       6.0519e-03      -2.3449e-04       2.5064e-05
 6.5000e+00       2.8900e+00       7.0082e-01       1.3336e-02       8.8914e-03       5.9666e-03      -2.3395e-04       2.8797e-05
 6.5000e+00       2.8900e+00       7.1082e-01       1.2880e-02       8.8884e-03       5.8809e-03      -2.3382e-04       3.2517e-05
 6.5000e+00       2.8900e+00       7.2082e-01       1.2445e-02       8.8851e-03       5.7951e-03      -2.3412e-04       3.6217e-05
 6.5000e+00       2.8900e+00       7.3082e-01       1.2028e-02       8.8817e-03       5.7093e-03      -2.3483e-04       3.9892e-05
 6.5000e+00       2.8900e+00       7.4082e-01       1.1629e-02       8.8780e-03       5.6235e-03      -2.3597e-04       4.3540e-05
 6.5000e+00       2.8900e+00       7.5082e-01       1.1246e-02       8.8740e-03       5.5379e-03      -2.3752e-04       4.7153e-05
 6.5000e+00       2.8900e+00       7.6082e-01       1.0880e-02       8.8698e-03       5.4526e-03      -2.3950e-04       5.0730e-05
 6.5000e+00       2.8900e+00       7.7082e-01       1.0528e-02       8.8653e-03       5.3676e-03      -2.4188e-04       5.4264e-05
 6.5000e+00       2.8900e+00       7.8082e-01       1.0191e-02       8.8604e-03       5.2831e-03      -2.4468e-04       5.7751e-05
 6.5000e+00       2.8900e+00       7.9082e-01       9.8679e-03       8.8552e-03       5.1990e-03      -2.4788e-04       6.1189e-05
 6.5000e+00       2.8900e+00       8.0082e-01       9.5577e-03       8.8497e-03       5.1154e-03      -2.5148e-04       6.4573e-05
 6.5000e+00       2.8900e+00       8.1082e-01       9.2601e-03       8.8438e-03       5.0324e-03      -2.5547e-04       6.7899e-05
 6.5000e+00       2.8900e+00       8.2082e-01       8.9743e-03       8.8376e-03       4.9501e-03      -2.5984e-04       7.1165e-05
 6.5000e+00       2.8900e+00       8.3082e-01       8.6998e-03       8.8310e-03       4.8685e-03      -2.6459e-04       7.4365e-05
 6.5000e+00       2.8900e+00       8.4082e-01       8.4362e-03       8.8241e-03       4.7875e-03      -2.6971e-04       7.7498e-05
 6.5000e+00       2.8900e+00       8.5082e-01       8.1829e-03       8.8168e-03       4.7074e-03      -2.7519e-04       8.0561e-05
 6.5000e+00       2.8900e+00       8.6082e-01       7.9395e-03       8.8091e-03       4.6280e-03      -2.8101e-04       8.3549e-05
 6.5000e+00       2.8900e+00       8.7082e-01       7.7055e-03       8.8011e-03       4.5494e-03      -2.8718e-04       8.6461e-05
 6.5000e+00       2.8900e+00       8.8082e-01       7.4805e-03       8.7927e-03       4.4717e-03      -2.9369e-04       8.9294e-05
 6.5000e+00       2.8900e+00       8.9082e-01       7.2640e-03       8.7840e-03       4.3947e-03      -3.0051e-04       9.2044e-05
 6.5000e+00       2.8900e+00       9.0082e-01       7.0558e-03       8.7749e-03       4.3187e-03      -3.0765e-04       9.4711e-05
 6.5000e+00       2.8900e+00       9.1082e-01       6.8555e-03       8.7654e-03       4.2435e-03      -3.1510e-04       9.7291e-05
 6.5000e+00       2.8900e+00       9.2082e-01       6.6626e-03       8.7556e-03       4.1693e-03      -3.2284e-04       9.9782e-05
 6.5000e+00       2.8900e+00       9.3082e-01       6.4770e-03       8.7454e-03       4.0959e-03      -3.3086e-04       1.0218e-04
 6.5000e+00       2.8900e+00       9.4082e-01       6.2982e-03       8.7349e-03       4.0235e-03      -3.3916e-04       1.0449e-04
 6.5000e+00       2.8900e+00       9.5082e-01       6.1261e-03       8.7241e-03       3.9519e-03      -3.4773e-04       1.0671e-04
 6.5000e+00       2.8900e+00       9.6082e-01       5.9602e-03       8.7129e-03       3.8813e-03      -3.5655e-04       1.0882e-04
 6.5000e+00       2.8900e+00       9.7082e-01       5.8004e-03       8.7015e-03       3.8116e-03      -3.6562e-04       1.1084e-04
 6.5000e+00       2.8900e+00       9.8082e-01       5.6464e-03       8.6897e-03       3.7428e-03      -3.7493e-04       1.1277e-04
 6.5000e+00       2.8900e+00       9.9082e-01       5.4980e-03       8.6776e-03       3.6749e-03      -3.8447e-04       1.1459e-04
 6.5000e+00       2.8900e+00       1.0008e+00       5.3549e-03       8.6652e-03       3.6080e-03      -3.9424e-04       1.1631e-04
 6.5000e+00       2.8900e+00       1.0108e+00       5.2168e-03       8.6526e-03       3.5420e-03      -4.0421e-04       1.1793e-04
 6.5000e+00       2.8900e+00       1.0208e+00       5.0837e-03       8.6397e-03       3.4769e-03      -4.1438e-04       1.1945e-04
 6.5000e+00       2.8900e+00       1.0308e+00       4.9553e-03       8.6265e-03       3.4127e-03      -4.2475e-04       1.2086e-04
 6.5000e+00       2.8900e+00       1.0408e+00       4.8314e-03       8.6130e-03       3.3494e-03      -4.3531e-04       1.2217e-04
 6.5000e+00       2.8900e+00       1.0508e+00       4.7118e-03       8.5993e-03       3.2871e-03      -4.4605e-04       1.2338e-04
 6.5000e+00       2.8900e+00       1.0608e+00       4.5964e-03       8.5854e-03       3.2256e-03      -4.5695e-04       1.2448e-04
 6.5000e+00       2.8900e+00       1.0708e+00       4.4850e-03       8.5712e-03       3.1650e-03      -4.6802e-04       1.2547e-04
 6.5000e+00       2.8900e+00       1.0808e+00       4.3774e-03       8.5568e-03       3.1053e-03      -4.7924e-04       1.2636e-04
 6.5000e+00       2.8900e+00       1.0908e+00       4.2735e-03       8.5422e-03       3.0465e-03      -4.9061e-04       1.2715e-04
 6.5000e+00       2.8900e+00       1.1008e+00       4.1732e-03       8.5274e-03       2.9885e-03      -5.0211e-04       1.2783e-04
 6.5000e+00       2.8900e+00       1.1108e+00       4.0762e-03       8.5125e-03       2.9314e-03      -5.1375e-04       1.2840e-04
 6.5000e+00       2.8900e+00       1.1208e+00       3.9825e-03       8.4973e-03       2.8752e-03      -5.2552e-04       1.2887e-04
 6.5000e+00       2.8900e+00       1.1308e+00       3.8920e-03       8.4820e-03       2.8198e-03      -5.3740e-04       1.2924e-04
 6.5000e+00       2.8900e+00       1.1408e+00       3.8045e-03       8.4665e-03       2.7652e-03      -5.4940e-04       1.2950e-04
 6.5000e+00       2.8900e+00       1.1508e+00       3.7199e-03       8.4509e-03       2.7115e-03      -5.6150e-04       1.2966e-04
 6.5000e+00       2.8900e+00       1.1608e+00       3.6381e-03       8.4351e-03       2.6585e-03      -5.7370e-04       1.2972e-04
 6.5000e+00       2.8900e+00       1.1708e+00       3.5590e-03       8.4192e-03       2.6064e-03      -5.8599e-04       1.2968e-04
 6.5000e+00       2.8900e+00       1.1808e+00       3.4825e-03       8.4032e-03       2.5551e-03      -5.9837e-04       1.2953e-04
 6.5000e+00       2.8900e+00       1.1908e+00       3.4085e-03       8.3871e-03       2.5045e-03      -6.1083e-04       1.2929e-04
 6.5000e+00       2.8900e+00       1.2008e+00       3.3369e-03       8.3709e-03       2.4547e-03      -6.2337e-04       1.2895e-04
 6.5000e+00       2.8900e+00       1.2108e+00       3.2677e-03       8.3546e-03       2.4057e-03      -6.3598e-04       1.2851e-04
 6.5000e+00       2.8900e+00       1.2208e+00       3.2006e-03       8.3382e-03       2.3574e-03      -6.4865e-04       1.2797e-04
 6.5000e+00       2.8900e+00       1.2308e+00       3.1357e-03       8.3217e-03       2.3099e-03      -6.6138e-04       1.2734e-04
 6.5000e+00       2.8900e+00       1.2408e+00       3.0729e-03       8.3052e-03       2.2631e-03      -6.7417e-04       1.2662e-04
 6.5000e+00       2.8900e+00       1.2508e+00       3.0121e-03       8.2886e-03       2.2170e-03      -6.8701e-04       1.2580e-04
 6.5000e+00       2.8900e+00       1.2608e+00       2.9532e-03       8.2720e-03       2.1716e-03      -6.9989e-04       1.2490e-04
 6.5000e+00       2.8900e+00       1.2708e+00       2.8961e-03       8.2553e-03       2.1269e-03      -7.1282e-04       1.2390e-04
 6.5000e+00       2.8900e+00       1.2808e+00       2.8408e-03       8.2386e-03       2.0829e-03      -7.2578e-04       1.2282e-04
 6.5000e+00       2.8900e+00       1.2908e+00       2.7873e-03       8.2219e-03       2.0396e-03      -7.3877e-04       1.2165e-04
 6.5000e+00       2.8900e+00       1.3008e+00       2.7354e-03       8.2051e-03       1.9970e-03      -7.5180e-04       1.2040e-04
 6.5000e+00       2.8900e+00       1.3108e+00       2.6851e-03       8.1884e-03       1.9550e-03      -7.6484e-04       1.1907e-04
 6.5000e+00       2.8900e+00       1.3208e+00       2.6364e-03       8.1716e-03       1.9136e-03      -7.7791e-04       1.1766e-04
 6.5000e+00       2.8900e+00       1.3308e+00       2.5892e-03       8.1548e-03       1.8729e-03      -7.9100e-04       1.1617e-04
 6.5000e+00       2.8900e+00       1.3408e+00       2.5434e-03       8.1381e-03       1.8328e-03      -8.0410e-04       1.1461e-04
 6.5000e+00       2.8900e+00       1.3508e+00       2.4990e-03       8.1213e-03       1.7933e-03      -8.1721e-04       1.1297e-04
 6.5000e+00       2.8900e+00       1.3608e+00       2.4559e-03       8.1046e-03       1.7544e-03      -8.3033e-04       1.1126e-04
 6.5000e+00       2.8900e+00       1.3708e+00       2.4141e-03       8.0879e-03       1.7162e-03      -8.4345e-04       1.0948e-04
 6.5000e+00       2.8900e+00       1.3808e+00       2.3736e-03       8.0713e-03       1.6785e-03      -8.5658e-04       1.0763e-04
 6.5000e+00       2.8900e+00       1.3908e+00       2.3342e-03       8.0547e-03       1.6413e-03      -8.6970e-04       1.0572e-04
 6.5000e+00       2.8900e+00       1.4008e+00       2.2961e-03       8.0381e-03       1.6048e-03      -8.8282e-04       1.0374e-04
 6.5000e+00       2.8900e+00       1.4108e+00       2.2590e-03       8.0216e-03       1.5688e-03      -8.9593e-04       1.0171e-04
 6.5000e+00       2.8900e+00       1.4208e+00       2.2231e-03       8.0051e-03       1.5333e-03      -9.0903e-04       9.9611e-05
 6.5000e+00       2.8900e+00       1.4308e+00       2.1882e-03       7.9887e-03       1.4984e-03      -9.2212e-04       9.7460e-05
 6.5000e+00       2.8900e+00       1.4408e+00       2.1543e-03       7.9724e-03       1.4640e-03      -9.3519e-04       9.5255e-05
 6.5000e+00       2.8900e+00       1.4508e+00       2.1214e-03       7.9561e-03       1.4301e-03      -9.4825e-04       9.2998e-05
 6.5000e+00       2.8900e+00       1.4608e+00       2.0894e-03       7.9399e-03       1.3967e-03      -9.6129e-04       9.0693e-05
 6.5000e+00       2.8900e+00       1.4708e+00       2.0583e-03       7.9238e-03       1.3638e-03      -9.7430e-04       8.8340e-05
 6.5000e+00       2.8900e+00       1.4808e+00       2.0282e-03       7.9078e-03       1.3315e-03      -9.8730e-04       8.5943e-05
 6.5000e+00       2.8900e+00       1.4908e+00       1.9989e-03       7.8918e-03       1.2996e-03      -1.0003e-03       8.3504e-05
 6.5000e+00       2.8900e+00       1.5008e+00       1.9704e-03       7.8760e-03       1.2681e-03      -1.0132e-03       8.1026e-05
 6.5000e+00       2.8900e+00       1.5108e+00       1.9427e-03       7.8602e-03       1.2372e-03      -1.0261e-03       7.8510e-05
 6.5000e+00       2.8900e+00       1.5208e+00       1.9157e-03       7.8445e-03       1.2067e-03      -1.0390e-03       7.5959e-05
 6.5000e+00       2.8900e+00       1.5308e+00       1.8896e-03       7.8289e-03       1.1766e-03      -1.0519e-03       7.3376e-05
 6.5000e+00       2.8900e+00       1.5408e+00       1.8641e-03       7.8134e-03       1.1470e-03      -1.0647e-03       7.0763e-05
 6.5000e+00       2.8900e+00       1.5508e+00       1.8393e-03       7.7980e-03       1.1178e-03      -1.0775e-03       6.8122e-05
 6.5000e+00       2.8900e+00       1.5608e+00       1.8152e-03       7.7827e-03       1.0891e-03      -1.0902e-03       6.5456e-05
 6.5000e+00       2.8900e+00       1.5708e+00       1.7918e-03       7.7675e-03       1.0608e-03      -1.1029e-03       6.2767e-05
 6.5000e+00       2.8900e+00       1.5808e+00       1.7690e-03       7.7524e-03       1.0328e-03      -1.1156e-03       6.0057e-05
 6.5000e+00       2.8900e+00       1.5908e+00       1.7468e-03       7.7374e-03       1.0053e-03      -1.1282e-03       5.7330e-05
 6.5000e+00       2.8900e+00       1.6008e+00       1.7252e-03       7.7225e-03       9.7821e-04      -1.1408e-03       5.4586e-05
 6.5000e+00       2.8900e+00       1.6108e+00       1.7041e-03       7.7077e-03       9.5148e-04      -1.1533e-03       5.1829e-05
 6.5000e+00       2.8900e+00       1.6208e+00       1.6837e-03       7.6931e-03       9.2514e-04      -1.1658e-03       4.9060e-05
 6.5000e+00       2.8900e+00       1.6308e+00       1.6637e-03       7.6785e-03       8.9917e-04      -1.1783e-03       4.6283e-05
 6.5000e+00       2.8900e+00       1.6408e+00       1.6443e-03       7.6641e-03       8.7358e-04      -1.1907e-03       4.3499e-05
