 4.0000e+00       3.2800e+00       9.8972e-02       3.3050e-01       5.1831e-02       0.0000e+00       0.0000e+00       0.0000e+00
 4.0000e+00       3.2800e+00       1.0897e-01       2.9645e-01       4.8269e-02       1.7885e-02      -1.6013e-03      -9.6036e-05
 4.0000e+00       3.2800e+00       1.1897e-01       2.6703e-01       4.5246e-02       2.2821e-02      -2.7916e-03      -1.2956e-04
 4.0000e+00       3.2800e+00       1.2897e-01       2.4144e-01       4.2647e-02       2.5394e-02      -3.6739e-03      -1.5135e-04
 4.0000e+00       3.2800e+00       1.3897e-01       2.1904e-01       4.0390e-02       2.6798e-02      -4.3225e-03      -1.6666e-04
 4.0000e+00       3.2800e+00       1.4897e-01       1.9932e-01       3.8412e-02       2.7519e-02      -4.7917e-03      -1.7767e-04
 4.0000e+00       3.2800e+00       1.5897e-01       1.8188e-01       3.6663e-02       2.7807e-02      -5.1223e-03      -1.8555e-04
 4.0000e+00       3.2800e+00       1.6897e-01       1.6637e-01       3.5107e-02       2.7809e-02      -5.3450e-03      -1.9104e-04
 4.0000e+00       3.2800e+00       1.7897e-01       1.5253e-01       3.3714e-02       2.7614e-02      -5.4834e-03      -1.9465e-04
 4.0000e+00       3.2800e+00       1.8897e-01       1.4014e-01       3.2459e-02       2.7282e-02      -5.5557e-03      -1.9673e-04
 4.0000e+00       3.2800e+00       1.9897e-01       1.2899e-01       3.1323e-02       2.6855e-02      -5.5762e-03      -1.9756e-04
 4.0000e+00       3.2800e+00       2.0897e-01       1.1894e-01       3.0290e-02       2.6361e-02      -5.5562e-03      -1.9736e-04
 4.0000e+00       3.2800e+00       2.1897e-01       1.0985e-01       2.9347e-02       2.5819e-02      -5.5046e-03      -1.9628e-04
 4.0000e+00       3.2800e+00       2.2897e-01       1.0161e-01       2.8481e-02       2.5246e-02      -5.4285e-03      -1.9448e-04
 4.0000e+00       3.2800e+00       2.3897e-01       9.4108e-02       2.7685e-02       2.4651e-02      -5.3335e-03      -1.9206e-04
 4.0000e+00       3.2800e+00       2.4897e-01       8.7275e-02       2.6950e-02       2.4043e-02      -5.2243e-03      -1.8911e-04
 4.0000e+00       3.2800e+00       2.5897e-01       8.1035e-02       2.6269e-02       2.3428e-02      -5.1046e-03      -1.8571e-04
 4.0000e+00       3.2800e+00       2.6897e-01       7.5324e-02       2.5636e-02       2.2812e-02      -4.9772e-03      -1.8193e-04
 4.0000e+00       3.2800e+00       2.7897e-01       7.0089e-02       2.5047e-02       2.2197e-02      -4.8447e-03      -1.7783e-04
 4.0000e+00       3.2800e+00       2.8897e-01       6.5281e-02       2.4496e-02       2.1586e-02      -4.7089e-03      -1.7345e-04
 4.0000e+00       3.2800e+00       2.9897e-01       6.0858e-02       2.3981e-02       2.0982e-02      -4.5716e-03      -1.6883e-04
 4.0000e+00       3.2800e+00       3.0897e-01       5.6783e-02       2.3496e-02       2.0386e-02      -4.4338e-03      -1.6401e-04
 4.0000e+00       3.2800e+00       3.1897e-01       5.3023e-02       2.3041e-02       1.9799e-02      -4.2968e-03      -1.5903e-04
 4.0000e+00       3.2800e+00       3.2897e-01       4.9550e-02       2.2611e-02       1.9222e-02      -4.1612e-03      -1.5390e-04
 4.0000e+00       3.2800e+00       3.3897e-01       4.6337e-02       2.2205e-02       1.8656e-02      -4.0278e-03      -1.4866e-04
 4.0000e+00       3.2800e+00       3.4897e-01       4.3362e-02       2.1820e-02       1.8102e-02      -3.8970e-03      -1.4332e-04
 4.0000e+00       3.2800e+00       3.5897e-01       4.0604e-02       2.1455e-02       1.7559e-02      -3.7693e-03      -1.3790e-04
 4.0000e+00       3.2800e+00       3.6897e-01       3.8044e-02       2.1108e-02       1.7028e-02      -3.6450e-03      -1.3243e-04
 4.0000e+00       3.2800e+00       3.7897e-01       3.5665e-02       2.0778e-02       1.6510e-02      -3.5243e-03      -1.2691e-04
 4.0000e+00       3.2800e+00       3.8897e-01       3.3454e-02       2.0463e-02       1.6004e-02      -3.4074e-03      -1.2135e-04
 4.0000e+00       3.2800e+00       3.9897e-01       3.1395e-02       2.0161e-02       1.5509e-02      -3.2944e-03      -1.1577e-04
 4.0000e+00       3.2800e+00       4.0897e-01       2.9477e-02       1.9873e-02       1.5027e-02      -3.1853e-03      -1.1019e-04
 4.0000e+00       3.2800e+00       4.1897e-01       2.7690e-02       1.9596e-02       1.4557e-02      -3.0803e-03      -1.0460e-04
 4.0000e+00       3.2800e+00       4.2897e-01       2.6022e-02       1.9331e-02       1.4099e-02      -2.9793e-03      -9.9020e-05
 4.0000e+00       3.2800e+00       4.3897e-01       2.4465e-02       1.9075e-02       1.3653e-02      -2.8822e-03      -9.3456e-05
 4.0000e+00       3.2800e+00       4.4897e-01       2.3010e-02       1.8829e-02       1.3218e-02      -2.7891e-03      -8.7914e-05
 4.0000e+00       3.2800e+00       4.5897e-01       2.1649e-02       1.8592e-02       1.2794e-02      -2.7000e-03      -8.2403e-05
 4.0000e+00       3.2800e+00       4.6897e-01       2.0377e-02       1.8363e-02       1.2382e-02      -2.6146e-03      -7.6926e-05
 4.0000e+00       3.2800e+00       4.7897e-01       1.9186e-02       1.8141e-02       1.1980e-02      -2.5330e-03      -7.1491e-05
 4.0000e+00       3.2800e+00       4.8897e-01       1.8070e-02       1.7927e-02       1.1590e-02      -2.4550e-03      -6.6101e-05
 4.0000e+00       3.2800e+00       4.9897e-01       1.7025e-02       1.7719e-02       1.1209e-02      -2.3806e-03      -6.0763e-05
 4.0000e+00       3.2800e+00       5.0897e-01       1.6045e-02       1.7517e-02       1.0839e-02      -2.3097e-03      -5.5479e-05
 4.0000e+00       3.2800e+00       5.1897e-01       1.5126e-02       1.7321e-02       1.0479e-02      -2.2421e-03      -5.0255e-05
 4.0000e+00       3.2800e+00       5.2897e-01       1.4263e-02       1.7131e-02       1.0129e-02      -2.1779e-03      -4.5094e-05
 4.0000e+00       3.2800e+00       5.3897e-01       1.3454e-02       1.6945e-02       9.7888e-03      -2.1167e-03      -4.0000e-05
 4.0000e+00       3.2800e+00       5.4897e-01       1.2693e-02       1.6764e-02       9.4576e-03      -2.0586e-03      -3.4975e-05
 4.0000e+00       3.2800e+00       5.5897e-01       1.1978e-02       1.6588e-02       9.1355e-03      -2.0035e-03      -3.0024e-05
 4.0000e+00       3.2800e+00       5.6897e-01       1.1307e-02       1.6416e-02       8.8223e-03      -1.9512e-03      -2.5149e-05
 4.0000e+00       3.2800e+00       5.7897e-01       1.0675e-02       1.6247e-02       8.5178e-03      -1.9017e-03      -2.0352e-05
 4.0000e+00       3.2800e+00       5.8897e-01       1.0081e-02       1.6083e-02       8.2217e-03      -1.8548e-03      -1.5637e-05
 4.0000e+00       3.2800e+00       5.9897e-01       9.5226e-03       1.5922e-02       7.9338e-03      -1.8104e-03      -1.1005e-05
 4.0000e+00       3.2800e+00       6.0897e-01       8.9968e-03       1.5764e-02       7.6540e-03      -1.7685e-03      -6.4593e-06
 4.0000e+00       3.2800e+00       6.1897e-01       8.5017e-03       1.5609e-02       7.3821e-03      -1.7289e-03      -2.0018e-06
 4.0000e+00       3.2800e+00       6.2897e-01       8.0356e-03       1.5458e-02       7.1177e-03      -1.6915e-03       2.3657e-06
 4.0000e+00       3.2800e+00       6.3897e-01       7.5965e-03       1.5309e-02       6.8607e-03      -1.6564e-03       6.6413e-06
 4.0000e+00       3.2800e+00       6.4897e-01       7.1829e-03       1.5163e-02       6.6110e-03      -1.6232e-03       1.0823e-05
 4.0000e+00       3.2800e+00       6.5897e-01       6.7932e-03       1.5019e-02       6.3683e-03      -1.5921e-03       1.4910e-05
 4.0000e+00       3.2800e+00       6.6897e-01       6.4259e-03       1.4878e-02       6.1325e-03      -1.5628e-03       1.8900e-05
 4.0000e+00       3.2800e+00       6.7897e-01       6.0797e-03       1.4739e-02       5.9033e-03      -1.5354e-03       2.2792e-05
 4.0000e+00       3.2800e+00       6.8897e-01       5.7533e-03       1.4602e-02       5.6807e-03      -1.5097e-03       2.6584e-05
 4.0000e+00       3.2800e+00       6.9897e-01       5.4456e-03       1.4467e-02       5.4643e-03      -1.4856e-03       3.0277e-05
 4.0000e+00       3.2800e+00       7.0897e-01       5.1554e-03       1.4335e-02       5.2541e-03      -1.4631e-03       3.3867e-05
 4.0000e+00       3.2800e+00       7.1897e-01       4.8817e-03       1.4204e-02       5.0498e-03      -1.4422e-03       3.7356e-05
 4.0000e+00       3.2800e+00       7.2897e-01       4.6235e-03       1.4075e-02       4.8514e-03      -1.4226e-03       4.0741e-05
 4.0000e+00       3.2800e+00       7.3897e-01       4.3799e-03       1.3948e-02       4.6587e-03      -1.4045e-03       4.4022e-05
 4.0000e+00       3.2800e+00       7.4897e-01       4.1501e-03       1.3822e-02       4.4714e-03      -1.3876e-03       4.7198e-05
 4.0000e+00       3.2800e+00       7.5897e-01       3.9333e-03       1.3698e-02       4.2895e-03      -1.3720e-03       5.0270e-05
 4.0000e+00       3.2800e+00       7.6897e-01       3.7288e-03       1.3576e-02       4.1129e-03      -1.3576e-03       5.3236e-05
 4.0000e+00       3.2800e+00       7.7897e-01       3.5358e-03       1.3455e-02       3.9413e-03      -1.3443e-03       5.6096e-05
 4.0000e+00       3.2800e+00       7.8897e-01       3.3536e-03       1.3336e-02       3.7746e-03      -1.3321e-03       5.8850e-05
 4.0000e+00       3.2800e+00       7.9897e-01       3.1818e-03       1.3218e-02       3.6127e-03      -1.3209e-03       6.1498e-05
 4.0000e+00       3.2800e+00       8.0897e-01       3.0196e-03       1.3102e-02       3.4556e-03      -1.3107e-03       6.4040e-05
 4.0000e+00       3.2800e+00       8.1897e-01       2.8666e-03       1.2987e-02       3.3029e-03      -1.3014e-03       6.6476e-05
 4.0000e+00       3.2800e+00       8.2897e-01       2.7222e-03       1.2873e-02       3.1547e-03      -1.2930e-03       6.8806e-05
 4.0000e+00       3.2800e+00       8.3897e-01       2.5860e-03       1.2760e-02       3.0107e-03      -1.2854e-03       7.1030e-05
 4.0000e+00       3.2800e+00       8.4897e-01       2.4575e-03       1.2649e-02       2.8710e-03      -1.2786e-03       7.3149e-05
 4.0000e+00       3.2800e+00       8.5897e-01       2.3363e-03       1.2539e-02       2.7353e-03      -1.2725e-03       7.5162e-05
 4.0000e+00       3.2800e+00       8.6897e-01       2.2219e-03       1.2430e-02       2.6035e-03      -1.2672e-03       7.7071e-05
 4.0000e+00       3.2800e+00       8.7897e-01       2.1141e-03       1.2322e-02       2.4756e-03      -1.2625e-03       7.8876e-05
 4.0000e+00       3.2800e+00       8.8897e-01       2.0124e-03       1.2215e-02       2.3515e-03      -1.2584e-03       8.0578e-05
 4.0000e+00       3.2800e+00       8.9897e-01       1.9165e-03       1.2109e-02       2.2309e-03      -1.2549e-03       8.2177e-05
 4.0000e+00       3.2800e+00       9.0897e-01       1.8260e-03       1.2005e-02       2.1139e-03      -1.2520e-03       8.3675e-05
 4.0000e+00       3.2800e+00       9.1897e-01       1.7408e-03       1.1901e-02       2.0004e-03      -1.2496e-03       8.5071e-05
 4.0000e+00       3.2800e+00       9.2897e-01       1.6605e-03       1.1799e-02       1.8902e-03      -1.2477e-03       8.6367e-05
 4.0000e+00       3.2800e+00       9.3897e-01       1.5848e-03       1.1697e-02       1.7832e-03      -1.2463e-03       8.7565e-05
 4.0000e+00       3.2800e+00       9.4897e-01       1.5135e-03       1.1597e-02       1.6794e-03      -1.2453e-03       8.8664e-05
 4.0000e+00       3.2800e+00       9.5897e-01       1.4464e-03       1.1497e-02       1.5787e-03      -1.2447e-03       8.9667e-05
 4.0000e+00       3.2800e+00       9.6897e-01       1.3832e-03       1.1399e-02       1.4809e-03      -1.2445e-03       9.0574e-05
 4.0000e+00       3.2800e+00       9.7897e-01       1.3237e-03       1.1301e-02       1.3861e-03      -1.2447e-03       9.1386e-05
 4.0000e+00       3.2800e+00       9.8897e-01       1.2678e-03       1.1204e-02       1.2941e-03      -1.2452e-03       9.2106e-05
 4.0000e+00       3.2800e+00       9.9897e-01       1.2151e-03       1.1108e-02       1.2048e-03      -1.2460e-03       9.2734e-05
 4.0000e+00       3.2800e+00       1.0090e+00       1.1657e-03       1.1014e-02       1.1182e-03      -1.2471e-03       9.3271e-05
 4.0000e+00       3.2800e+00       1.0190e+00       1.1192e-03       1.0920e-02       1.0343e-03      -1.2485e-03       9.3720e-05
 4.0000e+00       3.2800e+00       1.0290e+00       1.0755e-03       1.0826e-02       9.5279e-04      -1.2501e-03       9.4082e-05
 4.0000e+00       3.2800e+00       1.0390e+00       1.0345e-03       1.0734e-02       8.7377e-04      -1.2520e-03       9.4357e-05
 4.0000e+00       3.2800e+00       1.0490e+00       9.9599e-04       1.0643e-02       7.9715e-04      -1.2541e-03       9.4549e-05
 4.0000e+00       3.2800e+00       1.0590e+00       9.5990e-04       1.0552e-02       7.2284e-04      -1.2564e-03       9.4658e-05
 4.0000e+00       3.2800e+00       1.0690e+00       9.2606e-04       1.0463e-02       6.5079e-04      -1.2588e-03       9.4687e-05
 4.0000e+00       3.2800e+00       1.0790e+00       8.9437e-04       1.0374e-02       5.8094e-04      -1.2615e-03       9.4636e-05
 4.0000e+00       3.2800e+00       1.0890e+00       8.6470e-04       1.0286e-02       5.1321e-04      -1.2643e-03       9.4508e-05
 4.0000e+00       3.2800e+00       1.0990e+00       8.3695e-04       1.0199e-02       4.4756e-04      -1.2672e-03       9.4304e-05
 4.0000e+00       3.2800e+00       1.1090e+00       8.1101e-04       1.0112e-02       3.8393e-04      -1.2702e-03       9.4026e-05
 4.0000e+00       3.2800e+00       1.1190e+00       7.8678e-04       1.0027e-02       3.2225e-04      -1.2734e-03       9.3677e-05
 4.0000e+00       3.2800e+00       1.1290e+00       7.6418e-04       9.9418e-03       2.6248e-04      -1.2766e-03       9.3257e-05
 4.0000e+00       3.2800e+00       1.1390e+00       7.4310e-04       9.8578e-03       2.0456e-04      -1.2800e-03       9.2769e-05
 4.0000e+00       3.2800e+00       1.1490e+00       7.2348e-04       9.7746e-03       1.4844e-04      -1.2834e-03       9.2215e-05
 4.0000e+00       3.2800e+00       1.1590e+00       7.0523e-04       9.6922e-03       9.4067e-05      -1.2869e-03       9.1596e-05
 4.0000e+00       3.2800e+00       1.1690e+00       6.8827e-04       9.6106e-03       4.1397e-05      -1.2905e-03       9.0914e-05
 4.0000e+00       3.2800e+00       1.1790e+00       6.7254e-04       9.5297e-03      -9.6212e-06      -1.2941e-03       9.0173e-05
 4.0000e+00       3.2800e+00       1.1890e+00       6.5796e-04       9.4496e-03      -5.9032e-05      -1.2977e-03       8.9372e-05
 4.0000e+00       3.2800e+00       1.1990e+00       6.4447e-04       9.3702e-03      -1.0688e-04      -1.3014e-03       8.8515e-05
 4.0000e+00       3.2800e+00       1.2090e+00       6.3202e-04       9.2916e-03      -1.5321e-04      -1.3051e-03       8.7602e-05
 4.0000e+00       3.2800e+00       1.2190e+00       6.2054e-04       9.2138e-03      -1.9807e-04      -1.3088e-03       8.6638e-05
 4.0000e+00       3.2800e+00       1.2290e+00       6.0998e-04       9.1366e-03      -2.4149e-04      -1.3125e-03       8.5622e-05
 4.0000e+00       3.2800e+00       1.2390e+00       6.0029e-04       9.0603e-03      -2.8351e-04      -1.3163e-03       8.4557e-05
 4.0000e+00       3.2800e+00       1.2490e+00       5.9141e-04       8.9846e-03      -3.2419e-04      -1.3200e-03       8.3446e-05
 4.0000e+00       3.2800e+00       1.2590e+00       5.8331e-04       8.9096e-03      -3.6354e-04      -1.3237e-03       8.2289e-05
 4.0000e+00       3.2800e+00       1.2690e+00       5.7594e-04       8.8354e-03      -4.0161e-04      -1.3274e-03       8.1090e-05
 4.0000e+00       3.2800e+00       1.2790e+00       5.6925e-04       8.7619e-03      -4.3844e-04      -1.3311e-03       7.9849e-05
 4.0000e+00       3.2800e+00       1.2890e+00       5.6321e-04       8.6891e-03      -4.7407e-04      -1.3347e-03       7.8569e-05
 4.0000e+00       3.2800e+00       1.2990e+00       5.5777e-04       8.6170e-03      -5.0851e-04      -1.3384e-03       7.7252e-05
 4.0000e+00       3.2800e+00       1.3090e+00       5.5291e-04       8.5456e-03      -5.4181e-04      -1.3420e-03       7.5900e-05
 4.0000e+00       3.2800e+00       1.3190e+00       5.4859e-04       8.4749e-03      -5.7401e-04      -1.3455e-03       7.4515e-05
 4.0000e+00       3.2800e+00       1.3290e+00       5.4477e-04       8.4048e-03      -6.0512e-04      -1.3490e-03       7.3098e-05
 4.0000e+00       3.2800e+00       1.3390e+00       5.4142e-04       8.3355e-03      -6.3519e-04      -1.3525e-03       7.1651e-05
 4.0000e+00       3.2800e+00       1.3490e+00       5.3853e-04       8.2668e-03      -6.6423e-04      -1.3559e-03       7.0176e-05
 4.0000e+00       3.2800e+00       1.3590e+00       5.3605e-04       8.1988e-03      -6.9229e-04      -1.3593e-03       6.8676e-05
 4.0000e+00       3.2800e+00       1.3690e+00       5.3396e-04       8.1314e-03      -7.1938e-04      -1.3626e-03       6.7152e-05
 4.0000e+00       3.2800e+00       1.3790e+00       5.3224e-04       8.0647e-03      -7.4554e-04      -1.3659e-03       6.5605e-05
 4.0000e+00       3.2800e+00       1.3890e+00       5.3086e-04       7.9987e-03      -7.7079e-04      -1.3691e-03       6.4038e-05
 4.0000e+00       3.2800e+00       1.3990e+00       5.2980e-04       7.9333e-03      -7.9516e-04      -1.3722e-03       6.2452e-05
 4.0000e+00       3.2800e+00       1.4090e+00       5.2905e-04       7.8685e-03      -8.1866e-04      -1.3753e-03       6.0848e-05
 4.0000e+00       3.2800e+00       1.4190e+00       5.2857e-04       7.8044e-03      -8.4134e-04      -1.3783e-03       5.9230e-05
 4.0000e+00       3.2800e+00       1.4290e+00       5.2836e-04       7.7410e-03      -8.6320e-04      -1.3812e-03       5.7598e-05
 4.0000e+00       3.2800e+00       1.4390e+00       5.2839e-04       7.6781e-03      -8.8428e-04      -1.3841e-03       5.5954e-05
 4.0000e+00       3.2800e+00       1.4490e+00       5.2864e-04       7.6159e-03      -9.0459e-04      -1.3869e-03       5.4299e-05
 4.0000e+00       3.2800e+00       1.4590e+00       5.2910e-04       7.5543e-03      -9.2415e-04      -1.3896e-03       5.2636e-05
 4.0000e+00       3.2800e+00       1.4690e+00       5.2976e-04       7.4933e-03      -9.4300e-04      -1.3923e-03       5.0965e-05
 4.0000e+00       3.2800e+00       1.4790e+00       5.3060e-04       7.4329e-03      -9.6114e-04      -1.3949e-03       4.9289e-05
 4.0000e+00       3.2800e+00       1.4890e+00       5.3160e-04       7.3731e-03      -9.7860e-04      -1.3974e-03       4.7609e-05
 4.0000e+00       3.2800e+00       1.4990e+00       5.3275e-04       7.3139e-03      -9.9539e-04      -1.3998e-03       4.5925e-05
 4.0000e+00       3.2800e+00       1.5090e+00       5.3405e-04       7.2553e-03      -1.0115e-03      -1.4022e-03       4.4241e-05
 4.0000e+00       3.2800e+00       1.5190e+00       5.3547e-04       7.1972e-03      -1.0271e-03      -1.4044e-03       4.2557e-05
 4.0000e+00       3.2800e+00       1.5290e+00       5.3701e-04       7.1398e-03      -1.0420e-03      -1.4066e-03       4.0874e-05
 4.0000e+00       3.2800e+00       1.5390e+00       5.3866e-04       7.0829e-03      -1.0563e-03      -1.4088e-03       3.9194e-05
 4.0000e+00       3.2800e+00       1.5490e+00       5.4041e-04       7.0266e-03      -1.0701e-03      -1.4108e-03       3.7518e-05
 4.0000e+00       3.2800e+00       1.5590e+00       5.4224e-04       6.9709e-03      -1.0833e-03      -1.4128e-03       3.5848e-05
 4.0000e+00       3.2800e+00       1.5690e+00       5.4415e-04       6.9157e-03      -1.0959e-03      -1.4147e-03       3.4185e-05
 4.0000e+00       3.2800e+00       1.5790e+00       5.4613e-04       6.8610e-03      -1.1080e-03      -1.4165e-03       3.2529e-05
 4.0000e+00       3.2800e+00       1.5890e+00       5.4818e-04       6.8070e-03      -1.1196e-03      -1.4182e-03       3.0883e-05
 4.0000e+00       3.2800e+00       1.5990e+00       5.5028e-04       6.7534e-03      -1.1307e-03      -1.4199e-03       2.9246e-05
 4.0000e+00       3.2800e+00       1.6090e+00       5.5242e-04       6.7004e-03      -1.1414e-03      -1.4214e-03       2.7621e-05
 4.0000e+00       3.2800e+00       1.6190e+00       5.5461e-04       6.6479e-03      -1.1515e-03      -1.4229e-03       2.6009e-05
 4.0000e+00       3.2800e+00       1.6290e+00       5.5684e-04       6.5959e-03      -1.1612e-03      -1.4244e-03       2.4410e-05
 4.0000e+00       3.2800e+00       1.6390e+00       5.5909e-04       6.5445e-03      -1.1705e-03      -1.4257e-03       2.2825e-05
 4.0000e+00       3.2800e+00       1.6490e+00       5.6137e-04       6.4936e-03      -1.1793e-03      -1.4270e-03       2.1256e-05
