 5.5000e+00       3.2800e+00       1.6739e-01       1.2419e-01       1.6102e-02       0.0000e+00       0.0000e+00       0.0000e+00
 5.5000e+00       3.2800e+00       1.7739e-01       1.1425e-01       1.5388e-02       5.8634e-03      -2.8631e-04      -3.7414e-05
 5.5000e+00       3.2800e+00       1.8739e-01       1.0533e-01       1.4760e-02       7.7688e-03      -5.1306e-04      -5.0430e-05
 5.5000e+00       3.2800e+00       1.9739e-01       9.7303e-02       1.4203e-02       8.9364e-03      -6.9148e-04      -5.8863e-05
 5.5000e+00       3.2800e+00       2.0739e-01       9.0055e-02       1.3708e-02       9.7129e-03      -8.3052e-04      -6.4770e-05
 5.5000e+00       3.2800e+00       2.1739e-01       8.3490e-02       1.3265e-02       1.0242e-02      -9.3736e-04      -6.8997e-05
 5.5000e+00       3.2800e+00       2.2739e-01       7.7527e-02       1.2868e-02       1.0600e-02      -1.0178e-03      -7.2003e-05
 5.5000e+00       3.2800e+00       2.3739e-01       7.2097e-02       1.2510e-02       1.0834e-02      -1.0766e-03      -7.4073e-05
 5.5000e+00       3.2800e+00       2.4739e-01       6.7140e-02       1.2186e-02       1.0975e-02      -1.1175e-03      -7.5401e-05
 5.5000e+00       3.2800e+00       2.5739e-01       6.2605e-02       1.1893e-02       1.1045e-02      -1.1437e-03      -7.6128e-05
 5.5000e+00       3.2800e+00       2.6739e-01       5.8446e-02       1.1625e-02       1.1060e-02      -1.1579e-03      -7.6359e-05
 5.5000e+00       3.2800e+00       2.7739e-01       5.4627e-02       1.1381e-02       1.1031e-02      -1.1623e-03      -7.6174e-05
 5.5000e+00       3.2800e+00       2.8739e-01       5.1112e-02       1.1157e-02       1.0967e-02      -1.1586e-03      -7.5640e-05
 5.5000e+00       3.2800e+00       2.9739e-01       4.7871e-02       1.0951e-02       1.0876e-02      -1.1483e-03      -7.4808e-05
 5.5000e+00       3.2800e+00       3.0739e-01       4.4879e-02       1.0762e-02       1.0762e-02      -1.1327e-03      -7.3720e-05
 5.5000e+00       3.2800e+00       3.1739e-01       4.2111e-02       1.0587e-02       1.0630e-02      -1.1129e-03      -7.2413e-05
 5.5000e+00       3.2800e+00       3.2739e-01       3.9549e-02       1.0425e-02       1.0484e-02      -1.0897e-03      -7.0916e-05
 5.5000e+00       3.2800e+00       3.3739e-01       3.7173e-02       1.0275e-02       1.0327e-02      -1.0639e-03      -6.9255e-05
 5.5000e+00       3.2800e+00       3.4739e-01       3.4966e-02       1.0135e-02       1.0160e-02      -1.0362e-03      -6.7452e-05
 5.5000e+00       3.2800e+00       3.5739e-01       3.2915e-02       1.0005e-02       9.9865e-03      -1.0070e-03      -6.5524e-05
 5.5000e+00       3.2800e+00       3.6739e-01       3.1006e-02       9.8829e-03       9.8074e-03      -9.7674e-04      -6.3488e-05
 5.5000e+00       3.2800e+00       3.7739e-01       2.9227e-02       9.7685e-03       9.6242e-03      -9.4590e-04      -6.1358e-05
 5.5000e+00       3.2800e+00       3.8739e-01       2.7568e-02       9.6612e-03       9.4379e-03      -9.1475e-04      -5.9147e-05
 5.5000e+00       3.2800e+00       3.9739e-01       2.6020e-02       9.5600e-03       9.2497e-03      -8.8355e-04      -5.6865e-05
 5.5000e+00       3.2800e+00       4.0739e-01       2.4572e-02       9.4646e-03       9.0603e-03      -8.5253e-04      -5.4522e-05
 5.5000e+00       3.2800e+00       4.1739e-01       2.3219e-02       9.3743e-03       8.8704e-03      -8.2186e-04      -5.2127e-05
 5.5000e+00       3.2800e+00       4.2739e-01       2.1952e-02       9.2888e-03       8.6805e-03      -7.9170e-04      -4.9687e-05
 5.5000e+00       3.2800e+00       4.3739e-01       2.0765e-02       9.2075e-03       8.4912e-03      -7.6218e-04      -4.7209e-05
 5.5000e+00       3.2800e+00       4.4739e-01       1.9652e-02       9.1300e-03       8.3029e-03      -7.3340e-04      -4.4700e-05
 5.5000e+00       3.2800e+00       4.5739e-01       1.8608e-02       9.0561e-03       8.1160e-03      -7.0543e-04      -4.2165e-05
 5.5000e+00       3.2800e+00       4.6739e-01       1.7627e-02       8.9855e-03       7.9306e-03      -6.7836e-04      -3.9610e-05
 5.5000e+00       3.2800e+00       4.7739e-01       1.6706e-02       8.9177e-03       7.7472e-03      -6.5222e-04      -3.7039e-05
 5.5000e+00       3.2800e+00       4.8739e-01       1.5840e-02       8.8527e-03       7.5659e-03      -6.2707e-04      -3.4457e-05
 5.5000e+00       3.2800e+00       4.9739e-01       1.5025e-02       8.7901e-03       7.3868e-03      -6.0292e-04      -3.1868e-05
 5.5000e+00       3.2800e+00       5.0739e-01       1.4258e-02       8.7297e-03       7.2102e-03      -5.7979e-04      -2.9276e-05
 5.5000e+00       3.2800e+00       5.1739e-01       1.3535e-02       8.6714e-03       7.0361e-03      -5.5770e-04      -2.6685e-05
 5.5000e+00       3.2800e+00       5.2739e-01       1.2854e-02       8.6149e-03       6.8647e-03      -5.3666e-04      -2.4098e-05
 5.5000e+00       3.2800e+00       5.3739e-01       1.2212e-02       8.5602e-03       6.6960e-03      -5.1666e-04      -2.1518e-05
 5.5000e+00       3.2800e+00       5.4739e-01       1.1606e-02       8.5069e-03       6.5301e-03      -4.9769e-04      -1.8948e-05
 5.5000e+00       3.2800e+00       5.5739e-01       1.1035e-02       8.4551e-03       6.3671e-03      -4.7975e-04      -1.6392e-05
 5.5000e+00       3.2800e+00       5.6739e-01       1.0495e-02       8.4046e-03       6.2069e-03      -4.6283e-04      -1.3851e-05
 5.5000e+00       3.2800e+00       5.7739e-01       9.9844e-03       8.3553e-03       6.0496e-03      -4.4690e-04      -1.1329e-05
 5.5000e+00       3.2800e+00       5.8739e-01       9.5022e-03       8.3071e-03       5.8952e-03      -4.3195e-04      -8.8278e-06
 5.5000e+00       3.2800e+00       5.9739e-01       9.0462e-03       8.2598e-03       5.7438e-03      -4.1797e-04      -6.3499e-06
 5.5000e+00       3.2800e+00       6.0739e-01       8.6148e-03       8.2135e-03       5.5953e-03      -4.0492e-04      -3.8976e-06
 5.5000e+00       3.2800e+00       6.1739e-01       8.2065e-03       8.1679e-03       5.4497e-03      -3.9278e-04      -1.4730e-06
 5.5000e+00       3.2800e+00       6.2739e-01       7.8200e-03       8.1231e-03       5.3070e-03      -3.8153e-04       9.2168e-07
 5.5000e+00       3.2800e+00       6.3739e-01       7.4539e-03       8.0790e-03       5.1672e-03      -3.7115e-04       3.2846e-06
 5.5000e+00       3.2800e+00       6.4739e-01       7.1071e-03       8.0355e-03       5.0302e-03      -3.6161e-04       5.6138e-06
 5.5000e+00       3.2800e+00       6.5739e-01       6.7783e-03       7.9926e-03       4.8961e-03      -3.5288e-04       7.9074e-06
 5.5000e+00       3.2800e+00       6.6739e-01       6.4666e-03       7.9502e-03       4.7648e-03      -3.4494e-04       1.0164e-05
 5.5000e+00       3.2800e+00       6.7739e-01       6.1711e-03       7.9083e-03       4.6363e-03      -3.3777e-04       1.2381e-05
 5.5000e+00       3.2800e+00       6.8739e-01       5.8906e-03       7.8668e-03       4.5105e-03      -3.3132e-04       1.4558e-05
 5.5000e+00       3.2800e+00       6.9739e-01       5.6245e-03       7.8257e-03       4.3874e-03      -3.2559e-04       1.6693e-05
 5.5000e+00       3.2800e+00       7.0739e-01       5.3719e-03       7.7850e-03       4.2670e-03      -3.2053e-04       1.8785e-05
 5.5000e+00       3.2800e+00       7.1739e-01       5.1320e-03       7.7445e-03       4.1492e-03      -3.1614e-04       2.0832e-05
 5.5000e+00       3.2800e+00       7.2739e-01       4.9041e-03       7.7044e-03       4.0339e-03      -3.1237e-04       2.2832e-05
 5.5000e+00       3.2800e+00       7.3739e-01       4.6877e-03       7.6646e-03       3.9213e-03      -3.0921e-04       2.4786e-05
 5.5000e+00       3.2800e+00       7.4739e-01       4.4820e-03       7.6250e-03       3.8111e-03      -3.0664e-04       2.6691e-05
 5.5000e+00       3.2800e+00       7.5739e-01       4.2864e-03       7.5856e-03       3.7034e-03      -3.0462e-04       2.8546e-05
 5.5000e+00       3.2800e+00       7.6739e-01       4.1005e-03       7.5464e-03       3.5981e-03      -3.0313e-04       3.0351e-05
 5.5000e+00       3.2800e+00       7.7739e-01       3.9238e-03       7.5075e-03       3.4952e-03      -3.0216e-04       3.2105e-05
 5.5000e+00       3.2800e+00       7.8739e-01       3.7556e-03       7.4687e-03       3.3946e-03      -3.0168e-04       3.3806e-05
 5.5000e+00       3.2800e+00       7.9739e-01       3.5956e-03       7.4300e-03       3.2963e-03      -3.0166e-04       3.5455e-05
 5.5000e+00       3.2800e+00       8.0739e-01       3.4434e-03       7.3916e-03       3.2002e-03      -3.0209e-04       3.7049e-05
 5.5000e+00       3.2800e+00       8.1739e-01       3.2985e-03       7.3532e-03       3.1064e-03      -3.0294e-04       3.8589e-05
 5.5000e+00       3.2800e+00       8.2739e-01       3.1606e-03       7.3150e-03       3.0147e-03      -3.0419e-04       4.0075e-05
 5.5000e+00       3.2800e+00       8.3739e-01       3.0292e-03       7.2769e-03       2.9251e-03      -3.0583e-04       4.1504e-05
 5.5000e+00       3.2800e+00       8.4739e-01       2.9042e-03       7.2390e-03       2.8376e-03      -3.0784e-04       4.2878e-05
 5.5000e+00       3.2800e+00       8.5739e-01       2.7850e-03       7.2011e-03       2.7521e-03      -3.1019e-04       4.4195e-05
 5.5000e+00       3.2800e+00       8.6739e-01       2.6715e-03       7.1633e-03       2.6686e-03      -3.1287e-04       4.5456e-05
 5.5000e+00       3.2800e+00       8.7739e-01       2.5634e-03       7.1257e-03       2.5870e-03      -3.1586e-04       4.6660e-05
 5.5000e+00       3.2800e+00       8.8739e-01       2.4604e-03       7.0881e-03       2.5074e-03      -3.1915e-04       4.7806e-05
 5.5000e+00       3.2800e+00       8.9739e-01       2.3622e-03       7.0507e-03       2.4296e-03      -3.2272e-04       4.8896e-05
 5.5000e+00       3.2800e+00       9.0739e-01       2.2686e-03       7.0133e-03       2.3536e-03      -3.2654e-04       4.9928e-05
 5.5000e+00       3.2800e+00       9.1739e-01       2.1793e-03       6.9760e-03       2.2795e-03      -3.3062e-04       5.0903e-05
 5.5000e+00       3.2800e+00       9.2739e-01       2.0942e-03       6.9388e-03       2.2070e-03      -3.3493e-04       5.1820e-05
 5.5000e+00       3.2800e+00       9.3739e-01       2.0131e-03       6.9017e-03       2.1363e-03      -3.3945e-04       5.2680e-05
 5.5000e+00       3.2800e+00       9.4739e-01       1.9357e-03       6.8647e-03       2.0673e-03      -3.4419e-04       5.3484e-05
 5.5000e+00       3.2800e+00       9.5739e-01       1.8619e-03       6.8278e-03       1.9999e-03      -3.4911e-04       5.4230e-05
 5.5000e+00       3.2800e+00       9.6739e-01       1.7915e-03       6.7909e-03       1.9341e-03      -3.5421e-04       5.4920e-05
 5.5000e+00       3.2800e+00       9.7739e-01       1.7244e-03       6.7542e-03       1.8699e-03      -3.5948e-04       5.5554e-05
 5.5000e+00       3.2800e+00       9.8739e-01       1.6603e-03       6.7175e-03       1.8072e-03      -3.6491e-04       5.6132e-05
 5.5000e+00       3.2800e+00       9.9739e-01       1.5991e-03       6.6810e-03       1.7459e-03      -3.7048e-04       5.6654e-05
 5.5000e+00       3.2800e+00       1.0074e+00       1.5408e-03       6.6445e-03       1.6862e-03      -3.7618e-04       5.7122e-05
 5.5000e+00       3.2800e+00       1.0174e+00       1.4851e-03       6.6081e-03       1.6279e-03      -3.8201e-04       5.7535e-05
 5.5000e+00       3.2800e+00       1.0274e+00       1.4319e-03       6.5719e-03       1.5709e-03      -3.8795e-04       5.7894e-05
 5.5000e+00       3.2800e+00       1.0374e+00       1.3812e-03       6.5357e-03       1.5154e-03      -3.9399e-04       5.8200e-05
 5.5000e+00       3.2800e+00       1.0474e+00       1.3328e-03       6.4997e-03       1.4612e-03      -4.0012e-04       5.8453e-05
 5.5000e+00       3.2800e+00       1.0574e+00       1.2865e-03       6.4637e-03       1.4082e-03      -4.0635e-04       5.8654e-05
 5.5000e+00       3.2800e+00       1.0674e+00       1.2424e-03       6.4279e-03       1.3566e-03      -4.1264e-04       5.8805e-05
 5.5000e+00       3.2800e+00       1.0774e+00       1.2002e-03       6.3922e-03       1.3062e-03      -4.1901e-04       5.8904e-05
 5.5000e+00       3.2800e+00       1.0874e+00       1.1600e-03       6.3566e-03       1.2570e-03      -4.2544e-04       5.8954e-05
 5.5000e+00       3.2800e+00       1.0974e+00       1.1216e-03       6.3211e-03       1.2090e-03      -4.3192e-04       5.8955e-05
 5.5000e+00       3.2800e+00       1.1074e+00       1.0849e-03       6.2857e-03       1.1621e-03      -4.3845e-04       5.8908e-05
 5.5000e+00       3.2800e+00       1.1174e+00       1.0498e-03       6.2505e-03       1.1164e-03      -4.4502e-04       5.8815e-05
 5.5000e+00       3.2800e+00       1.1274e+00       1.0164e-03       6.2153e-03       1.0718e-03      -4.5163e-04       5.8674e-05
 5.5000e+00       3.2800e+00       1.1374e+00       9.8442e-04       6.1803e-03       1.0283e-03      -4.5826e-04       5.8489e-05
 5.5000e+00       3.2800e+00       1.1474e+00       9.5390e-04       6.1455e-03       9.8578e-04      -4.6491e-04       5.8259e-05
 5.5000e+00       3.2800e+00       1.1574e+00       9.2474e-04       6.1108e-03       9.4433e-04      -4.7157e-04       5.7986e-05
 5.5000e+00       3.2800e+00       1.1674e+00       8.9690e-04       6.0762e-03       9.0389e-04      -4.7825e-04       5.7671e-05
 5.5000e+00       3.2800e+00       1.1774e+00       8.7031e-04       6.0418e-03       8.6443e-04      -4.8493e-04       5.7315e-05
 5.5000e+00       3.2800e+00       1.1874e+00       8.4491e-04       6.0075e-03       8.2593e-04      -4.9162e-04       5.6918e-05
 5.5000e+00       3.2800e+00       1.1974e+00       8.2064e-04       5.9733e-03       7.8837e-04      -4.9830e-04       5.6483e-05
 5.5000e+00       3.2800e+00       1.2074e+00       7.9747e-04       5.9393e-03       7.5172e-04      -5.0497e-04       5.6009e-05
 5.5000e+00       3.2800e+00       1.2174e+00       7.7533e-04       5.9055e-03       7.1596e-04      -5.1162e-04       5.5498e-05
 5.5000e+00       3.2800e+00       1.2274e+00       7.5419e-04       5.8718e-03       6.8108e-04      -5.1827e-04       5.4952e-05
 5.5000e+00       3.2800e+00       1.2374e+00       7.3399e-04       5.8383e-03       6.4704e-04      -5.2489e-04       5.4371e-05
 5.5000e+00       3.2800e+00       1.2474e+00       7.1470e-04       5.8049e-03       6.1384e-04      -5.3148e-04       5.3756e-05
 5.5000e+00       3.2800e+00       1.2574e+00       6.9627e-04       5.7717e-03       5.8145e-04      -5.3805e-04       5.3109e-05
 5.5000e+00       3.2800e+00       1.2674e+00       6.7867e-04       5.7387e-03       5.4985e-04      -5.4459e-04       5.2431e-05
 5.5000e+00       3.2800e+00       1.2774e+00       6.6185e-04       5.7058e-03       5.1903e-04      -5.5110e-04       5.1723e-05
 5.5000e+00       3.2800e+00       1.2874e+00       6.4579e-04       5.6731e-03       4.8895e-04      -5.5756e-04       5.0985e-05
 5.5000e+00       3.2800e+00       1.2974e+00       6.3045e-04       5.6405e-03       4.5962e-04      -5.6399e-04       5.0220e-05
 5.5000e+00       3.2800e+00       1.3074e+00       6.1580e-04       5.6082e-03       4.3101e-04      -5.7038e-04       4.9429e-05
 5.5000e+00       3.2800e+00       1.3174e+00       6.0181e-04       5.5760e-03       4.0309e-04      -5.7672e-04       4.8612e-05
 5.5000e+00       3.2800e+00       1.3274e+00       5.8844e-04       5.5439e-03       3.7587e-04      -5.8302e-04       4.7771e-05
 5.5000e+00       3.2800e+00       1.3374e+00       5.7567e-04       5.5121e-03       3.4931e-04      -5.8927e-04       4.6906e-05
 5.5000e+00       3.2800e+00       1.3474e+00       5.6348e-04       5.4804e-03       3.2341e-04      -5.9547e-04       4.6020e-05
 5.5000e+00       3.2800e+00       1.3574e+00       5.5184e-04       5.4489e-03       2.9814e-04      -6.0162e-04       4.5113e-05
 5.5000e+00       3.2800e+00       1.3674e+00       5.4072e-04       5.4176e-03       2.7350e-04      -6.0771e-04       4.4187e-05
 5.5000e+00       3.2800e+00       1.3774e+00       5.3010e-04       5.3865e-03       2.4947e-04      -6.1374e-04       4.3242e-05
 5.5000e+00       3.2800e+00       1.3874e+00       5.1996e-04       5.3556e-03       2.2603e-04      -6.1972e-04       4.2280e-05
 5.5000e+00       3.2800e+00       1.3974e+00       5.1027e-04       5.3248e-03       2.0316e-04      -6.2564e-04       4.1301e-05
 5.5000e+00       3.2800e+00       1.4074e+00       5.0102e-04       5.2942e-03       1.8087e-04      -6.3151e-04       4.0308e-05
 5.5000e+00       3.2800e+00       1.4174e+00       4.9219e-04       5.2638e-03       1.5913e-04      -6.3731e-04       3.9300e-05
 5.5000e+00       3.2800e+00       1.4274e+00       4.8376e-04       5.2336e-03       1.3792e-04      -6.4305e-04       3.8280e-05
 5.5000e+00       3.2800e+00       1.4374e+00       4.7571e-04       5.2036e-03       1.1724e-04      -6.4872e-04       3.7248e-05
 5.5000e+00       3.2800e+00       1.4474e+00       4.6803e-04       5.1738e-03       9.7079e-05      -6.5433e-04       3.6206e-05
 5.5000e+00       3.2800e+00       1.4574e+00       4.6069e-04       5.1441e-03       7.7417e-05      -6.5988e-04       3.5154e-05
 5.5000e+00       3.2800e+00       1.4674e+00       4.5368e-04       5.1147e-03       5.8244e-05      -6.6536e-04       3.4093e-05
 5.5000e+00       3.2800e+00       1.4774e+00       4.4699e-04       5.0854e-03       3.9550e-05      -6.7077e-04       3.3025e-05
 5.5000e+00       3.2800e+00       1.4874e+00       4.4061e-04       5.0563e-03       2.1323e-05      -6.7612e-04       3.1950e-05
 5.5000e+00       3.2800e+00       1.4974e+00       4.3451e-04       5.0275e-03       3.5515e-06      -6.8140e-04       3.0871e-05
 5.5000e+00       3.2800e+00       1.5074e+00       4.2870e-04       4.9988e-03      -1.3775e-05      -6.8662e-04       2.9786e-05
 5.5000e+00       3.2800e+00       1.5174e+00       4.2314e-04       4.9702e-03      -3.0666e-05      -6.9176e-04       2.8698e-05
 5.5000e+00       3.2800e+00       1.5274e+00       4.1784e-04       4.9419e-03      -4.7134e-05      -6.9684e-04       2.7608e-05
 5.5000e+00       3.2800e+00       1.5374e+00       4.1278e-04       4.9138e-03      -6.3186e-05      -7.0184e-04       2.6516e-05
 5.5000e+00       3.2800e+00       1.5474e+00       4.0795e-04       4.8858e-03      -7.8835e-05      -7.0678e-04       2.5424e-05
 5.5000e+00       3.2800e+00       1.5574e+00       4.0334e-04       4.8581e-03      -9.4088e-05      -7.1165e-04       2.4332e-05
 5.5000e+00       3.2800e+00       1.5674e+00       3.9894e-04       4.8305e-03      -1.0895e-04      -7.1645e-04       2.3241e-05
 5.5000e+00       3.2800e+00       1.5774e+00       3.9474e-04       4.8031e-03      -1.2345e-04      -7.2118e-04       2.2152e-05
 5.5000e+00       3.2800e+00       1.5874e+00       3.9074e-04       4.7759e-03      -1.3757e-04      -7.2583e-04       2.1066e-05
 5.5000e+00       3.2800e+00       1.5974e+00       3.8691e-04       4.7489e-03      -1.5133e-04      -7.3042e-04       1.9984e-05
 5.5000e+00       3.2800e+00       1.6074e+00       3.8326e-04       4.7220e-03      -1.6474e-04      -7.3494e-04       1.8907e-05
 5.5000e+00       3.2800e+00       1.6174e+00       3.7978e-04       4.6954e-03      -1.7781e-04      -7.3939e-04       1.7835e-05
 5.5000e+00       3.2800e+00       1.6274e+00       3.7646e-04       4.6689e-03      -1.9055e-04      -7.4377e-04       1.6768e-05
 5.5000e+00       3.2800e+00       1.6374e+00       3.7328e-04       4.6426e-03      -2.0295e-04      -7.4808e-04       1.5709e-05
 5.5000e+00       3.2800e+00       1.6474e+00       3.7025e-04       4.6165e-03      -2.1504e-04      -7.5233e-04       1.4658e-05
