 2.5000e+00       3.2800e+00       4.3907e-02       9.9358e-01       1.8706e-01       0.0000e+00       0.0000e+00       0.0000e+00
 2.5000e+00       3.2800e+00       5.3907e-02       8.5977e-01       1.6637e-01       7.6444e-02      -1.1533e-02      -2.5237e-04
 2.5000e+00       3.2800e+00       6.3907e-02       7.4825e-01       1.5055e-01       8.8770e-02      -1.8832e-02      -3.4101e-04
 2.5000e+00       3.2800e+00       7.3907e-02       6.5518e-01       1.3796e-01       9.1438e-02      -2.3493e-02      -3.9865e-04
 2.5000e+00       3.2800e+00       8.3907e-02       5.7701e-01       1.2764e-01       9.0455e-02      -2.6432e-02      -4.3906e-04
 2.5000e+00       3.2800e+00       9.3907e-02       5.1084e-01       1.1897e-01       8.7914e-02      -2.8213e-02      -4.6794e-04
 2.5000e+00       3.2800e+00       1.0391e-01       4.5440e-01       1.1155e-01       8.4708e-02      -2.9195e-02      -4.8845e-04
 2.5000e+00       3.2800e+00       1.1391e-01       4.0589e-01       1.0510e-01       8.1255e-02      -2.9618e-02      -5.0255e-04
 2.5000e+00       3.2800e+00       1.2391e-01       3.6393e-01       9.9438e-02       7.7761e-02      -2.9645e-02      -5.1159e-04
 2.5000e+00       3.2800e+00       1.3391e-01       3.2739e-01       9.4408e-02       7.4329e-02      -2.9390e-02      -5.1658e-04
 2.5000e+00       3.2800e+00       1.4391e-01       2.9540e-01       8.9905e-02       7.1012e-02      -2.8936e-02      -5.1825e-04
 2.5000e+00       3.2800e+00       1.5391e-01       2.6726e-01       8.5842e-02       6.7831e-02      -2.8342e-02      -5.1720e-04
 2.5000e+00       3.2800e+00       1.6391e-01       2.4238e-01       8.2155e-02       6.4795e-02      -2.7650e-02      -5.1387e-04
 2.5000e+00       3.2800e+00       1.7391e-01       2.2029e-01       7.8791e-02       6.1904e-02      -2.6894e-02      -5.0867e-04
 2.5000e+00       3.2800e+00       1.8391e-01       2.0061e-01       7.5706e-02       5.9155e-02      -2.6096e-02      -5.0188e-04
 2.5000e+00       3.2800e+00       1.9391e-01       1.8302e-01       7.2865e-02       5.6540e-02      -2.5276e-02      -4.9378e-04
 2.5000e+00       3.2800e+00       2.0391e-01       1.6724e-01       7.0240e-02       5.4054e-02      -2.4445e-02      -4.8457e-04
 2.5000e+00       3.2800e+00       2.1391e-01       1.5304e-01       6.7805e-02       5.1688e-02      -2.3616e-02      -4.7445e-04
 2.5000e+00       3.2800e+00       2.2391e-01       1.4024e-01       6.5540e-02       4.9435e-02      -2.2794e-02      -4.6356e-04
 2.5000e+00       3.2800e+00       2.3391e-01       1.2866e-01       6.3426e-02       4.7289e-02      -2.1986e-02      -4.5204e-04
 2.5000e+00       3.2800e+00       2.4391e-01       1.1817e-01       6.1450e-02       4.5243e-02      -2.1195e-02      -4.4000e-04
 2.5000e+00       3.2800e+00       2.5391e-01       1.0865e-01       5.9596e-02       4.3291e-02      -2.0425e-02      -4.2754e-04
 2.5000e+00       3.2800e+00       2.6391e-01       9.9989e-02       5.7854e-02       4.1427e-02      -1.9678e-02      -4.1475e-04
 2.5000e+00       3.2800e+00       2.7391e-01       9.2096e-02       5.6214e-02       3.9645e-02      -1.8954e-02      -4.0170e-04
 2.5000e+00       3.2800e+00       2.8391e-01       8.4892e-02       5.4666e-02       3.7942e-02      -1.8256e-02      -3.8845e-04
 2.5000e+00       3.2800e+00       2.9391e-01       7.8307e-02       5.3202e-02       3.6313e-02      -1.7583e-02      -3.7505e-04
 2.5000e+00       3.2800e+00       3.0391e-01       7.2279e-02       5.1817e-02       3.4753e-02      -1.6935e-02      -3.6157e-04
 2.5000e+00       3.2800e+00       3.1391e-01       6.6754e-02       5.0502e-02       3.3259e-02      -1.6313e-02      -3.4803e-04
 2.5000e+00       3.2800e+00       3.2391e-01       6.1685e-02       4.9254e-02       3.1827e-02      -1.5715e-02      -3.3448e-04
 2.5000e+00       3.2800e+00       3.3391e-01       5.7028e-02       4.8065e-02       3.0454e-02      -1.5142e-02      -3.2095e-04
 2.5000e+00       3.2800e+00       3.4391e-01       5.2745e-02       4.6933e-02       2.9137e-02      -1.4593e-02      -3.0746e-04
 2.5000e+00       3.2800e+00       3.5391e-01       4.8803e-02       4.5853e-02       2.7874e-02      -1.4067e-02      -2.9404e-04
 2.5000e+00       3.2800e+00       3.6391e-01       4.5172e-02       4.4821e-02       2.6661e-02      -1.3564e-02      -2.8072e-04
 2.5000e+00       3.2800e+00       3.7391e-01       4.1823e-02       4.3834e-02       2.5496e-02      -1.3082e-02      -2.6751e-04
 2.5000e+00       3.2800e+00       3.8391e-01       3.8733e-02       4.2889e-02       2.4377e-02      -1.2622e-02      -2.5442e-04
 2.5000e+00       3.2800e+00       3.9391e-01       3.5880e-02       4.1983e-02       2.3303e-02      -1.2182e-02      -2.4148e-04
 2.5000e+00       3.2800e+00       4.0391e-01       3.3244e-02       4.1113e-02       2.2270e-02      -1.1761e-02      -2.2870e-04
 2.5000e+00       3.2800e+00       4.1391e-01       3.0807e-02       4.0277e-02       2.1276e-02      -1.1359e-02      -2.1608e-04
 2.5000e+00       3.2800e+00       4.2391e-01       2.8552e-02       3.9473e-02       2.0321e-02      -1.0975e-02      -2.0364e-04
 2.5000e+00       3.2800e+00       4.3391e-01       2.6466e-02       3.8699e-02       1.9403e-02      -1.0608e-02      -1.9138e-04
 2.5000e+00       3.2800e+00       4.4391e-01       2.4534e-02       3.7954e-02       1.8520e-02      -1.0258e-02      -1.7932e-04
 2.5000e+00       3.2800e+00       4.5391e-01       2.2744e-02       3.7234e-02       1.7670e-02      -9.9238e-03      -1.6746e-04
 2.5000e+00       3.2800e+00       4.6391e-01       2.1086e-02       3.6539e-02       1.6852e-02      -9.6047e-03      -1.5580e-04
 2.5000e+00       3.2800e+00       4.7391e-01       1.9548e-02       3.5868e-02       1.6065e-02      -9.3000e-03      -1.4435e-04
 2.5000e+00       3.2800e+00       4.8391e-01       1.8123e-02       3.5219e-02       1.5307e-02      -9.0091e-03      -1.3312e-04
 2.5000e+00       3.2800e+00       4.9391e-01       1.6801e-02       3.4591e-02       1.4578e-02      -8.7314e-03      -1.2211e-04
 2.5000e+00       3.2800e+00       5.0391e-01       1.5575e-02       3.3983e-02       1.3876e-02      -8.4664e-03      -1.1131e-04
 2.5000e+00       3.2800e+00       5.1391e-01       1.4437e-02       3.3393e-02       1.3200e-02      -8.2135e-03      -1.0074e-04
 2.5000e+00       3.2800e+00       5.2391e-01       1.3381e-02       3.2821e-02       1.2549e-02      -7.9721e-03      -9.0402e-05
 2.5000e+00       3.2800e+00       5.3391e-01       1.2401e-02       3.2266e-02       1.1923e-02      -7.7416e-03      -8.0288e-05
 2.5000e+00       3.2800e+00       5.4391e-01       1.1492e-02       3.1727e-02       1.1319e-02      -7.5216e-03      -7.0405e-05
 2.5000e+00       3.2800e+00       5.5391e-01       1.0648e-02       3.1203e-02       1.0738e-02      -7.3117e-03      -6.0752e-05
 2.5000e+00       3.2800e+00       5.6391e-01       9.8652e-03       3.0694e-02       1.0178e-02      -7.1113e-03      -5.1331e-05
 2.5000e+00       3.2800e+00       5.7391e-01       9.1384e-03       3.0198e-02       9.6393e-03      -6.9200e-03      -4.2143e-05
 2.5000e+00       3.2800e+00       5.8391e-01       8.4641e-03       2.9716e-02       9.1201e-03      -6.7373e-03      -3.3188e-05
 2.5000e+00       3.2800e+00       5.9391e-01       7.8384e-03       2.9246e-02       8.6201e-03      -6.5630e-03      -2.4466e-05
 2.5000e+00       3.2800e+00       6.0391e-01       7.2580e-03       2.8788e-02       8.1385e-03      -6.3965e-03      -1.5978e-05
 2.5000e+00       3.2800e+00       6.1391e-01       6.7197e-03       2.8341e-02       7.6747e-03      -6.2376e-03      -7.7231e-06
 2.5000e+00       3.2800e+00       6.2391e-01       6.2206e-03       2.7905e-02       7.2281e-03      -6.0858e-03       2.9904e-07
 2.5000e+00       3.2800e+00       6.3391e-01       5.7581e-03       2.7480e-02       6.7978e-03      -5.9410e-03       8.0888e-06
 2.5000e+00       3.2800e+00       6.4391e-01       5.3295e-03       2.7064e-02       6.3835e-03      -5.8026e-03       1.5647e-05
 2.5000e+00       3.2800e+00       6.5391e-01       4.9326e-03       2.6659e-02       5.9845e-03      -5.6704e-03       2.2974e-05
 2.5000e+00       3.2800e+00       6.6391e-01       4.5652e-03       2.6262e-02       5.6003e-03      -5.5441e-03       3.0071e-05
 2.5000e+00       3.2800e+00       6.7391e-01       4.2252e-03       2.5875e-02       5.2303e-03      -5.4235e-03       3.6940e-05
 2.5000e+00       3.2800e+00       6.8391e-01       3.9109e-03       2.5496e-02       4.8740e-03      -5.3083e-03       4.3580e-05
 2.5000e+00       3.2800e+00       6.9391e-01       3.6204e-03       2.5125e-02       4.5310e-03      -5.1982e-03       4.9995e-05
 2.5000e+00       3.2800e+00       7.0391e-01       3.3522e-03       2.4762e-02       4.2007e-03      -5.0930e-03       5.6184e-05
 2.5000e+00       3.2800e+00       7.1391e-01       3.1047e-03       2.4406e-02       3.8828e-03      -4.9925e-03       6.2150e-05
 2.5000e+00       3.2800e+00       7.2391e-01       2.8766e-03       2.4058e-02       3.5768e-03      -4.8963e-03       6.7894e-05
 2.5000e+00       3.2800e+00       7.3391e-01       2.6666e-03       2.3717e-02       3.2822e-03      -4.8044e-03       7.3419e-05
 2.5000e+00       3.2800e+00       7.4391e-01       2.4733e-03       2.3383e-02       2.9987e-03      -4.7166e-03       7.8725e-05
 2.5000e+00       3.2800e+00       7.5391e-01       2.2958e-03       2.3055e-02       2.7259e-03      -4.6326e-03       8.3815e-05
 2.5000e+00       3.2800e+00       7.6391e-01       2.1329e-03       2.2734e-02       2.4634e-03      -4.5522e-03       8.8690e-05
 2.5000e+00       3.2800e+00       7.7391e-01       1.9836e-03       2.2419e-02       2.2108e-03      -4.4753e-03       9.3354e-05
 2.5000e+00       3.2800e+00       7.8391e-01       1.8471e-03       2.2110e-02       1.9679e-03      -4.4017e-03       9.7808e-05
 2.5000e+00       3.2800e+00       7.9391e-01       1.7224e-03       2.1807e-02       1.7342e-03      -4.3313e-03       1.0205e-04
 2.5000e+00       3.2800e+00       8.0391e-01       1.6088e-03       2.1509e-02       1.5095e-03      -4.2639e-03       1.0609e-04
 2.5000e+00       3.2800e+00       8.1391e-01       1.5055e-03       2.1217e-02       1.2934e-03      -4.1993e-03       1.0993e-04
 2.5000e+00       3.2800e+00       8.2391e-01       1.4118e-03       2.0930e-02       1.0856e-03      -4.1375e-03       1.1357e-04
 2.5000e+00       3.2800e+00       8.3391e-01       1.3271e-03       2.0648e-02       8.8595e-04      -4.0783e-03       1.1701e-04
 2.5000e+00       3.2800e+00       8.4391e-01       1.2507e-03       2.0371e-02       6.9404e-04      -4.0215e-03       1.2026e-04
 2.5000e+00       3.2800e+00       8.5391e-01       1.1821e-03       2.0099e-02       5.0963e-04      -3.9671e-03       1.2331e-04
 2.5000e+00       3.2800e+00       8.6391e-01       1.1207e-03       1.9832e-02       3.3248e-04      -3.9150e-03       1.2617e-04
 2.5000e+00       3.2800e+00       8.7391e-01       1.0660e-03       1.9569e-02       1.6233e-04      -3.8650e-03       1.2885e-04
 2.5000e+00       3.2800e+00       8.8391e-01       1.0176e-03       1.9311e-02      -1.0688e-06      -3.8170e-03       1.3134e-04
 2.5000e+00       3.2800e+00       8.9391e-01       9.7497e-04       1.9057e-02      -1.5793e-04      -3.7709e-03       1.3366e-04
 2.5000e+00       3.2800e+00       9.0391e-01       9.3778e-04       1.8807e-02      -3.0850e-04      -3.7267e-03       1.3579e-04
 2.5000e+00       3.2800e+00       9.1391e-01       9.0560e-04       1.8562e-02      -4.5297e-04      -3.6842e-03       1.3775e-04
 2.5000e+00       3.2800e+00       9.2391e-01       8.7809e-04       1.8321e-02      -5.9157e-04      -3.6434e-03       1.3954e-04
 2.5000e+00       3.2800e+00       9.3391e-01       8.5490e-04       1.8083e-02      -7.2449e-04      -3.6042e-03       1.4116e-04
 2.5000e+00       3.2800e+00       9.4391e-01       8.3571e-04       1.7849e-02      -8.5194e-04      -3.5665e-03       1.4262e-04
 2.5000e+00       3.2800e+00       9.5391e-01       8.2024e-04       1.7620e-02      -9.7409e-04      -3.5302e-03       1.4391e-04
 2.5000e+00       3.2800e+00       9.6391e-01       8.0820e-04       1.7393e-02      -1.0911e-03      -3.4953e-03       1.4504e-04
 2.5000e+00       3.2800e+00       9.7391e-01       7.9933e-04       1.7171e-02      -1.2032e-03      -3.4617e-03       1.4602e-04
 2.5000e+00       3.2800e+00       9.8391e-01       7.9340e-04       1.6952e-02      -1.3106e-03      -3.4293e-03       1.4685e-04
 2.5000e+00       3.2800e+00       9.9391e-01       7.9016e-04       1.6736e-02      -1.4133e-03      -3.3981e-03       1.4753e-04
 2.5000e+00       3.2800e+00       1.0039e+00       7.8942e-04       1.6524e-02      -1.5116e-03      -3.3680e-03       1.4807e-04
 2.5000e+00       3.2800e+00       1.0139e+00       7.9097e-04       1.6315e-02      -1.6056e-03      -3.3389e-03       1.4846e-04
 2.5000e+00       3.2800e+00       1.0239e+00       7.9462e-04       1.6109e-02      -1.6955e-03      -3.3109e-03       1.4871e-04
 2.5000e+00       3.2800e+00       1.0339e+00       8.0021e-04       1.5907e-02      -1.7813e-03      -3.2838e-03       1.4883e-04
 2.5000e+00       3.2800e+00       1.0439e+00       8.0755e-04       1.5707e-02      -1.8634e-03      -3.2576e-03       1.4882e-04
 2.5000e+00       3.2800e+00       1.0539e+00       8.1651e-04       1.5511e-02      -1.9416e-03      -3.2323e-03       1.4868e-04
 2.5000e+00       3.2800e+00       1.0639e+00       8.2694e-04       1.5317e-02      -2.0163e-03      -3.2079e-03       1.4842e-04
 2.5000e+00       3.2800e+00       1.0739e+00       8.3870e-04       1.5127e-02      -2.0875e-03      -3.1842e-03       1.4804e-04
 2.5000e+00       3.2800e+00       1.0839e+00       8.5167e-04       1.4939e-02      -2.1554e-03      -3.1612e-03       1.4753e-04
 2.5000e+00       3.2800e+00       1.0939e+00       8.6573e-04       1.4754e-02      -2.2200e-03      -3.1389e-03       1.4692e-04
 2.5000e+00       3.2800e+00       1.1039e+00       8.8078e-04       1.4572e-02      -2.2815e-03      -3.1173e-03       1.4619e-04
 2.5000e+00       3.2800e+00       1.1139e+00       8.9670e-04       1.4393e-02      -2.3400e-03      -3.0964e-03       1.4536e-04
 2.5000e+00       3.2800e+00       1.1239e+00       9.1340e-04       1.4216e-02      -2.3956e-03      -3.0760e-03       1.4443e-04
 2.5000e+00       3.2800e+00       1.1339e+00       9.3080e-04       1.4042e-02      -2.4484e-03      -3.0562e-03       1.4339e-04
 2.5000e+00       3.2800e+00       1.1439e+00       9.4881e-04       1.3871e-02      -2.4985e-03      -3.0370e-03       1.4226e-04
 2.5000e+00       3.2800e+00       1.1539e+00       9.6735e-04       1.3702e-02      -2.5459e-03      -3.0183e-03       1.4104e-04
 2.5000e+00       3.2800e+00       1.1639e+00       9.8635e-04       1.3535e-02      -2.5909e-03      -3.0000e-03       1.3973e-04
 2.5000e+00       3.2800e+00       1.1739e+00       1.0057e-03       1.3371e-02      -2.6334e-03      -2.9822e-03       1.3833e-04
 2.5000e+00       3.2800e+00       1.1839e+00       1.0255e-03       1.3210e-02      -2.6735e-03      -2.9649e-03       1.3685e-04
 2.5000e+00       3.2800e+00       1.1939e+00       1.0455e-03       1.3050e-02      -2.7114e-03      -2.9480e-03       1.3529e-04
 2.5000e+00       3.2800e+00       1.2039e+00       1.0657e-03       1.2893e-02      -2.7472e-03      -2.9314e-03       1.3365e-04
 2.5000e+00       3.2800e+00       1.2139e+00       1.0860e-03       1.2739e-02      -2.7808e-03      -2.9153e-03       1.3195e-04
 2.5000e+00       3.2800e+00       1.2239e+00       1.1065e-03       1.2586e-02      -2.8124e-03      -2.8995e-03       1.3017e-04
 2.5000e+00       3.2800e+00       1.2339e+00       1.1271e-03       1.2436e-02      -2.8420e-03      -2.8840e-03       1.2833e-04
 2.5000e+00       3.2800e+00       1.2439e+00       1.1476e-03       1.2288e-02      -2.8698e-03      -2.8688e-03       1.2642e-04
 2.5000e+00       3.2800e+00       1.2539e+00       1.1682e-03       1.2142e-02      -2.8957e-03      -2.8540e-03       1.2446e-04
 2.5000e+00       3.2800e+00       1.2639e+00       1.1888e-03       1.1998e-02      -2.9199e-03      -2.8394e-03       1.2244e-04
 2.5000e+00       3.2800e+00       1.2739e+00       1.2092e-03       1.1856e-02      -2.9424e-03      -2.8251e-03       1.2037e-04
 2.5000e+00       3.2800e+00       1.2839e+00       1.2296e-03       1.1717e-02      -2.9632e-03      -2.8111e-03       1.1824e-04
 2.5000e+00       3.2800e+00       1.2939e+00       1.2498e-03       1.1579e-02      -2.9826e-03      -2.7973e-03       1.1608e-04
 2.5000e+00       3.2800e+00       1.3039e+00       1.2699e-03       1.1443e-02      -3.0003e-03      -2.7837e-03       1.1386e-04
 2.5000e+00       3.2800e+00       1.3139e+00       1.2898e-03       1.1309e-02      -3.0167e-03      -2.7703e-03       1.1161e-04
 2.5000e+00       3.2800e+00       1.3239e+00       1.3094e-03       1.1177e-02      -3.0316e-03      -2.7572e-03       1.0932e-04
 2.5000e+00       3.2800e+00       1.3339e+00       1.3289e-03       1.1047e-02      -3.0452e-03      -2.7442e-03       1.0699e-04
 2.5000e+00       3.2800e+00       1.3439e+00       1.3481e-03       1.0919e-02      -3.0575e-03      -2.7315e-03       1.0463e-04
 2.5000e+00       3.2800e+00       1.3539e+00       1.3671e-03       1.0793e-02      -3.0686e-03      -2.7189e-03       1.0225e-04
 2.5000e+00       3.2800e+00       1.3639e+00       1.3858e-03       1.0668e-02      -3.0784e-03      -2.7065e-03       9.9831e-05
 2.5000e+00       3.2800e+00       1.3739e+00       1.4042e-03       1.0546e-02      -3.0871e-03      -2.6942e-03       9.7393e-05
 2.5000e+00       3.2800e+00       1.3839e+00       1.4223e-03       1.0424e-02      -3.0947e-03      -2.6821e-03       9.4934e-05
 2.5000e+00       3.2800e+00       1.3939e+00       1.4401e-03       1.0305e-02      -3.1012e-03      -2.6701e-03       9.2456e-05
 2.5000e+00       3.2800e+00       1.4039e+00       1.4576e-03       1.0187e-02      -3.1066e-03      -2.6582e-03       8.9962e-05
 2.5000e+00       3.2800e+00       1.4139e+00       1.4748e-03       1.0071e-02      -3.1111e-03      -2.6465e-03       8.7455e-05
 2.5000e+00       3.2800e+00       1.4239e+00       1.4916e-03       9.9570e-03      -3.1147e-03      -2.6349e-03       8.4936e-05
 2.5000e+00       3.2800e+00       1.4339e+00       1.5081e-03       9.8443e-03      -3.1173e-03      -2.6234e-03       8.2409e-05
 2.5000e+00       3.2800e+00       1.4439e+00       1.5243e-03       9.7331e-03      -3.1190e-03      -2.6120e-03       7.9875e-05
 2.5000e+00       3.2800e+00       1.4539e+00       1.5401e-03       9.6235e-03      -3.1199e-03      -2.6007e-03       7.7337e-05
 2.5000e+00       3.2800e+00       1.4639e+00       1.5555e-03       9.5154e-03      -3.1200e-03      -2.5895e-03       7.4797e-05
 2.5000e+00       3.2800e+00       1.4739e+00       1.5706e-03       9.4088e-03      -3.1193e-03      -2.5784e-03       7.2257e-05
 2.5000e+00       3.2800e+00       1.4839e+00       1.5853e-03       9.3038e-03      -3.1178e-03      -2.5674e-03       6.9719e-05
 2.5000e+00       3.2800e+00       1.4939e+00       1.5997e-03       9.2001e-03      -3.1156e-03      -2.5564e-03       6.7186e-05
 2.5000e+00       3.2800e+00       1.5039e+00       1.6137e-03       9.0980e-03      -3.1128e-03      -2.5456e-03       6.4659e-05
 2.5000e+00       3.2800e+00       1.5139e+00       1.6273e-03       8.9972e-03      -3.1093e-03      -2.5348e-03       6.2140e-05
 2.5000e+00       3.2800e+00       1.5239e+00       1.6406e-03       8.8979e-03      -3.1051e-03      -2.5241e-03       5.9632e-05
 2.5000e+00       3.2800e+00       1.5339e+00       1.6534e-03       8.7999e-03      -3.1004e-03      -2.5134e-03       5.7135e-05
 2.5000e+00       3.2800e+00       1.5439e+00       1.6660e-03       8.7033e-03      -3.0950e-03      -2.5028e-03       5.4652e-05
 2.5000e+00       3.2800e+00       1.5539e+00       1.6781e-03       8.6081e-03      -3.0891e-03      -2.4923e-03       5.2184e-05
 2.5000e+00       3.2800e+00       1.5639e+00       1.6899e-03       8.5141e-03      -3.0827e-03      -2.4818e-03       4.9734e-05
 2.5000e+00       3.2800e+00       1.5739e+00       1.7014e-03       8.4215e-03      -3.0757e-03      -2.4714e-03       4.7301e-05
 2.5000e+00       3.2800e+00       1.5839e+00       1.7125e-03       8.3301e-03      -3.0683e-03      -2.4610e-03       4.4890e-05
 2.5000e+00       3.2800e+00       1.5939e+00       1.7232e-03       8.2400e-03      -3.0604e-03      -2.4507e-03       4.2499e-05
 2.5000e+00       3.2800e+00       1.6039e+00       1.7335e-03       8.1511e-03      -3.0520e-03      -2.4404e-03       4.0132e-05
 2.5000e+00       3.2800e+00       1.6139e+00       1.7436e-03       8.0635e-03      -3.0433e-03      -2.4302e-03       3.7789e-05
 2.5000e+00       3.2800e+00       1.6239e+00       1.7532e-03       7.9771e-03      -3.0341e-03      -2.4200e-03       3.5472e-05
 2.5000e+00       3.2800e+00       1.6339e+00       1.7625e-03       7.8918e-03      -3.0245e-03      -2.4099e-03       3.3182e-05
 2.5000e+00       3.2800e+00       1.6439e+00       1.7715e-03       7.8077e-03      -3.0145e-03      -2.3998e-03       3.0920e-05
