 6.0000e+00       3.2800e+00       1.9249e-01       9.2065e-02       1.1159e-02       0.0000e+00       0.0000e+00       0.0000e+00
 6.0000e+00       3.2800e+00       2.0249e-01       8.5203e-02       1.0741e-02       4.2532e-03      -1.6593e-04      -2.7339e-05
 6.0000e+00       3.2800e+00       2.1249e-01       7.8995e-02       1.0371e-02       5.6764e-03      -2.9865e-04      -3.6836e-05
 6.0000e+00       3.2800e+00       2.2249e-01       7.3361e-02       1.0042e-02       6.5729e-03      -4.0399e-04      -4.2977e-05
 6.0000e+00       3.2800e+00       2.3249e-01       6.8235e-02       9.7485e-03       7.1875e-03      -4.8668e-04      -4.7268e-05
 6.0000e+00       3.2800e+00       2.4249e-01       6.3560e-02       9.4853e-03       7.6212e-03      -5.5061e-04      -5.0327e-05
 6.0000e+00       3.2800e+00       2.5249e-01       5.9285e-02       9.2487e-03       7.9284e-03      -5.9897e-04      -5.2489e-05
 6.0000e+00       3.2800e+00       2.6249e-01       5.5368e-02       9.0353e-03       8.1426e-03      -6.3438e-04      -5.3963e-05
 6.0000e+00       3.2800e+00       2.7249e-01       5.1771e-02       8.8422e-03       8.2860e-03      -6.5904e-04      -5.4890e-05
 6.0000e+00       3.2800e+00       2.8249e-01       4.8463e-02       8.6671e-03       8.3743e-03      -6.7477e-04      -5.5373e-05
 6.0000e+00       3.2800e+00       2.9249e-01       4.5414e-02       8.5078e-03       8.4189e-03      -6.8309e-04      -5.5489e-05
 6.0000e+00       3.2800e+00       3.0249e-01       4.2599e-02       8.3624e-03       8.4285e-03      -6.8530e-04      -5.5296e-05
 6.0000e+00       3.2800e+00       3.1249e-01       3.9997e-02       8.2295e-03       8.4099e-03      -6.8246e-04      -5.4842e-05
 6.0000e+00       3.2800e+00       3.2249e-01       3.7588e-02       8.1077e-03       8.3682e-03      -6.7549e-04      -5.4166e-05
 6.0000e+00       3.2800e+00       3.3249e-01       3.5354e-02       7.9957e-03       8.3077e-03      -6.6517e-04      -5.3297e-05
 6.0000e+00       3.2800e+00       3.4249e-01       3.3280e-02       7.8925e-03       8.2318e-03      -6.5214e-04      -5.2263e-05
 6.0000e+00       3.2800e+00       3.5249e-01       3.1352e-02       7.7972e-03       8.1431e-03      -6.3695e-04      -5.1085e-05
 6.0000e+00       3.2800e+00       3.6249e-01       2.9557e-02       7.7090e-03       8.0441e-03      -6.2008e-04      -4.9782e-05
 6.0000e+00       3.2800e+00       3.7249e-01       2.7885e-02       7.6272e-03       7.9365e-03      -6.0193e-04      -4.8369e-05
 6.0000e+00       3.2800e+00       3.8249e-01       2.6326e-02       7.5511e-03       7.8220e-03      -5.8284e-04      -4.6860e-05
 6.0000e+00       3.2800e+00       3.9249e-01       2.4869e-02       7.4801e-03       7.7019e-03      -5.6308e-04      -4.5268e-05
 6.0000e+00       3.2800e+00       4.0249e-01       2.3508e-02       7.4138e-03       7.5773e-03      -5.4292e-04      -4.3602e-05
 6.0000e+00       3.2800e+00       4.1249e-01       2.2235e-02       7.3517e-03       7.4492e-03      -5.2256e-04      -4.1871e-05
 6.0000e+00       3.2800e+00       4.2249e-01       2.1043e-02       7.2933e-03       7.3184e-03      -5.0216e-04      -4.0085e-05
 6.0000e+00       3.2800e+00       4.3249e-01       1.9925e-02       7.2384e-03       7.1855e-03      -4.8189e-04      -3.8249e-05
 6.0000e+00       3.2800e+00       4.4249e-01       1.8877e-02       7.1866e-03       7.0513e-03      -4.6186e-04      -3.6371e-05
 6.0000e+00       3.2800e+00       4.5249e-01       1.7894e-02       7.1376e-03       6.9161e-03      -4.4218e-04      -3.4456e-05
 6.0000e+00       3.2800e+00       4.6249e-01       1.6970e-02       7.0911e-03       6.7805e-03      -4.2294e-04      -3.2510e-05
 6.0000e+00       3.2800e+00       4.7249e-01       1.6101e-02       7.0469e-03       6.6448e-03      -4.0420e-04      -3.0538e-05
 6.0000e+00       3.2800e+00       4.8249e-01       1.5284e-02       7.0048e-03       6.5093e-03      -3.8602e-04      -2.8543e-05
 6.0000e+00       3.2800e+00       4.9249e-01       1.4516e-02       6.9646e-03       6.3744e-03      -3.6846e-04      -2.6531e-05
 6.0000e+00       3.2800e+00       5.0249e-01       1.3791e-02       6.9260e-03       6.2402e-03      -3.5155e-04      -2.4505e-05
 6.0000e+00       3.2800e+00       5.1249e-01       1.3109e-02       6.8890e-03       6.1069e-03      -3.3531e-04      -2.2468e-05
 6.0000e+00       3.2800e+00       5.2249e-01       1.2465e-02       6.8534e-03       5.9748e-03      -3.1978e-04      -2.0424e-05
 6.0000e+00       3.2800e+00       5.3249e-01       1.1858e-02       6.8190e-03       5.8440e-03      -3.0496e-04      -1.8376e-05
 6.0000e+00       3.2800e+00       5.4249e-01       1.1285e-02       6.7857e-03       5.7146e-03      -2.9086e-04      -1.6327e-05
 6.0000e+00       3.2800e+00       5.5249e-01       1.0743e-02       6.7535e-03       5.5868e-03      -2.7750e-04      -1.4280e-05
 6.0000e+00       3.2800e+00       5.6249e-01       1.0232e-02       6.7221e-03       5.4605e-03      -2.6486e-04      -1.2237e-05
 6.0000e+00       3.2800e+00       5.7249e-01       9.7478e-03       6.6916e-03       5.3360e-03      -2.5296e-04      -1.0201e-05
 6.0000e+00       3.2800e+00       5.8249e-01       9.2901e-03       6.6618e-03       5.2133e-03      -2.4178e-04      -8.1740e-06
 6.0000e+00       3.2800e+00       5.9249e-01       8.8571e-03       6.6327e-03       5.0924e-03      -2.3132e-04      -6.1588e-06
 6.0000e+00       3.2800e+00       6.0249e-01       8.4470e-03       6.6042e-03       4.9733e-03      -2.2156e-04      -4.1572e-06
 6.0000e+00       3.2800e+00       6.1249e-01       8.0587e-03       6.5762e-03       4.8562e-03      -2.1250e-04      -2.1715e-06
 6.0000e+00       3.2800e+00       6.2249e-01       7.6907e-03       6.5486e-03       4.7409e-03      -2.0412e-04      -2.0373e-07
 6.0000e+00       3.2800e+00       6.3249e-01       7.3418e-03       6.5215e-03       4.6277e-03      -1.9641e-04       1.7443e-06
 6.0000e+00       3.2800e+00       6.4249e-01       7.0110e-03       6.4947e-03       4.5163e-03      -1.8935e-04       3.6707e-06
 6.0000e+00       3.2800e+00       6.5249e-01       6.6971e-03       6.4682e-03       4.4070e-03      -1.8292e-04       5.5736e-06
 6.0000e+00       3.2800e+00       6.6249e-01       6.3993e-03       6.4420e-03       4.2996e-03      -1.7712e-04       7.4514e-06
 6.0000e+00       3.2800e+00       6.7249e-01       6.1165e-03       6.4161e-03       4.1942e-03      -1.7192e-04       9.3024e-06
 6.0000e+00       3.2800e+00       6.8249e-01       5.8480e-03       6.3904e-03       4.0908e-03      -1.6730e-04       1.1125e-05
 6.0000e+00       3.2800e+00       6.9249e-01       5.5929e-03       6.3648e-03       3.9893e-03      -1.6324e-04       1.2918e-05
 6.0000e+00       3.2800e+00       7.0249e-01       5.3505e-03       6.3394e-03       3.8898e-03      -1.5974e-04       1.4679e-05
 6.0000e+00       3.2800e+00       7.1249e-01       5.1200e-03       6.3141e-03       3.7922e-03      -1.5676e-04       1.6408e-05
 6.0000e+00       3.2800e+00       7.2249e-01       4.9009e-03       6.2889e-03       3.6965e-03      -1.5430e-04       1.8103e-05
 6.0000e+00       3.2800e+00       7.3249e-01       4.6925e-03       6.2638e-03       3.6027e-03      -1.5232e-04       1.9762e-05
 6.0000e+00       3.2800e+00       7.4249e-01       4.4941e-03       6.2388e-03       3.5108e-03      -1.5082e-04       2.1386e-05
 6.0000e+00       3.2800e+00       7.5249e-01       4.3054e-03       6.2138e-03       3.4207e-03      -1.4978e-04       2.2971e-05
 6.0000e+00       3.2800e+00       7.6249e-01       4.1258e-03       6.1889e-03       3.3325e-03      -1.4918e-04       2.4518e-05
 6.0000e+00       3.2800e+00       7.7249e-01       3.9547e-03       6.1639e-03       3.2461e-03      -1.4900e-04       2.6025e-05
 6.0000e+00       3.2800e+00       7.8249e-01       3.7918e-03       6.1390e-03       3.1615e-03      -1.4922e-04       2.7492e-05
 6.0000e+00       3.2800e+00       7.9249e-01       3.6365e-03       6.1141e-03       3.0786e-03      -1.4983e-04       2.8918e-05
 6.0000e+00       3.2800e+00       8.0249e-01       3.4886e-03       6.0892e-03       2.9975e-03      -1.5082e-04       3.0301e-05
 6.0000e+00       3.2800e+00       8.1249e-01       3.3476e-03       6.0643e-03       2.9180e-03      -1.5215e-04       3.1641e-05
 6.0000e+00       3.2800e+00       8.2249e-01       3.2132e-03       6.0394e-03       2.8403e-03      -1.5383e-04       3.2937e-05
 6.0000e+00       3.2800e+00       8.3249e-01       3.0851e-03       6.0144e-03       2.7642e-03      -1.5583e-04       3.4189e-05
 6.0000e+00       3.2800e+00       8.4249e-01       2.9628e-03       5.9894e-03       2.6897e-03      -1.5813e-04       3.5396e-05
 6.0000e+00       3.2800e+00       8.5249e-01       2.8462e-03       5.9644e-03       2.6168e-03      -1.6073e-04       3.6558e-05
 6.0000e+00       3.2800e+00       8.6249e-01       2.7350e-03       5.9393e-03       2.5455e-03      -1.6361e-04       3.7674e-05
 6.0000e+00       3.2800e+00       8.7249e-01       2.6288e-03       5.9143e-03       2.4757e-03      -1.6676e-04       3.8743e-05
 6.0000e+00       3.2800e+00       8.8249e-01       2.5275e-03       5.8891e-03       2.4075e-03      -1.7016e-04       3.9766e-05
 6.0000e+00       3.2800e+00       8.9249e-01       2.4307e-03       5.8640e-03       2.3407e-03      -1.7379e-04       4.0742e-05
 6.0000e+00       3.2800e+00       9.0249e-01       2.3383e-03       5.8388e-03       2.2754e-03      -1.7765e-04       4.1670e-05
 6.0000e+00       3.2800e+00       9.1249e-01       2.2501e-03       5.8136e-03       2.2115e-03      -1.8173e-04       4.2552e-05
 6.0000e+00       3.2800e+00       9.2249e-01       2.1659e-03       5.7883e-03       2.1491e-03      -1.8600e-04       4.3386e-05
 6.0000e+00       3.2800e+00       9.3249e-01       2.0853e-03       5.7630e-03       2.0880e-03      -1.9047e-04       4.4172e-05
 6.0000e+00       3.2800e+00       9.4249e-01       2.0084e-03       5.7377e-03       2.0282e-03      -1.9511e-04       4.4911e-05
 6.0000e+00       3.2800e+00       9.5249e-01       1.9349e-03       5.7123e-03       1.9698e-03      -1.9993e-04       4.5602e-05
 6.0000e+00       3.2800e+00       9.6249e-01       1.8646e-03       5.6869e-03       1.9126e-03      -2.0490e-04       4.6246e-05
 6.0000e+00       3.2800e+00       9.7249e-01       1.7975e-03       5.6615e-03       1.8568e-03      -2.1001e-04       4.6842e-05
 6.0000e+00       3.2800e+00       9.8249e-01       1.7333e-03       5.6361e-03       1.8022e-03      -2.1527e-04       4.7392e-05
 6.0000e+00       3.2800e+00       9.9249e-01       1.6719e-03       5.6106e-03       1.7488e-03      -2.2065e-04       4.7894e-05
 6.0000e+00       3.2800e+00       1.0025e+00       1.6132e-03       5.5852e-03       1.6966e-03      -2.2616e-04       4.8350e-05
 6.0000e+00       3.2800e+00       1.0125e+00       1.5570e-03       5.5597e-03       1.6455e-03      -2.3177e-04       4.8759e-05
 6.0000e+00       3.2800e+00       1.0225e+00       1.5033e-03       5.5342e-03       1.5956e-03      -2.3748e-04       4.9123e-05
 6.0000e+00       3.2800e+00       1.0325e+00       1.4519e-03       5.5087e-03       1.5468e-03      -2.4329e-04       4.9440e-05
 6.0000e+00       3.2800e+00       1.0425e+00       1.4027e-03       5.4832e-03       1.4992e-03      -2.4919e-04       4.9713e-05
 6.0000e+00       3.2800e+00       1.0525e+00       1.3557e-03       5.4577e-03       1.4526e-03      -2.5516e-04       4.9941e-05
 6.0000e+00       3.2800e+00       1.0625e+00       1.3106e-03       5.4322e-03       1.4070e-03      -2.6120e-04       5.0125e-05
 6.0000e+00       3.2800e+00       1.0725e+00       1.2675e-03       5.4067e-03       1.3625e-03      -2.6731e-04       5.0265e-05
 6.0000e+00       3.2800e+00       1.0825e+00       1.2263e-03       5.3813e-03       1.3190e-03      -2.7348e-04       5.0362e-05
 6.0000e+00       3.2800e+00       1.0925e+00       1.1868e-03       5.3558e-03       1.2764e-03      -2.7970e-04       5.0417e-05
 6.0000e+00       3.2800e+00       1.1025e+00       1.1490e-03       5.3304e-03       1.2349e-03      -2.8596e-04       5.0429e-05
 6.0000e+00       3.2800e+00       1.1125e+00       1.1128e-03       5.3049e-03       1.1942e-03      -2.9227e-04       5.0401e-05
 6.0000e+00       3.2800e+00       1.1225e+00       1.0781e-03       5.2796e-03       1.1545e-03      -2.9860e-04       5.0333e-05
 6.0000e+00       3.2800e+00       1.1325e+00       1.0449e-03       5.2542e-03       1.1157e-03      -3.0497e-04       5.0224e-05
 6.0000e+00       3.2800e+00       1.1425e+00       1.0131e-03       5.2289e-03       1.0778e-03      -3.1136e-04       5.0077e-05
 6.0000e+00       3.2800e+00       1.1525e+00       9.8262e-04       5.2036e-03       1.0407e-03      -3.1777e-04       4.9892e-05
 6.0000e+00       3.2800e+00       1.1625e+00       9.5343e-04       5.1784e-03       1.0045e-03      -3.2419e-04       4.9669e-05
 6.0000e+00       3.2800e+00       1.1725e+00       9.2548e-04       5.1532e-03       9.6908e-04      -3.3062e-04       4.9410e-05
 6.0000e+00       3.2800e+00       1.1825e+00       8.9869e-04       5.1280e-03       9.3449e-04      -3.3706e-04       4.9115e-05
 6.0000e+00       3.2800e+00       1.1925e+00       8.7302e-04       5.1030e-03       9.0068e-04      -3.4350e-04       4.8785e-05
 6.0000e+00       3.2800e+00       1.2025e+00       8.4843e-04       5.0779e-03       8.6765e-04      -3.4993e-04       4.8421e-05
 6.0000e+00       3.2800e+00       1.2125e+00       8.2485e-04       5.0530e-03       8.3537e-04      -3.5636e-04       4.8025e-05
 6.0000e+00       3.2800e+00       1.2225e+00       8.0226e-04       5.0280e-03       8.0382e-04      -3.6278e-04       4.7596e-05
 6.0000e+00       3.2800e+00       1.2325e+00       7.8061e-04       5.0032e-03       7.7300e-04      -3.6918e-04       4.7136e-05
 6.0000e+00       3.2800e+00       1.2425e+00       7.5985e-04       4.9784e-03       7.4287e-04      -3.7557e-04       4.6646e-05
 6.0000e+00       3.2800e+00       1.2525e+00       7.3996e-04       4.9537e-03       7.1344e-04      -3.8194e-04       4.6126e-05
 6.0000e+00       3.2800e+00       1.2625e+00       7.2088e-04       4.9291e-03       6.8468e-04      -3.8828e-04       4.5579e-05
 6.0000e+00       3.2800e+00       1.2725e+00       7.0259e-04       4.9046e-03       6.5657e-04      -3.9460e-04       4.5004e-05
 6.0000e+00       3.2800e+00       1.2825e+00       6.8506e-04       4.8801e-03       6.2911e-04      -4.0090e-04       4.4402e-05
 6.0000e+00       3.2800e+00       1.2925e+00       6.6824e-04       4.8557e-03       6.0228e-04      -4.0716e-04       4.3775e-05
 6.0000e+00       3.2800e+00       1.3025e+00       6.5212e-04       4.8315e-03       5.7606e-04      -4.1339e-04       4.3124e-05
 6.0000e+00       3.2800e+00       1.3125e+00       6.3665e-04       4.8072e-03       5.5043e-04      -4.1958e-04       4.2449e-05
 6.0000e+00       3.2800e+00       1.3225e+00       6.2182e-04       4.7831e-03       5.2540e-04      -4.2574e-04       4.1752e-05
 6.0000e+00       3.2800e+00       1.3325e+00       6.0760e-04       4.7591e-03       5.0094e-04      -4.3186e-04       4.1033e-05
 6.0000e+00       3.2800e+00       1.3425e+00       5.9395e-04       4.7352e-03       4.7704e-04      -4.3794e-04       4.0294e-05
 6.0000e+00       3.2800e+00       1.3525e+00       5.8086e-04       4.7114e-03       4.5368e-04      -4.4397e-04       3.9536e-05
 6.0000e+00       3.2800e+00       1.3625e+00       5.6831e-04       4.6877e-03       4.3087e-04      -4.4996e-04       3.8759e-05
 6.0000e+00       3.2800e+00       1.3725e+00       5.5626e-04       4.6640e-03       4.0857e-04      -4.5591e-04       3.7965e-05
 6.0000e+00       3.2800e+00       1.3825e+00       5.4470e-04       4.6405e-03       3.8678e-04      -4.6181e-04       3.7154e-05
 6.0000e+00       3.2800e+00       1.3925e+00       5.3361e-04       4.6171e-03       3.6550e-04      -4.6766e-04       3.6328e-05
 6.0000e+00       3.2800e+00       1.4025e+00       5.2297e-04       4.5938e-03       3.4470e-04      -4.7346e-04       3.5487e-05
 6.0000e+00       3.2800e+00       1.4125e+00       5.1276e-04       4.5706e-03       3.2438e-04      -4.7921e-04       3.4632e-05
 6.0000e+00       3.2800e+00       1.4225e+00       5.0295e-04       4.5475e-03       3.0453e-04      -4.8490e-04       3.3765e-05
 6.0000e+00       3.2800e+00       1.4325e+00       4.9354e-04       4.5246e-03       2.8513e-04      -4.9055e-04       3.2887e-05
 6.0000e+00       3.2800e+00       1.4425e+00       4.8451e-04       4.5017e-03       2.6618e-04      -4.9614e-04       3.1998e-05
 6.0000e+00       3.2800e+00       1.4525e+00       4.7585e-04       4.4789e-03       2.4766e-04      -5.0167e-04       3.1099e-05
 6.0000e+00       3.2800e+00       1.4625e+00       4.6752e-04       4.4563e-03       2.2957e-04      -5.0716e-04       3.0191e-05
 6.0000e+00       3.2800e+00       1.4725e+00       4.5953e-04       4.4338e-03       2.1189e-04      -5.1258e-04       2.9275e-05
 6.0000e+00       3.2800e+00       1.4825e+00       4.5186e-04       4.4114e-03       1.9462e-04      -5.1795e-04       2.8353e-05
 6.0000e+00       3.2800e+00       1.4925e+00       4.4450e-04       4.3891e-03       1.7775e-04      -5.2326e-04       2.7424e-05
 6.0000e+00       3.2800e+00       1.5025e+00       4.3742e-04       4.3669e-03       1.6126e-04      -5.2851e-04       2.6490e-05
 6.0000e+00       3.2800e+00       1.5125e+00       4.3063e-04       4.3449e-03       1.4516e-04      -5.3370e-04       2.5552e-05
 6.0000e+00       3.2800e+00       1.5225e+00       4.2410e-04       4.3230e-03       1.2942e-04      -5.3884e-04       2.4610e-05
 6.0000e+00       3.2800e+00       1.5325e+00       4.1783e-04       4.3012e-03       1.1405e-04      -5.4391e-04       2.3666e-05
 6.0000e+00       3.2800e+00       1.5425e+00       4.1181e-04       4.2795e-03       9.9037e-05      -5.4893e-04       2.2720e-05
 6.0000e+00       3.2800e+00       1.5525e+00       4.0603e-04       4.2579e-03       8.4367e-05      -5.5388e-04       2.1773e-05
 6.0000e+00       3.2800e+00       1.5625e+00       4.0047e-04       4.2365e-03       7.0037e-05      -5.5878e-04       2.0826e-05
 6.0000e+00       3.2800e+00       1.5725e+00       3.9512e-04       4.2151e-03       5.6037e-05      -5.6362e-04       1.9879e-05
 6.0000e+00       3.2800e+00       1.5825e+00       3.8999e-04       4.1939e-03       4.2361e-05      -5.6839e-04       1.8934e-05
 6.0000e+00       3.2800e+00       1.5925e+00       3.8506e-04       4.1728e-03       2.9002e-05      -5.7310e-04       1.7990e-05
 6.0000e+00       3.2800e+00       1.6025e+00       3.8031e-04       4.1519e-03       1.5953e-05      -5.7776e-04       1.7050e-05
 6.0000e+00       3.2800e+00       1.6125e+00       3.7575e-04       4.1310e-03       3.2066e-06      -5.8235e-04       1.6113e-05
 6.0000e+00       3.2800e+00       1.6225e+00       3.7137e-04       4.1103e-03      -9.2440e-06      -5.8688e-04       1.5181e-05
 6.0000e+00       3.2800e+00       1.6325e+00       3.6715e-04       4.0897e-03      -2.1405e-05      -5.9135e-04       1.4253e-05
 6.0000e+00       3.2800e+00       1.6425e+00       3.6309e-04       4.0693e-03      -3.3283e-05      -5.9576e-04       1.3331e-05
