 3.5000e+00       3.2800e+00       7.8899e-02       4.7164e-01       7.8410e-02       0.0000e+00       0.0000e+00       0.0000e+00
 3.5000e+00       3.2800e+00       8.8899e-02       4.1822e-01       7.2178e-02       2.7731e-02      -2.9804e-03      -1.3200e-04
 3.5000e+00       3.2800e+00       9.8899e-02       3.7279e-01       6.7010e-02       3.4619e-02      -5.1143e-03      -1.7814e-04
 3.5000e+00       3.2800e+00       1.0890e-01       3.3385e-01       6.2647e-02       3.7814e-02      -6.6411e-03      -2.0814e-04
 3.5000e+00       3.2800e+00       1.1890e-01       3.0022e-01       5.8910e-02       3.9272e-02      -7.7240e-03      -2.2922e-04
 3.5000e+00       3.2800e+00       1.2890e-01       2.7098e-01       5.5671e-02       3.9771e-02      -8.4777e-03      -2.4437e-04
 3.5000e+00       3.2800e+00       1.3890e-01       2.4541e-01       5.2834e-02       3.9697e-02      -8.9842e-03      -2.5521e-04
 3.5000e+00       3.2800e+00       1.4890e-01       2.2291e-01       5.0327e-02       3.9267e-02      -9.3036e-03      -2.6275e-04
 3.5000e+00       3.2800e+00       1.5890e-01       2.0303e-01       4.8094e-02       3.8610e-02      -9.4805e-03      -2.6770e-04
 3.5000e+00       3.2800e+00       1.6890e-01       1.8537e-01       4.6091e-02       3.7808e-02      -9.5484e-03      -2.7054e-04
 3.5000e+00       3.2800e+00       1.7890e-01       1.6962e-01       4.4285e-02       3.6915e-02      -9.5331e-03      -2.7167e-04
 3.5000e+00       3.2800e+00       1.8890e-01       1.5553e-01       4.2647e-02       3.5965e-02      -9.4542e-03      -2.7138e-04
 3.5000e+00       3.2800e+00       1.9890e-01       1.4287e-01       4.1153e-02       3.4983e-02      -9.3270e-03      -2.6990e-04
 3.5000e+00       3.2800e+00       2.0890e-01       1.3146e-01       3.9786e-02       3.3986e-02      -9.1634e-03      -2.6743e-04
 3.5000e+00       3.2800e+00       2.1890e-01       1.2115e-01       3.8530e-02       3.2985e-02      -8.9728e-03      -2.6411e-04
 3.5000e+00       3.2800e+00       2.2890e-01       1.1181e-01       3.7371e-02       3.1989e-02      -8.7625e-03      -2.6008e-04
 3.5000e+00       3.2800e+00       2.3890e-01       1.0333e-01       3.6298e-02       3.1004e-02      -8.5385e-03      -2.5545e-04
 3.5000e+00       3.2800e+00       2.4890e-01       9.5610e-02       3.5302e-02       3.0034e-02      -8.3053e-03      -2.5031e-04
 3.5000e+00       3.2800e+00       2.5890e-01       8.8568e-02       3.4375e-02       2.9082e-02      -8.0667e-03      -2.4473e-04
 3.5000e+00       3.2800e+00       2.6890e-01       8.2131e-02       3.3508e-02       2.8149e-02      -7.8256e-03      -2.3879e-04
 3.5000e+00       3.2800e+00       2.7890e-01       7.6236e-02       3.2697e-02       2.7239e-02      -7.5842e-03      -2.3255e-04
 3.5000e+00       3.2800e+00       2.8890e-01       7.0830e-02       3.1936e-02       2.6350e-02      -7.3445e-03      -2.2604e-04
 3.5000e+00       3.2800e+00       2.9890e-01       6.5864e-02       3.1220e-02       2.5483e-02      -7.1078e-03      -2.1933e-04
 3.5000e+00       3.2800e+00       3.0890e-01       6.1295e-02       3.0544e-02       2.4640e-02      -6.8753e-03      -2.1243e-04
 3.5000e+00       3.2800e+00       3.1890e-01       5.7086e-02       2.9906e-02       2.3820e-02      -6.6478e-03      -2.0540e-04
 3.5000e+00       3.2800e+00       3.2890e-01       5.3203e-02       2.9303e-02       2.3022e-02      -6.4260e-03      -1.9824e-04
 3.5000e+00       3.2800e+00       3.3890e-01       4.9617e-02       2.8730e-02       2.2247e-02      -6.2103e-03      -1.9100e-04
 3.5000e+00       3.2800e+00       3.4890e-01       4.6301e-02       2.8185e-02       2.1494e-02      -6.0012e-03      -1.8370e-04
 3.5000e+00       3.2800e+00       3.5890e-01       4.3232e-02       2.7667e-02       2.0763e-02      -5.7988e-03      -1.7634e-04
 3.5000e+00       3.2800e+00       3.6890e-01       4.0388e-02       2.7173e-02       2.0053e-02      -5.6033e-03      -1.6896e-04
 3.5000e+00       3.2800e+00       3.7890e-01       3.7750e-02       2.6702e-02       1.9364e-02      -5.4148e-03      -1.6156e-04
 3.5000e+00       3.2800e+00       3.8890e-01       3.5301e-02       2.6250e-02       1.8695e-02      -5.2333e-03      -1.5417e-04
 3.5000e+00       3.2800e+00       3.9890e-01       3.3027e-02       2.5818e-02       1.8046e-02      -5.0587e-03      -1.4678e-04
 3.5000e+00       3.2800e+00       4.0890e-01       3.0911e-02       2.5403e-02       1.7417e-02      -4.8910e-03      -1.3943e-04
 3.5000e+00       3.2800e+00       4.1890e-01       2.8943e-02       2.5005e-02       1.6806e-02      -4.7301e-03      -1.3210e-04
 3.5000e+00       3.2800e+00       4.2890e-01       2.7111e-02       2.4622e-02       1.6214e-02      -4.5758e-03      -1.2482e-04
 3.5000e+00       3.2800e+00       4.3890e-01       2.5403e-02       2.4253e-02       1.5640e-02      -4.4279e-03      -1.1759e-04
 3.5000e+00       3.2800e+00       4.4890e-01       2.3811e-02       2.3897e-02       1.5083e-02      -4.2865e-03      -1.1043e-04
 3.5000e+00       3.2800e+00       4.5890e-01       2.2325e-02       2.3554e-02       1.4542e-02      -4.1511e-03      -1.0332e-04
 3.5000e+00       3.2800e+00       4.6890e-01       2.0938e-02       2.3222e-02       1.4018e-02      -4.0218e-03      -9.6293e-05
 3.5000e+00       3.2800e+00       4.7890e-01       1.9643e-02       2.2900e-02       1.3510e-02      -3.8982e-03      -8.9341e-05
 3.5000e+00       3.2800e+00       4.8890e-01       1.8433e-02       2.2589e-02       1.3018e-02      -3.7803e-03      -8.2473e-05
 3.5000e+00       3.2800e+00       4.9890e-01       1.7302e-02       2.2287e-02       1.2540e-02      -3.6677e-03      -7.5692e-05
 3.5000e+00       3.2800e+00       5.0890e-01       1.6244e-02       2.1994e-02       1.2077e-02      -3.5604e-03      -6.9004e-05
 3.5000e+00       3.2800e+00       5.1890e-01       1.5254e-02       2.1710e-02       1.1628e-02      -3.4581e-03      -6.2412e-05
 3.5000e+00       3.2800e+00       5.2890e-01       1.4327e-02       2.1433e-02       1.1193e-02      -3.3607e-03      -5.5921e-05
 3.5000e+00       3.2800e+00       5.3890e-01       1.3459e-02       2.1164e-02       1.0771e-02      -3.2679e-03      -4.9532e-05
 3.5000e+00       3.2800e+00       5.4890e-01       1.2646e-02       2.0901e-02       1.0361e-02      -3.1796e-03      -4.3251e-05
 3.5000e+00       3.2800e+00       5.5890e-01       1.1885e-02       2.0646e-02       9.9646e-03      -3.0957e-03      -3.7079e-05
 3.5000e+00       3.2800e+00       5.6890e-01       1.1171e-02       2.0396e-02       9.5800e-03      -3.0158e-03      -3.1020e-05
 3.5000e+00       3.2800e+00       5.7890e-01       1.0501e-02       2.0152e-02       9.2071e-03      -2.9399e-03      -2.5075e-05
 3.5000e+00       3.2800e+00       5.8890e-01       9.8737e-03       1.9914e-02       8.8456e-03      -2.8679e-03      -1.9248e-05
 3.5000e+00       3.2800e+00       5.9890e-01       9.2850e-03       1.9682e-02       8.4952e-03      -2.7994e-03      -1.3539e-05
 3.5000e+00       3.2800e+00       6.0890e-01       8.7327e-03       1.9454e-02       8.1555e-03      -2.7345e-03      -7.9522e-06
 3.5000e+00       3.2800e+00       6.1890e-01       8.2144e-03       1.9231e-02       7.8263e-03      -2.6729e-03      -2.4881e-06
 3.5000e+00       3.2800e+00       6.2890e-01       7.7280e-03       1.9013e-02       7.5071e-03      -2.6145e-03       2.8514e-06
 3.5000e+00       3.2800e+00       6.3890e-01       7.2715e-03       1.8799e-02       7.1977e-03      -2.5592e-03       8.0649e-06
 3.5000e+00       3.2800e+00       6.4890e-01       6.8429e-03       1.8589e-02       6.8979e-03      -2.5067e-03       1.3151e-05
 3.5000e+00       3.2800e+00       6.5890e-01       6.4405e-03       1.8383e-02       6.6072e-03      -2.4571e-03       1.8108e-05
 3.5000e+00       3.2800e+00       6.6890e-01       6.0626e-03       1.8181e-02       6.3255e-03      -2.4102e-03       2.2936e-05
 3.5000e+00       3.2800e+00       6.7890e-01       5.7078e-03       1.7983e-02       6.0525e-03      -2.3657e-03       2.7633e-05
 3.5000e+00       3.2800e+00       6.8890e-01       5.3746e-03       1.7788e-02       5.7879e-03      -2.3238e-03       3.2198e-05
 3.5000e+00       3.2800e+00       6.9890e-01       5.0617e-03       1.7596e-02       5.5314e-03      -2.2841e-03       3.6632e-05
 3.5000e+00       3.2800e+00       7.0890e-01       4.7678e-03       1.7408e-02       5.2829e-03      -2.2467e-03       4.0932e-05
 3.5000e+00       3.2800e+00       7.1890e-01       4.4919e-03       1.7223e-02       5.0421e-03      -2.2113e-03       4.5100e-05
 3.5000e+00       3.2800e+00       7.2890e-01       4.2327e-03       1.7040e-02       4.8087e-03      -2.1780e-03       4.9133e-05
 3.5000e+00       3.2800e+00       7.3890e-01       3.9893e-03       1.6861e-02       4.5826e-03      -2.1466e-03       5.3033e-05
 3.5000e+00       3.2800e+00       7.4890e-01       3.7608e-03       1.6684e-02       4.3635e-03      -2.1170e-03       5.6799e-05
 3.5000e+00       3.2800e+00       7.5890e-01       3.5463e-03       1.6510e-02       4.1513e-03      -2.0892e-03       6.0431e-05
 3.5000e+00       3.2800e+00       7.6890e-01       3.3448e-03       1.6339e-02       3.9456e-03      -2.0630e-03       6.3929e-05
 3.5000e+00       3.2800e+00       7.7890e-01       3.1558e-03       1.6170e-02       3.7463e-03      -2.0384e-03       6.7293e-05
 3.5000e+00       3.2800e+00       7.8890e-01       2.9783e-03       1.6003e-02       3.5533e-03      -2.0153e-03       7.0524e-05
 3.5000e+00       3.2800e+00       7.9890e-01       2.8118e-03       1.5839e-02       3.3664e-03      -1.9936e-03       7.3622e-05
 3.5000e+00       3.2800e+00       8.0890e-01       2.6556e-03       1.5677e-02       3.1852e-03      -1.9732e-03       7.6587e-05
 3.5000e+00       3.2800e+00       8.1890e-01       2.5091e-03       1.5517e-02       3.0098e-03      -1.9542e-03       7.9420e-05
 3.5000e+00       3.2800e+00       8.2890e-01       2.3717e-03       1.5360e-02       2.8399e-03      -1.9363e-03       8.2122e-05
 3.5000e+00       3.2800e+00       8.3890e-01       2.2429e-03       1.5204e-02       2.6754e-03      -1.9197e-03       8.4693e-05
 3.5000e+00       3.2800e+00       8.4890e-01       2.1222e-03       1.5051e-02       2.5160e-03      -1.9041e-03       8.7134e-05
 3.5000e+00       3.2800e+00       8.5890e-01       2.0091e-03       1.4899e-02       2.3617e-03      -1.8895e-03       8.9447e-05
 3.5000e+00       3.2800e+00       8.6890e-01       1.9032e-03       1.4749e-02       2.2123e-03      -1.8760e-03       9.1632e-05
 3.5000e+00       3.2800e+00       8.7890e-01       1.8040e-03       1.4602e-02       2.0677e-03      -1.8633e-03       9.3690e-05
 3.5000e+00       3.2800e+00       8.8890e-01       1.7113e-03       1.4456e-02       1.9276e-03      -1.8516e-03       9.5622e-05
 3.5000e+00       3.2800e+00       8.9890e-01       1.6245e-03       1.4312e-02       1.7921e-03      -1.8407e-03       9.7430e-05
 3.5000e+00       3.2800e+00       9.0890e-01       1.5435e-03       1.4170e-02       1.6609e-03      -1.8306e-03       9.9115e-05
 3.5000e+00       3.2800e+00       9.1890e-01       1.4677e-03       1.4029e-02       1.5339e-03      -1.8212e-03       1.0068e-04
 3.5000e+00       3.2800e+00       9.2890e-01       1.3970e-03       1.3890e-02       1.4109e-03      -1.8125e-03       1.0212e-04
 3.5000e+00       3.2800e+00       9.3890e-01       1.3310e-03       1.3753e-02       1.2920e-03      -1.8045e-03       1.0345e-04
 3.5000e+00       3.2800e+00       9.4890e-01       1.2695e-03       1.3617e-02       1.1769e-03      -1.7972e-03       1.0466e-04
 3.5000e+00       3.2800e+00       9.5890e-01       1.2122e-03       1.3483e-02       1.0655e-03      -1.7904e-03       1.0575e-04
 3.5000e+00       3.2800e+00       9.6890e-01       1.1589e-03       1.3351e-02       9.5777e-04      -1.7842e-03       1.0673e-04
 3.5000e+00       3.2800e+00       9.7890e-01       1.1093e-03       1.3220e-02       8.5355e-04      -1.7785e-03       1.0759e-04
 3.5000e+00       3.2800e+00       9.8890e-01       1.0632e-03       1.3090e-02       7.5274e-04      -1.7732e-03       1.0835e-04
 3.5000e+00       3.2800e+00       9.9890e-01       1.0204e-03       1.2962e-02       6.5525e-04      -1.7685e-03       1.0900e-04
 3.5000e+00       3.2800e+00       1.0089e+00       9.8076e-04       1.2836e-02       5.6097e-04      -1.7642e-03       1.0954e-04
 3.5000e+00       3.2800e+00       1.0189e+00       9.4406e-04       1.2711e-02       4.6981e-04      -1.7603e-03       1.0998e-04
 3.5000e+00       3.2800e+00       1.0289e+00       9.1013e-04       1.2587e-02       3.8168e-04      -1.7567e-03       1.1032e-04
 3.5000e+00       3.2800e+00       1.0389e+00       8.7881e-04       1.2465e-02       2.9648e-04      -1.7536e-03       1.1056e-04
 3.5000e+00       3.2800e+00       1.0489e+00       8.4994e-04       1.2344e-02       2.1414e-04      -1.7507e-03       1.1069e-04
 3.5000e+00       3.2800e+00       1.0589e+00       8.2339e-04       1.2225e-02       1.3456e-04      -1.7482e-03       1.1074e-04
 3.5000e+00       3.2800e+00       1.0689e+00       7.9901e-04       1.2106e-02       5.7669e-05      -1.7459e-03       1.1069e-04
 3.5000e+00       3.2800e+00       1.0789e+00       7.7668e-04       1.1990e-02      -1.6620e-05      -1.7440e-03       1.1054e-04
 3.5000e+00       3.2800e+00       1.0889e+00       7.5628e-04       1.1874e-02      -8.8383e-05      -1.7422e-03       1.1031e-04
 3.5000e+00       3.2800e+00       1.0989e+00       7.3768e-04       1.1760e-02      -1.5769e-04      -1.7407e-03       1.0999e-04
 3.5000e+00       3.2800e+00       1.1089e+00       7.2079e-04       1.1647e-02      -2.2463e-04      -1.7394e-03       1.0959e-04
 3.5000e+00       3.2800e+00       1.1189e+00       7.0549e-04       1.1535e-02      -2.8925e-04      -1.7383e-03       1.0910e-04
 3.5000e+00       3.2800e+00       1.1289e+00       6.9170e-04       1.1425e-02      -3.5163e-04      -1.7374e-03       1.0854e-04
 3.5000e+00       3.2800e+00       1.1389e+00       6.7932e-04       1.1315e-02      -4.1185e-04      -1.7367e-03       1.0789e-04
 3.5000e+00       3.2800e+00       1.1489e+00       6.6826e-04       1.1207e-02      -4.6995e-04      -1.7361e-03       1.0717e-04
 3.5000e+00       3.2800e+00       1.1589e+00       6.5845e-04       1.1100e-02      -5.2601e-04      -1.7356e-03       1.0638e-04
 3.5000e+00       3.2800e+00       1.1689e+00       6.4979e-04       1.0995e-02      -5.8008e-04      -1.7352e-03       1.0551e-04
 3.5000e+00       3.2800e+00       1.1789e+00       6.4223e-04       1.0890e-02      -6.3223e-04      -1.7350e-03       1.0458e-04
 3.5000e+00       3.2800e+00       1.1889e+00       6.3569e-04       1.0787e-02      -6.8252e-04      -1.7349e-03       1.0358e-04
 3.5000e+00       3.2800e+00       1.1989e+00       6.3011e-04       1.0685e-02      -7.3099e-04      -1.7348e-03       1.0252e-04
 3.5000e+00       3.2800e+00       1.2089e+00       6.2542e-04       1.0584e-02      -7.7770e-04      -1.7349e-03       1.0140e-04
 3.5000e+00       3.2800e+00       1.2189e+00       6.2157e-04       1.0484e-02      -8.2271e-04      -1.7350e-03       1.0022e-04
 3.5000e+00       3.2800e+00       1.2289e+00       6.1849e-04       1.0385e-02      -8.6607e-04      -1.7351e-03       9.8977e-05
 3.5000e+00       3.2800e+00       1.2389e+00       6.1615e-04       1.0287e-02      -9.0782e-04      -1.7354e-03       9.7684e-05
 3.5000e+00       3.2800e+00       1.2489e+00       6.1448e-04       1.0190e-02      -9.4802e-04      -1.7356e-03       9.6338e-05
 3.5000e+00       3.2800e+00       1.2589e+00       6.1344e-04       1.0095e-02      -9.8671e-04      -1.7359e-03       9.4943e-05
 3.5000e+00       3.2800e+00       1.2689e+00       6.1299e-04       1.0000e-02      -1.0239e-03      -1.7362e-03       9.3501e-05
 3.5000e+00       3.2800e+00       1.2789e+00       6.1309e-04       9.9067e-03      -1.0597e-03      -1.7366e-03       9.2014e-05
 3.5000e+00       3.2800e+00       1.2889e+00       6.1370e-04       9.8142e-03      -1.0942e-03      -1.7369e-03       9.0484e-05
 3.5000e+00       3.2800e+00       1.2989e+00       6.1477e-04       9.7227e-03      -1.1273e-03      -1.7373e-03       8.8913e-05
 3.5000e+00       3.2800e+00       1.3089e+00       6.1628e-04       9.6323e-03      -1.1591e-03      -1.7376e-03       8.7304e-05
 3.5000e+00       3.2800e+00       1.3189e+00       6.1819e-04       9.5429e-03      -1.1896e-03      -1.7380e-03       8.5659e-05
 3.5000e+00       3.2800e+00       1.3289e+00       6.2046e-04       9.4544e-03      -1.2189e-03      -1.7383e-03       8.3981e-05
 3.5000e+00       3.2800e+00       1.3389e+00       6.2308e-04       9.3670e-03      -1.2471e-03      -1.7387e-03       8.2270e-05
 3.5000e+00       3.2800e+00       1.3489e+00       6.2601e-04       9.2805e-03      -1.2741e-03      -1.7390e-03       8.0531e-05
 3.5000e+00       3.2800e+00       1.3589e+00       6.2923e-04       9.1950e-03      -1.3000e-03      -1.7393e-03       7.8764e-05
 3.5000e+00       3.2800e+00       1.3689e+00       6.3270e-04       9.1104e-03      -1.3248e-03      -1.7396e-03       7.6971e-05
 3.5000e+00       3.2800e+00       1.3789e+00       6.3641e-04       9.0268e-03      -1.3485e-03      -1.7398e-03       7.5156e-05
 3.5000e+00       3.2800e+00       1.3889e+00       6.4034e-04       8.9441e-03      -1.3713e-03      -1.7400e-03       7.3319e-05
 3.5000e+00       3.2800e+00       1.3989e+00       6.4446e-04       8.8623e-03      -1.3931e-03      -1.7402e-03       7.1464e-05
 3.5000e+00       3.2800e+00       1.4089e+00       6.4875e-04       8.7814e-03      -1.4139e-03      -1.7403e-03       6.9591e-05
 3.5000e+00       3.2800e+00       1.4189e+00       6.5320e-04       8.7015e-03      -1.4338e-03      -1.7404e-03       6.7703e-05
 3.5000e+00       3.2800e+00       1.4289e+00       6.5779e-04       8.6224e-03      -1.4528e-03      -1.7405e-03       6.5802e-05
 3.5000e+00       3.2800e+00       1.4389e+00       6.6249e-04       8.5442e-03      -1.4710e-03      -1.7405e-03       6.3889e-05
 3.5000e+00       3.2800e+00       1.4489e+00       6.6731e-04       8.4669e-03      -1.4883e-03      -1.7404e-03       6.1967e-05
 3.5000e+00       3.2800e+00       1.4589e+00       6.7221e-04       8.3904e-03      -1.5047e-03      -1.7403e-03       6.0037e-05
 3.5000e+00       3.2800e+00       1.4689e+00       6.7720e-04       8.3148e-03      -1.5204e-03      -1.7402e-03       5.8101e-05
 3.5000e+00       3.2800e+00       1.4789e+00       6.8225e-04       8.2401e-03      -1.5354e-03      -1.7400e-03       5.6161e-05
 3.5000e+00       3.2800e+00       1.4889e+00       6.8735e-04       8.1662e-03      -1.5496e-03      -1.7398e-03       5.4218e-05
 3.5000e+00       3.2800e+00       1.4989e+00       6.9249e-04       8.0931e-03      -1.5630e-03      -1.7394e-03       5.2275e-05
 3.5000e+00       3.2800e+00       1.5089e+00       6.9766e-04       8.0208e-03      -1.5758e-03      -1.7391e-03       5.0332e-05
 3.5000e+00       3.2800e+00       1.5189e+00       7.0286e-04       7.9493e-03      -1.5879e-03      -1.7387e-03       4.8392e-05
 3.5000e+00       3.2800e+00       1.5289e+00       7.0806e-04       7.8787e-03      -1.5994e-03      -1.7382e-03       4.6455e-05
 3.5000e+00       3.2800e+00       1.5389e+00       7.1327e-04       7.8088e-03      -1.6102e-03      -1.7376e-03       4.4524e-05
 3.5000e+00       3.2800e+00       1.5489e+00       7.1847e-04       7.7397e-03      -1.6204e-03      -1.7370e-03       4.2599e-05
 3.5000e+00       3.2800e+00       1.5589e+00       7.2366e-04       7.6714e-03      -1.6300e-03      -1.7364e-03       4.0683e-05
 3.5000e+00       3.2800e+00       1.5689e+00       7.2883e-04       7.6038e-03      -1.6390e-03      -1.7356e-03       3.8777e-05
 3.5000e+00       3.2800e+00       1.5789e+00       7.3397e-04       7.5370e-03      -1.6475e-03      -1.7348e-03       3.6881e-05
 3.5000e+00       3.2800e+00       1.5889e+00       7.3908e-04       7.4709e-03      -1.6554e-03      -1.7340e-03       3.4998e-05
 3.5000e+00       3.2800e+00       1.5989e+00       7.4414e-04       7.4056e-03      -1.6628e-03      -1.7331e-03       3.3128e-05
 3.5000e+00       3.2800e+00       1.6089e+00       7.4917e-04       7.3410e-03      -1.6697e-03      -1.7321e-03       3.1273e-05
 3.5000e+00       3.2800e+00       1.6189e+00       7.5415e-04       7.2771e-03      -1.6761e-03      -1.7310e-03       2.9434e-05
 3.5000e+00       3.2800e+00       1.6289e+00       7.5907e-04       7.2139e-03      -1.6820e-03      -1.7299e-03       2.7612e-05
 3.5000e+00       3.2800e+00       1.6389e+00       7.6393e-04       7.1514e-03      -1.6875e-03      -1.7288e-03       2.5808e-05
 3.5000e+00       3.2800e+00       1.6489e+00       7.6873e-04       7.0897e-03      -1.6925e-03      -1.7275e-03       2.4024e-05
