 1.1000e+01       2.8900e+00       7.0629e-01       6.8478e-03       9.4574e-04       0.0000e+00       0.0000e+00       0.0000e+00
 1.1000e+01       2.8900e+00       7.1629e-01       6.6370e-03       9.6189e-04       3.4867e-04       3.3687e-06       1.1286e-06
 1.1000e+01       2.8900e+00       7.2629e-01       6.4349e-03       9.7777e-04       4.8272e-04       6.6877e-06       1.7570e-06
 1.1000e+01       2.8900e+00       7.3629e-01       6.2409e-03       9.9338e-04       5.7884e-04       9.9486e-06       2.3458e-06
 1.1000e+01       2.8900e+00       7.4629e-01       6.0548e-03       1.0087e-03       6.5449e-04       1.3144e-05       2.9291e-06
 1.1000e+01       2.8900e+00       7.5629e-01       5.8761e-03       1.0238e-03       7.1662e-04       1.6267e-05       3.5169e-06
 1.1000e+01       2.8900e+00       7.6629e-01       5.7045e-03       1.0386e-03       7.6888e-04       1.9312e-05       4.1130e-06
 1.1000e+01       2.8900e+00       7.7629e-01       5.5396e-03       1.0532e-03       8.1351e-04       2.2273e-05       4.7185e-06
 1.1000e+01       2.8900e+00       7.8629e-01       5.3811e-03       1.0674e-03       8.5201e-04       2.5146e-05       5.3333e-06
 1.1000e+01       2.8900e+00       7.9629e-01       5.2287e-03       1.0815e-03       8.8543e-04       2.7928e-05       5.9568e-06
 1.1000e+01       2.8900e+00       8.0629e-01       5.0822e-03       1.0952e-03       9.1456e-04       3.0614e-05       6.5882e-06
 1.1000e+01       2.8900e+00       8.1629e-01       4.9412e-03       1.1087e-03       9.4002e-04       3.3201e-05       7.2263e-06
 1.1000e+01       2.8900e+00       8.2629e-01       4.8055e-03       1.1219e-03       9.6230e-04       3.5688e-05       7.8701e-06
 1.1000e+01       2.8900e+00       8.3629e-01       4.6749e-03       1.1349e-03       9.8178e-04       3.8071e-05       8.5183e-06
 1.1000e+01       2.8900e+00       8.4629e-01       4.5492e-03       1.1476e-03       9.9879e-04       4.0349e-05       9.1696e-06
 1.1000e+01       2.8900e+00       8.5629e-01       4.4280e-03       1.1601e-03       1.0136e-03       4.2522e-05       9.8229e-06
 1.1000e+01       2.8900e+00       8.6629e-01       4.3113e-03       1.1723e-03       1.0265e-03       4.4586e-05       1.0477e-05
 1.1000e+01       2.8900e+00       8.7629e-01       4.1988e-03       1.1842e-03       1.0376e-03       4.6543e-05       1.1130e-05
 1.1000e+01       2.8900e+00       8.8629e-01       4.0904e-03       1.1959e-03       1.0471e-03       4.8391e-05       1.1782e-05
 1.1000e+01       2.8900e+00       8.9629e-01       3.9858e-03       1.2074e-03       1.0552e-03       5.0130e-05       1.2431e-05
 1.1000e+01       2.8900e+00       9.0629e-01       3.8850e-03       1.2186e-03       1.0619e-03       5.1760e-05       1.3076e-05
 1.1000e+01       2.8900e+00       9.1629e-01       3.7876e-03       1.2296e-03       1.0675e-03       5.3282e-05       1.3715e-05
 1.1000e+01       2.8900e+00       9.2629e-01       3.6937e-03       1.2404e-03       1.0720e-03       5.4694e-05       1.4349e-05
 1.1000e+01       2.8900e+00       9.3629e-01       3.6031e-03       1.2509e-03       1.0755e-03       5.5999e-05       1.4975e-05
 1.1000e+01       2.8900e+00       9.4629e-01       3.5155e-03       1.2612e-03       1.0781e-03       5.7197e-05       1.5592e-05
 1.1000e+01       2.8900e+00       9.5629e-01       3.4310e-03       1.2713e-03       1.0798e-03       5.8288e-05       1.6200e-05
 1.1000e+01       2.8900e+00       9.6629e-01       3.3493e-03       1.2811e-03       1.0808e-03       5.9274e-05       1.6797e-05
 1.1000e+01       2.8900e+00       9.7629e-01       3.2704e-03       1.2908e-03       1.0811e-03       6.0155e-05       1.7383e-05
 1.1000e+01       2.8900e+00       9.8629e-01       3.1941e-03       1.3002e-03       1.0808e-03       6.0932e-05       1.7957e-05
 1.1000e+01       2.8900e+00       9.9629e-01       3.1204e-03       1.3094e-03       1.0799e-03       6.1608e-05       1.8517e-05
 1.1000e+01       2.8900e+00       1.0063e+00       3.0491e-03       1.3185e-03       1.0784e-03       6.2183e-05       1.9064e-05
 1.1000e+01       2.8900e+00       1.0163e+00       2.9801e-03       1.3273e-03       1.0764e-03       6.2658e-05       1.9595e-05
 1.1000e+01       2.8900e+00       1.0263e+00       2.9134e-03       1.3359e-03       1.0740e-03       6.3035e-05       2.0111e-05
 1.1000e+01       2.8900e+00       1.0363e+00       2.8488e-03       1.3444e-03       1.0711e-03       6.3316e-05       2.0610e-05
 1.1000e+01       2.8900e+00       1.0463e+00       2.7864e-03       1.3526e-03       1.0678e-03       6.3501e-05       2.1091e-05
 1.1000e+01       2.8900e+00       1.0563e+00       2.7259e-03       1.3607e-03       1.0642e-03       6.3594e-05       2.1555e-05
 1.1000e+01       2.8900e+00       1.0663e+00       2.6673e-03       1.3687e-03       1.0603e-03       6.3594e-05       2.2000e-05
 1.1000e+01       2.8900e+00       1.0763e+00       2.6107e-03       1.3764e-03       1.0560e-03       6.3505e-05       2.2426e-05
 1.1000e+01       2.8900e+00       1.0863e+00       2.5557e-03       1.3840e-03       1.0515e-03       6.3327e-05       2.2833e-05
 1.1000e+01       2.8900e+00       1.0963e+00       2.5025e-03       1.3914e-03       1.0467e-03       6.3062e-05       2.3219e-05
 1.1000e+01       2.8900e+00       1.1063e+00       2.4510e-03       1.3986e-03       1.0417e-03       6.2712e-05       2.3584e-05
 1.1000e+01       2.8900e+00       1.1163e+00       2.4010e-03       1.4058e-03       1.0364e-03       6.2279e-05       2.3927e-05
 1.1000e+01       2.8900e+00       1.1263e+00       2.3526e-03       1.4127e-03       1.0310e-03       6.1764e-05       2.4249e-05
 1.1000e+01       2.8900e+00       1.1363e+00       2.3056e-03       1.4195e-03       1.0254e-03       6.1170e-05       2.4549e-05
 1.1000e+01       2.8900e+00       1.1463e+00       2.2601e-03       1.4262e-03       1.0196e-03       6.0497e-05       2.4826e-05
 1.1000e+01       2.8900e+00       1.1563e+00       2.2159e-03       1.4328e-03       1.0137e-03       5.9748e-05       2.5080e-05
 1.1000e+01       2.8900e+00       1.1663e+00       2.1731e-03       1.4392e-03       1.0076e-03       5.8924e-05       2.5311e-05
 1.1000e+01       2.8900e+00       1.1763e+00       2.1315e-03       1.4455e-03       1.0014e-03       5.8027e-05       2.5519e-05
 1.1000e+01       2.8900e+00       1.1863e+00       2.0912e-03       1.4516e-03       9.9509e-04       5.7059e-05       2.5703e-05
 1.1000e+01       2.8900e+00       1.1963e+00       2.0520e-03       1.4577e-03       9.8868e-04       5.6021e-05       2.5863e-05
 1.1000e+01       2.8900e+00       1.2063e+00       2.0140e-03       1.4636e-03       9.8218e-04       5.4915e-05       2.6000e-05
 1.1000e+01       2.8900e+00       1.2163e+00       1.9771e-03       1.4694e-03       9.7560e-04       5.3743e-05       2.6112e-05
 1.1000e+01       2.8900e+00       1.2263e+00       1.9413e-03       1.4751e-03       9.6895e-04       5.2507e-05       2.6199e-05
 1.1000e+01       2.8900e+00       1.2363e+00       1.9065e-03       1.4808e-03       9.6223e-04       5.1207e-05       2.6263e-05
 1.1000e+01       2.8900e+00       1.2463e+00       1.8727e-03       1.4863e-03       9.5546e-04       4.9846e-05       2.6302e-05
 1.1000e+01       2.8900e+00       1.2563e+00       1.8398e-03       1.4917e-03       9.4864e-04       4.8425e-05       2.6317e-05
 1.1000e+01       2.8900e+00       1.2663e+00       1.8079e-03       1.4971e-03       9.4178e-04       4.6945e-05       2.6307e-05
 1.1000e+01       2.8900e+00       1.2763e+00       1.7769e-03       1.5023e-03       9.3488e-04       4.5409e-05       2.6274e-05
 1.1000e+01       2.8900e+00       1.2863e+00       1.7467e-03       1.5075e-03       9.2796e-04       4.3818e-05       2.6216e-05
 1.1000e+01       2.8900e+00       1.2963e+00       1.7174e-03       1.5126e-03       9.2101e-04       4.2173e-05       2.6134e-05
 1.1000e+01       2.8900e+00       1.3063e+00       1.6889e-03       1.5176e-03       9.1404e-04       4.0476e-05       2.6029e-05
 1.1000e+01       2.8900e+00       1.3163e+00       1.6612e-03       1.5225e-03       9.0706e-04       3.8727e-05       2.5900e-05
 1.1000e+01       2.8900e+00       1.3263e+00       1.6342e-03       1.5274e-03       9.0007e-04       3.6930e-05       2.5747e-05
 1.1000e+01       2.8900e+00       1.3363e+00       1.6080e-03       1.5322e-03       8.9308e-04       3.5084e-05       2.5571e-05
 1.1000e+01       2.8900e+00       1.3463e+00       1.5825e-03       1.5370e-03       8.8609e-04       3.3192e-05       2.5372e-05
 1.1000e+01       2.8900e+00       1.3563e+00       1.5577e-03       1.5417e-03       8.7909e-04       3.1254e-05       2.5150e-05
 1.1000e+01       2.8900e+00       1.3663e+00       1.5335e-03       1.5463e-03       8.7211e-04       2.9272e-05       2.4906e-05
 1.1000e+01       2.8900e+00       1.3763e+00       1.5100e-03       1.5509e-03       8.6513e-04       2.7248e-05       2.4640e-05
 1.1000e+01       2.8900e+00       1.3863e+00       1.4871e-03       1.5554e-03       8.5817e-04       2.5182e-05       2.4353e-05
 1.1000e+01       2.8900e+00       1.3963e+00       1.4648e-03       1.5599e-03       8.5122e-04       2.3076e-05       2.4044e-05
 1.1000e+01       2.8900e+00       1.4063e+00       1.4430e-03       1.5643e-03       8.4428e-04       2.0931e-05       2.3714e-05
 1.1000e+01       2.8900e+00       1.4163e+00       1.4219e-03       1.5687e-03       8.3737e-04       1.8748e-05       2.3363e-05
 1.1000e+01       2.8900e+00       1.4263e+00       1.4013e-03       1.5731e-03       8.3048e-04       1.6528e-05       2.2993e-05
 1.1000e+01       2.8900e+00       1.4363e+00       1.3812e-03       1.5774e-03       8.2362e-04       1.4273e-05       2.2603e-05
 1.1000e+01       2.8900e+00       1.4463e+00       1.3616e-03       1.5817e-03       8.1678e-04       1.1983e-05       2.2193e-05
 1.1000e+01       2.8900e+00       1.4563e+00       1.3426e-03       1.5859e-03       8.0996e-04       9.6597e-06       2.1765e-05
 1.1000e+01       2.8900e+00       1.4663e+00       1.3240e-03       1.5902e-03       8.0318e-04       7.3042e-06       2.1319e-05
 1.1000e+01       2.8900e+00       1.4763e+00       1.3059e-03       1.5943e-03       7.9643e-04       4.9176e-06       2.0855e-05
 1.1000e+01       2.8900e+00       1.4863e+00       1.2883e-03       1.5985e-03       7.8970e-04       2.5007e-06       2.0374e-05
 1.1000e+01       2.8900e+00       1.4963e+00       1.2710e-03       1.6026e-03       7.8302e-04       5.4487e-08       1.9877e-05
 1.1000e+01       2.8900e+00       1.5063e+00       1.2543e-03       1.6068e-03       7.7636e-04      -2.4200e-06       1.9363e-05
 1.1000e+01       2.8900e+00       1.5163e+00       1.2379e-03       1.6108e-03       7.6974e-04      -4.9218e-06       1.8834e-05
 1.1000e+01       2.8900e+00       1.5263e+00       1.2219e-03       1.6149e-03       7.6316e-04      -7.4501e-06       1.8290e-05
 1.1000e+01       2.8900e+00       1.5363e+00       1.2063e-03       1.6190e-03       7.5662e-04      -1.0004e-05       1.7732e-05
 1.1000e+01       2.8900e+00       1.5463e+00       1.1911e-03       1.6230e-03       7.5011e-04      -1.2582e-05       1.7160e-05
 1.1000e+01       2.8900e+00       1.5563e+00       1.1763e-03       1.6270e-03       7.4364e-04      -1.5184e-05       1.6575e-05
 1.1000e+01       2.8900e+00       1.5663e+00       1.1618e-03       1.6310e-03       7.3721e-04      -1.7810e-05       1.5978e-05
 1.1000e+01       2.8900e+00       1.5763e+00       1.1477e-03       1.6350e-03       7.3082e-04      -2.0457e-05       1.5369e-05
 1.1000e+01       2.8900e+00       1.5863e+00       1.1339e-03       1.6390e-03       7.2447e-04      -2.3126e-05       1.4748e-05
 1.1000e+01       2.8900e+00       1.5963e+00       1.1204e-03       1.6429e-03       7.1816e-04      -2.5815e-05       1.4117e-05
 1.1000e+01       2.8900e+00       1.6063e+00       1.1073e-03       1.6469e-03       7.1189e-04      -2.8524e-05       1.3476e-05
 1.1000e+01       2.8900e+00       1.6163e+00       1.0944e-03       1.6508e-03       7.0566e-04      -3.1252e-05       1.2826e-05
 1.1000e+01       2.8900e+00       1.6263e+00       1.0819e-03       1.6547e-03       6.9948e-04      -3.3999e-05       1.2167e-05
 1.1000e+01       2.8900e+00       1.6363e+00       1.0696e-03       1.6586e-03       6.9333e-04      -3.6763e-05       1.1500e-05
 1.1000e+01       2.8900e+00       1.6463e+00       1.0576e-03       1.6626e-03       6.8723e-04      -3.9544e-05       1.0825e-05
