 1.0500e+01       2.8900e+00       6.6217e-01       8.4870e-03       1.1653e-03       0.0000e+00       0.0000e+00       0.0000e+00
 1.0500e+01       2.8900e+00       6.7217e-01       8.2122e-03       1.1835e-03       4.2829e-04       3.5203e-06       7.3038e-07
 1.0500e+01       2.8900e+00       6.8217e-01       7.9492e-03       1.2014e-03       5.9233e-04       7.0232e-06       1.2368e-06
 1.0500e+01       2.8900e+00       6.9217e-01       7.6972e-03       1.2190e-03       7.0956e-04       1.0495e-05       1.7608e-06
 1.0500e+01       2.8900e+00       7.0217e-01       7.4559e-03       1.2364e-03       8.0149e-04       1.3923e-05       2.3130e-06
 1.0500e+01       2.8900e+00       7.1217e-01       7.2245e-03       1.2534e-03       8.7669e-04       1.7297e-05       2.8937e-06
 1.0500e+01       2.8900e+00       7.2217e-01       7.0027e-03       1.2702e-03       9.3970e-04       2.0606e-05       3.5014e-06
 1.0500e+01       2.8900e+00       7.3217e-01       6.7900e-03       1.2867e-03       9.9328e-04       2.3842e-05       4.1337e-06
 1.0500e+01       2.8900e+00       7.4217e-01       6.5858e-03       1.3029e-03       1.0393e-03       2.6997e-05       4.7883e-06
 1.0500e+01       2.8900e+00       7.5217e-01       6.3899e-03       1.3189e-03       1.0790e-03       3.0064e-05       5.4628e-06
 1.0500e+01       2.8900e+00       7.6217e-01       6.2017e-03       1.3345e-03       1.1135e-03       3.3037e-05       6.1551e-06
 1.0500e+01       2.8900e+00       7.7217e-01       6.0209e-03       1.3498e-03       1.1434e-03       3.5910e-05       6.8628e-06
 1.0500e+01       2.8900e+00       7.8217e-01       5.8472e-03       1.3649e-03       1.1694e-03       3.8678e-05       7.5841e-06
 1.0500e+01       2.8900e+00       7.9217e-01       5.6803e-03       1.3797e-03       1.1920e-03       4.1339e-05       8.3169e-06
 1.0500e+01       2.8900e+00       8.0217e-01       5.5197e-03       1.3941e-03       1.2115e-03       4.3888e-05       9.0594e-06
 1.0500e+01       2.8900e+00       8.1217e-01       5.3653e-03       1.4083e-03       1.2284e-03       4.6322e-05       9.8096e-06
 1.0500e+01       2.8900e+00       8.2217e-01       5.2168e-03       1.4222e-03       1.2429e-03       4.8639e-05       1.0566e-05
 1.0500e+01       2.8900e+00       8.3217e-01       5.0738e-03       1.4358e-03       1.2552e-03       5.0837e-05       1.1327e-05
 1.0500e+01       2.8900e+00       8.4217e-01       4.9361e-03       1.4492e-03       1.2655e-03       5.2915e-05       1.2090e-05
 1.0500e+01       2.8900e+00       8.5217e-01       4.8035e-03       1.4622e-03       1.2742e-03       5.4871e-05       1.2854e-05
 1.0500e+01       2.8900e+00       8.6217e-01       4.6758e-03       1.4750e-03       1.2812e-03       5.6705e-05       1.3619e-05
 1.0500e+01       2.8900e+00       8.7217e-01       4.5528e-03       1.4875e-03       1.2868e-03       5.8415e-05       1.4381e-05
 1.0500e+01       2.8900e+00       8.8217e-01       4.4341e-03       1.4997e-03       1.2911e-03       6.0003e-05       1.5140e-05
 1.0500e+01       2.8900e+00       8.9217e-01       4.3198e-03       1.5117e-03       1.2942e-03       6.1467e-05       1.5894e-05
 1.0500e+01       2.8900e+00       9.0217e-01       4.2095e-03       1.5234e-03       1.2962e-03       6.2808e-05       1.6642e-05
 1.0500e+01       2.8900e+00       9.1217e-01       4.1031e-03       1.5348e-03       1.2973e-03       6.4027e-05       1.7382e-05
 1.0500e+01       2.8900e+00       9.2217e-01       4.0005e-03       1.5460e-03       1.2974e-03       6.5124e-05       1.8114e-05
 1.0500e+01       2.8900e+00       9.3217e-01       3.9014e-03       1.5569e-03       1.2966e-03       6.6100e-05       1.8835e-05
 1.0500e+01       2.8900e+00       9.4217e-01       3.8058e-03       1.5676e-03       1.2951e-03       6.6956e-05       1.9546e-05
 1.0500e+01       2.8900e+00       9.5217e-01       3.7134e-03       1.5781e-03       1.2929e-03       6.7693e-05       2.0244e-05
 1.0500e+01       2.8900e+00       9.6217e-01       3.6242e-03       1.5882e-03       1.2901e-03       6.8313e-05       2.0929e-05
 1.0500e+01       2.8900e+00       9.7217e-01       3.5380e-03       1.5982e-03       1.2867e-03       6.8817e-05       2.1599e-05
 1.0500e+01       2.8900e+00       9.8217e-01       3.4548e-03       1.6079e-03       1.2827e-03       6.9206e-05       2.2253e-05
 1.0500e+01       2.8900e+00       9.9217e-01       3.3743e-03       1.6174e-03       1.2782e-03       6.9482e-05       2.2891e-05
 1.0500e+01       2.8900e+00       1.0022e+00       3.2965e-03       1.6267e-03       1.2733e-03       6.9647e-05       2.3512e-05
 1.0500e+01       2.8900e+00       1.0122e+00       3.2212e-03       1.6358e-03       1.2679e-03       6.9702e-05       2.4114e-05
 1.0500e+01       2.8900e+00       1.0222e+00       3.1485e-03       1.6446e-03       1.2622e-03       6.9649e-05       2.4697e-05
 1.0500e+01       2.8900e+00       1.0322e+00       3.0781e-03       1.6533e-03       1.2561e-03       6.9490e-05       2.5259e-05
 1.0500e+01       2.8900e+00       1.0422e+00       3.0099e-03       1.6617e-03       1.2497e-03       6.9227e-05       2.5801e-05
 1.0500e+01       2.8900e+00       1.0522e+00       2.9440e-03       1.6699e-03       1.2431e-03       6.8862e-05       2.6321e-05
 1.0500e+01       2.8900e+00       1.0622e+00       2.8802e-03       1.6780e-03       1.2361e-03       6.8397e-05       2.6818e-05
 1.0500e+01       2.8900e+00       1.0722e+00       2.8184e-03       1.6858e-03       1.2289e-03       6.7833e-05       2.7293e-05
 1.0500e+01       2.8900e+00       1.0822e+00       2.7586e-03       1.6935e-03       1.2215e-03       6.7173e-05       2.7743e-05
 1.0500e+01       2.8900e+00       1.0922e+00       2.7006e-03       1.7010e-03       1.2139e-03       6.6419e-05       2.8170e-05
 1.0500e+01       2.8900e+00       1.1022e+00       2.6445e-03       1.7084e-03       1.2061e-03       6.5572e-05       2.8572e-05
 1.0500e+01       2.8900e+00       1.1122e+00       2.5901e-03       1.7155e-03       1.1981e-03       6.4636e-05       2.8948e-05
 1.0500e+01       2.8900e+00       1.1222e+00       2.5373e-03       1.7225e-03       1.1900e-03       6.3611e-05       2.9299e-05
 1.0500e+01       2.8900e+00       1.1322e+00       2.4862e-03       1.7294e-03       1.1817e-03       6.2500e-05       2.9623e-05
 1.0500e+01       2.8900e+00       1.1422e+00       2.4367e-03       1.7360e-03       1.1734e-03       6.1305e-05       2.9921e-05
 1.0500e+01       2.8900e+00       1.1522e+00       2.3886e-03       1.7426e-03       1.1649e-03       6.0027e-05       3.0193e-05
 1.0500e+01       2.8900e+00       1.1622e+00       2.3420e-03       1.7490e-03       1.1564e-03       5.8670e-05       3.0437e-05
 1.0500e+01       2.8900e+00       1.1722e+00       2.2968e-03       1.7552e-03       1.1477e-03       5.7234e-05       3.0653e-05
 1.0500e+01       2.8900e+00       1.1822e+00       2.2529e-03       1.7614e-03       1.1390e-03       5.5722e-05       3.0842e-05
 1.0500e+01       2.8900e+00       1.1922e+00       2.2104e-03       1.7674e-03       1.1302e-03       5.4135e-05       3.1003e-05
 1.0500e+01       2.8900e+00       1.2022e+00       2.1690e-03       1.7732e-03       1.1214e-03       5.2477e-05       3.1137e-05
 1.0500e+01       2.8900e+00       1.2122e+00       2.1289e-03       1.7790e-03       1.1126e-03       5.0747e-05       3.1242e-05
 1.0500e+01       2.8900e+00       1.2222e+00       2.0900e-03       1.7846e-03       1.1037e-03       4.8949e-05       3.1319e-05
 1.0500e+01       2.8900e+00       1.2322e+00       2.0522e-03       1.7901e-03       1.0948e-03       4.7085e-05       3.1368e-05
 1.0500e+01       2.8900e+00       1.2422e+00       2.0154e-03       1.7956e-03       1.0858e-03       4.5155e-05       3.1389e-05
 1.0500e+01       2.8900e+00       1.2522e+00       1.9798e-03       1.8009e-03       1.0769e-03       4.3162e-05       3.1382e-05
 1.0500e+01       2.8900e+00       1.2622e+00       1.9451e-03       1.8061e-03       1.0679e-03       4.1108e-05       3.1347e-05
 1.0500e+01       2.8900e+00       1.2722e+00       1.9114e-03       1.8112e-03       1.0590e-03       3.8994e-05       3.1285e-05
 1.0500e+01       2.8900e+00       1.2822e+00       1.8787e-03       1.8162e-03       1.0500e-03       3.6822e-05       3.1194e-05
 1.0500e+01       2.8900e+00       1.2922e+00       1.8469e-03       1.8212e-03       1.0411e-03       3.4594e-05       3.1076e-05
 1.0500e+01       2.8900e+00       1.3022e+00       1.8159e-03       1.8261e-03       1.0321e-03       3.2312e-05       3.0931e-05
 1.0500e+01       2.8900e+00       1.3122e+00       1.7859e-03       1.8308e-03       1.0232e-03       2.9976e-05       3.0758e-05
 1.0500e+01       2.8900e+00       1.3222e+00       1.7566e-03       1.8356e-03       1.0143e-03       2.7589e-05       3.0559e-05
 1.0500e+01       2.8900e+00       1.3322e+00       1.7282e-03       1.8402e-03       1.0054e-03       2.5150e-05       3.0333e-05
 1.0500e+01       2.8900e+00       1.3422e+00       1.7005e-03       1.8448e-03       9.9660e-04       2.2666e-05       3.0081e-05
 1.0500e+01       2.8900e+00       1.3522e+00       1.6736e-03       1.8493e-03       9.8779e-04       2.0134e-05       2.9803e-05
 1.0500e+01       2.8900e+00       1.3622e+00       1.6474e-03       1.8537e-03       9.7901e-04       1.7557e-05       2.9500e-05
 1.0500e+01       2.8900e+00       1.3722e+00       1.6219e-03       1.8581e-03       9.7027e-04       1.4935e-05       2.9172e-05
 1.0500e+01       2.8900e+00       1.3822e+00       1.5971e-03       1.8625e-03       9.6157e-04       1.2271e-05       2.8819e-05
 1.0500e+01       2.8900e+00       1.3922e+00       1.5729e-03       1.8667e-03       9.5291e-04       9.5659e-06       2.8442e-05
 1.0500e+01       2.8900e+00       1.4022e+00       1.5494e-03       1.8710e-03       9.4429e-04       6.8209e-06       2.8041e-05
 1.0500e+01       2.8900e+00       1.4122e+00       1.5265e-03       1.8752e-03       9.3572e-04       4.0374e-06       2.7617e-05
 1.0500e+01       2.8900e+00       1.4222e+00       1.5042e-03       1.8793e-03       9.2719e-04       1.2167e-06       2.7171e-05
 1.0500e+01       2.8900e+00       1.4322e+00       1.4824e-03       1.8834e-03       9.1871e-04      -1.6400e-06       2.6702e-05
 1.0500e+01       2.8900e+00       1.4422e+00       1.4612e-03       1.8875e-03       9.1029e-04      -4.5314e-06       2.6212e-05
 1.0500e+01       2.8900e+00       1.4522e+00       1.4406e-03       1.8915e-03       9.0191e-04      -7.4564e-06       2.5700e-05
 1.0500e+01       2.8900e+00       1.4622e+00       1.4205e-03       1.8955e-03       8.9358e-04      -1.0414e-05       2.5169e-05
 1.0500e+01       2.8900e+00       1.4722e+00       1.4009e-03       1.8995e-03       8.8531e-04      -1.3402e-05       2.4617e-05
 1.0500e+01       2.8900e+00       1.4822e+00       1.3818e-03       1.9034e-03       8.7709e-04      -1.6421e-05       2.4047e-05
 1.0500e+01       2.8900e+00       1.4922e+00       1.3632e-03       1.9073e-03       8.6892e-04      -1.9469e-05       2.3457e-05
 1.0500e+01       2.8900e+00       1.5022e+00       1.3450e-03       1.9112e-03       8.6081e-04      -2.2545e-05       2.2850e-05
 1.0500e+01       2.8900e+00       1.5122e+00       1.3273e-03       1.9151e-03       8.5276e-04      -2.5647e-05       2.2226e-05
 1.0500e+01       2.8900e+00       1.5222e+00       1.3101e-03       1.9189e-03       8.4476e-04      -2.8776e-05       2.1585e-05
 1.0500e+01       2.8900e+00       1.5322e+00       1.2932e-03       1.9227e-03       8.3682e-04      -3.1929e-05       2.0928e-05
 1.0500e+01       2.8900e+00       1.5422e+00       1.2768e-03       1.9265e-03       8.2894e-04      -3.5107e-05       2.0256e-05
 1.0500e+01       2.8900e+00       1.5522e+00       1.2608e-03       1.9303e-03       8.2111e-04      -3.8308e-05       1.9570e-05
 1.0500e+01       2.8900e+00       1.5622e+00       1.2451e-03       1.9341e-03       8.1334e-04      -4.1530e-05       1.8869e-05
 1.0500e+01       2.8900e+00       1.5722e+00       1.2298e-03       1.9378e-03       8.0563e-04      -4.4775e-05       1.8156e-05
 1.0500e+01       2.8900e+00       1.5822e+00       1.2149e-03       1.9416e-03       7.9798e-04      -4.8039e-05       1.7430e-05
 1.0500e+01       2.8900e+00       1.5922e+00       1.2004e-03       1.9453e-03       7.9039e-04      -5.1323e-05       1.6693e-05
 1.0500e+01       2.8900e+00       1.6022e+00       1.1862e-03       1.9490e-03       7.8285e-04      -5.4626e-05       1.5945e-05
 1.0500e+01       2.8900e+00       1.6122e+00       1.1723e-03       1.9527e-03       7.7537e-04      -5.7947e-05       1.5186e-05
 1.0500e+01       2.8900e+00       1.6222e+00       1.1588e-03       1.9564e-03       7.6795e-04      -6.1285e-05       1.4418e-05
 1.0500e+01       2.8900e+00       1.6322e+00       1.1455e-03       1.9601e-03       7.6059e-04      -6.4639e-05       1.3642e-05
 1.0500e+01       2.8900e+00       1.6422e+00       1.1326e-03       1.9638e-03       7.5329e-04      -6.8009e-05       1.2857e-05
