 4.5000e+00       3.2800e+00       1.2051e-01       2.3508e-01       3.4692e-02       0.0000e+00       0.0000e+00       0.0000e+00
 4.5000e+00       3.2800e+00       1.3051e-01       2.1295e-01       3.2623e-02       1.1970e-02      -8.8443e-04      -7.0053e-05
 4.5000e+00       3.2800e+00       1.4051e-01       1.9355e-01       3.0838e-02       1.5523e-02      -1.5604e-03      -9.4482e-05
 4.5000e+00       3.2800e+00       1.5051e-01       1.7646e-01       2.9283e-02       1.7518e-02      -2.0749e-03      -1.1034e-04
 4.5000e+00       3.2800e+00       1.6051e-01       1.6131e-01       2.7917e-02       1.8715e-02      -2.4632e-03      -1.2149e-04
 4.5000e+00       3.2800e+00       1.7051e-01       1.4784e-01       2.6710e-02       1.9430e-02      -2.7520e-03      -1.2950e-04
 4.5000e+00       3.2800e+00       1.8051e-01       1.3579e-01       2.5636e-02       1.9826e-02      -2.9621e-03      -1.3522e-04
 4.5000e+00       3.2800e+00       1.9051e-01       1.2499e-01       2.4675e-02       2.0003e-02      -3.1096e-03      -1.3921e-04
 4.5000e+00       3.2800e+00       2.0051e-01       1.1527e-01       2.3810e-02       2.0022e-02      -3.2071e-03      -1.4182e-04
 4.5000e+00       3.2800e+00       2.1051e-01       1.0649e-01       2.3028e-02       1.9927e-02      -3.2647e-03      -1.4332e-04
 4.5000e+00       3.2800e+00       2.2051e-01       9.8537e-02       2.2319e-02       1.9748e-02      -3.2904e-03      -1.4390e-04
 4.5000e+00       3.2800e+00       2.3051e-01       9.1317e-02       2.1672e-02       1.9507e-02      -3.2906e-03      -1.4372e-04
 4.5000e+00       3.2800e+00       2.4051e-01       8.4744e-02       2.1080e-02       1.9218e-02      -3.2706e-03      -1.4290e-04
 4.5000e+00       3.2800e+00       2.5051e-01       7.8747e-02       2.0537e-02       1.8894e-02      -3.2345e-03      -1.4155e-04
 4.5000e+00       3.2800e+00       2.6051e-01       7.3263e-02       2.0037e-02       1.8544e-02      -3.1858e-03      -1.3973e-04
 4.5000e+00       3.2800e+00       2.7051e-01       6.8239e-02       1.9574e-02       1.8175e-02      -3.1273e-03      -1.3753e-04
 4.5000e+00       3.2800e+00       2.8051e-01       6.3627e-02       1.9146e-02       1.7793e-02      -3.0613e-03      -1.3499e-04
 4.5000e+00       3.2800e+00       2.9051e-01       5.9386e-02       1.8747e-02       1.7401e-02      -2.9896e-03      -1.3216e-04
 4.5000e+00       3.2800e+00       3.0051e-01       5.5479e-02       1.8376e-02       1.7003e-02      -2.9140e-03      -1.2909e-04
 4.5000e+00       3.2800e+00       3.1051e-01       5.1876e-02       1.8029e-02       1.6603e-02      -2.8355e-03      -1.2580e-04
 4.5000e+00       3.2800e+00       3.2051e-01       4.8547e-02       1.7705e-02       1.6201e-02      -2.7553e-03      -1.2234e-04
 4.5000e+00       3.2800e+00       3.3051e-01       4.5468e-02       1.7400e-02       1.5800e-02      -2.6743e-03      -1.1872e-04
 4.5000e+00       3.2800e+00       3.4051e-01       4.2616e-02       1.7113e-02       1.5402e-02      -2.5930e-03      -1.1497e-04
 4.5000e+00       3.2800e+00       3.5051e-01       3.9971e-02       1.6842e-02       1.5006e-02      -2.5122e-03      -1.1110e-04
 4.5000e+00       3.2800e+00       3.6051e-01       3.7515e-02       1.6586e-02       1.4615e-02      -2.4323e-03      -1.0715e-04
 4.5000e+00       3.2800e+00       3.7051e-01       3.5233e-02       1.6344e-02       1.4229e-02      -2.3536e-03      -1.0311e-04
 4.5000e+00       3.2800e+00       3.8051e-01       3.3109e-02       1.6114e-02       1.3848e-02      -2.2765e-03      -9.9006e-05
 4.5000e+00       3.2800e+00       3.9051e-01       3.1132e-02       1.5895e-02       1.3474e-02      -2.2012e-03      -9.4850e-05
 4.5000e+00       3.2800e+00       4.0051e-01       2.9289e-02       1.5687e-02       1.3105e-02      -2.1279e-03      -9.0653e-05
 4.5000e+00       3.2800e+00       4.1051e-01       2.7569e-02       1.5488e-02       1.2744e-02      -2.0568e-03      -8.6424e-05
 4.5000e+00       3.2800e+00       4.2051e-01       2.5963e-02       1.5298e-02       1.2389e-02      -1.9879e-03      -8.2171e-05
 4.5000e+00       3.2800e+00       4.3051e-01       2.4463e-02       1.5116e-02       1.2041e-02      -1.9214e-03      -7.7904e-05
 4.5000e+00       3.2800e+00       4.4051e-01       2.3060e-02       1.4941e-02       1.1700e-02      -1.8573e-03      -7.3629e-05
 4.5000e+00       3.2800e+00       4.5051e-01       2.1747e-02       1.4773e-02       1.1366e-02      -1.7956e-03      -6.9353e-05
 4.5000e+00       3.2800e+00       4.6051e-01       2.0517e-02       1.4611e-02       1.1039e-02      -1.7363e-03      -6.5082e-05
 4.5000e+00       3.2800e+00       4.7051e-01       1.9365e-02       1.4455e-02       1.0720e-02      -1.6794e-03      -6.0823e-05
 4.5000e+00       3.2800e+00       4.8051e-01       1.8284e-02       1.4305e-02       1.0408e-02      -1.6250e-03      -5.6579e-05
 4.5000e+00       3.2800e+00       4.9051e-01       1.7271e-02       1.4159e-02       1.0102e-02      -1.5729e-03      -5.2356e-05
 4.5000e+00       3.2800e+00       5.0051e-01       1.6319e-02       1.4018e-02       9.8042e-03      -1.5232e-03      -4.8159e-05
 4.5000e+00       3.2800e+00       5.1051e-01       1.5425e-02       1.3881e-02       9.5130e-03      -1.4758e-03      -4.3991e-05
 4.5000e+00       3.2800e+00       5.2051e-01       1.4585e-02       1.3749e-02       9.2286e-03      -1.4307e-03      -3.9857e-05
 4.5000e+00       3.2800e+00       5.3051e-01       1.3795e-02       1.3620e-02       8.9510e-03      -1.3878e-03      -3.5760e-05
 4.5000e+00       3.2800e+00       5.4051e-01       1.3052e-02       1.3494e-02       8.6802e-03      -1.3470e-03      -3.1704e-05
 4.5000e+00       3.2800e+00       5.5051e-01       1.2353e-02       1.3372e-02       8.4158e-03      -1.3084e-03      -2.7693e-05
 4.5000e+00       3.2800e+00       5.6051e-01       1.1695e-02       1.3252e-02       8.1580e-03      -1.2718e-03      -2.3728e-05
 4.5000e+00       3.2800e+00       5.7051e-01       1.1075e-02       1.3135e-02       7.9065e-03      -1.2372e-03      -1.9813e-05
 4.5000e+00       3.2800e+00       5.8051e-01       1.0491e-02       1.3021e-02       7.6613e-03      -1.2045e-03      -1.5951e-05
 4.5000e+00       3.2800e+00       5.9051e-01       9.9399e-03       1.2910e-02       7.4222e-03      -1.1736e-03      -1.2145e-05
 4.5000e+00       3.2800e+00       6.0051e-01       9.4205e-03       1.2800e-02       7.1891e-03      -1.1445e-03      -8.3962e-06
 4.5000e+00       3.2800e+00       6.1051e-01       8.9307e-03       1.2693e-02       6.9618e-03      -1.1172e-03      -4.7078e-06
 4.5000e+00       3.2800e+00       6.2051e-01       8.4685e-03       1.2588e-02       6.7404e-03      -1.0916e-03      -1.0818e-06
 4.5000e+00       3.2800e+00       6.3051e-01       8.0322e-03       1.2484e-02       6.5245e-03      -1.0675e-03       2.4797e-06
 4.5000e+00       3.2800e+00       6.4051e-01       7.6202e-03       1.2383e-02       6.3142e-03      -1.0450e-03       5.9747e-06
 4.5000e+00       3.2800e+00       6.5051e-01       7.2312e-03       1.2283e-02       6.1093e-03      -1.0240e-03       9.4013e-06
 4.5000e+00       3.2800e+00       6.6051e-01       6.8636e-03       1.2185e-02       5.9096e-03      -1.0044e-03       1.2758e-05
 4.5000e+00       3.2800e+00       6.7051e-01       6.5163e-03       1.2088e-02       5.7151e-03      -9.8613e-04       1.6043e-05
 4.5000e+00       3.2800e+00       6.8051e-01       6.1880e-03       1.1992e-02       5.5257e-03      -9.6922e-04       1.9254e-05
 4.5000e+00       3.2800e+00       6.9051e-01       5.8777e-03       1.1898e-02       5.3412e-03      -9.5357e-04       2.2391e-05
 4.5000e+00       3.2800e+00       7.0051e-01       5.5842e-03       1.1806e-02       5.1614e-03      -9.3912e-04       2.5451e-05
 4.5000e+00       3.2800e+00       7.1051e-01       5.3066e-03       1.1714e-02       4.9864e-03      -9.2582e-04       2.8434e-05
 4.5000e+00       3.2800e+00       7.2051e-01       5.0441e-03       1.1623e-02       4.8160e-03      -9.1364e-04       3.1339e-05
 4.5000e+00       3.2800e+00       7.3051e-01       4.7956e-03       1.1534e-02       4.6500e-03      -9.0250e-04       3.4164e-05
 4.5000e+00       3.2800e+00       7.4051e-01       4.5605e-03       1.1446e-02       4.4884e-03      -8.9238e-04       3.6909e-05
 4.5000e+00       3.2800e+00       7.5051e-01       4.3379e-03       1.1358e-02       4.3310e-03      -8.8321e-04       3.9572e-05
 4.5000e+00       3.2800e+00       7.6051e-01       4.1273e-03       1.1272e-02       4.1779e-03      -8.7497e-04       4.2152e-05
 4.5000e+00       3.2800e+00       7.7051e-01       3.9278e-03       1.1186e-02       4.0287e-03      -8.6759e-04       4.4650e-05
 4.5000e+00       3.2800e+00       7.8051e-01       3.7390e-03       1.1102e-02       3.8836e-03      -8.6106e-04       4.7064e-05
 4.5000e+00       3.2800e+00       7.9051e-01       3.5601e-03       1.1018e-02       3.7422e-03      -8.5531e-04       4.9394e-05
 4.5000e+00       3.2800e+00       8.0051e-01       3.3907e-03       1.0935e-02       3.6047e-03      -8.5032e-04       5.1640e-05
 4.5000e+00       3.2800e+00       8.1051e-01       3.2303e-03       1.0853e-02       3.4708e-03      -8.4604e-04       5.3800e-05
 4.5000e+00       3.2800e+00       8.2051e-01       3.0783e-03       1.0771e-02       3.3405e-03      -8.4245e-04       5.5876e-05
 4.5000e+00       3.2800e+00       8.3051e-01       2.9343e-03       1.0690e-02       3.2137e-03      -8.3950e-04       5.7866e-05
 4.5000e+00       3.2800e+00       8.4051e-01       2.7979e-03       1.0610e-02       3.0903e-03      -8.3716e-04       5.9771e-05
 4.5000e+00       3.2800e+00       8.5051e-01       2.6686e-03       1.0531e-02       2.9702e-03      -8.3540e-04       6.1590e-05
 4.5000e+00       3.2800e+00       8.6051e-01       2.5461e-03       1.0452e-02       2.8533e-03      -8.3419e-04       6.3323e-05
 4.5000e+00       3.2800e+00       8.7051e-01       2.4301e-03       1.0374e-02       2.7396e-03      -8.3350e-04       6.4972e-05
 4.5000e+00       3.2800e+00       8.8051e-01       2.3201e-03       1.0297e-02       2.6289e-03      -8.3331e-04       6.6535e-05
 4.5000e+00       3.2800e+00       8.9051e-01       2.2159e-03       1.0220e-02       2.5213e-03      -8.3357e-04       6.8014e-05
 4.5000e+00       3.2800e+00       9.0051e-01       2.1171e-03       1.0144e-02       2.4165e-03      -8.3427e-04       6.9407e-05
 4.5000e+00       3.2800e+00       9.1051e-01       2.0235e-03       1.0069e-02       2.3146e-03      -8.3538e-04       7.0717e-05
 4.5000e+00       3.2800e+00       9.2051e-01       1.9348e-03       9.9938e-03       2.2155e-03      -8.3688e-04       7.1944e-05
 4.5000e+00       3.2800e+00       9.3051e-01       1.8508e-03       9.9194e-03       2.1191e-03      -8.3874e-04       7.3087e-05
 4.5000e+00       3.2800e+00       9.4051e-01       1.7712e-03       9.8456e-03       2.0253e-03      -8.4094e-04       7.4148e-05
 4.5000e+00       3.2800e+00       9.5051e-01       1.6957e-03       9.7724e-03       1.9340e-03      -8.4346e-04       7.5127e-05
 4.5000e+00       3.2800e+00       9.6051e-01       1.6242e-03       9.6997e-03       1.8452e-03      -8.4628e-04       7.6025e-05
 4.5000e+00       3.2800e+00       9.7051e-01       1.5565e-03       9.6276e-03       1.7589e-03      -8.4937e-04       7.6843e-05
 4.5000e+00       3.2800e+00       9.8051e-01       1.4923e-03       9.5560e-03       1.6749e-03      -8.5273e-04       7.7582e-05
 4.5000e+00       3.2800e+00       9.9051e-01       1.4315e-03       9.4849e-03       1.5933e-03      -8.5633e-04       7.8242e-05
 4.5000e+00       3.2800e+00       1.0005e+00       1.3740e-03       9.4144e-03       1.5139e-03      -8.6015e-04       7.8825e-05
 4.5000e+00       3.2800e+00       1.0105e+00       1.3194e-03       9.3444e-03       1.4367e-03      -8.6418e-04       7.9332e-05
 4.5000e+00       3.2800e+00       1.0205e+00       1.2678e-03       9.2749e-03       1.3616e-03      -8.6840e-04       7.9763e-05
 4.5000e+00       3.2800e+00       1.0305e+00       1.2189e-03       9.2059e-03       1.2885e-03      -8.7280e-04       8.0120e-05
 4.5000e+00       3.2800e+00       1.0405e+00       1.1726e-03       9.1374e-03       1.2175e-03      -8.7736e-04       8.0404e-05
 4.5000e+00       3.2800e+00       1.0505e+00       1.1288e-03       9.0695e-03       1.1485e-03      -8.8207e-04       8.0617e-05
 4.5000e+00       3.2800e+00       1.0605e+00       1.0874e-03       9.0020e-03       1.0814e-03      -8.8691e-04       8.0758e-05
 4.5000e+00       3.2800e+00       1.0705e+00       1.0482e-03       8.9351e-03       1.0162e-03      -8.9188e-04       8.0831e-05
 4.5000e+00       3.2800e+00       1.0805e+00       1.0110e-03       8.8686e-03       9.5272e-04      -8.9696e-04       8.0835e-05
 4.5000e+00       3.2800e+00       1.0905e+00       9.7595e-04       8.8026e-03       8.9107e-04      -9.0213e-04       8.0773e-05
 4.5000e+00       3.2800e+00       1.1005e+00       9.4277e-04       8.7372e-03       8.3113e-04      -9.0739e-04       8.0646e-05
 4.5000e+00       3.2800e+00       1.1105e+00       9.1140e-04       8.6722e-03       7.7288e-04      -9.1274e-04       8.0455e-05
 4.5000e+00       3.2800e+00       1.1205e+00       8.8176e-04       8.6077e-03       7.1626e-04      -9.1814e-04       8.0202e-05
 4.5000e+00       3.2800e+00       1.1305e+00       8.5375e-04       8.5438e-03       6.6123e-04      -9.2361e-04       7.9887e-05
 4.5000e+00       3.2800e+00       1.1405e+00       8.2729e-04       8.4803e-03       6.0776e-04      -9.2913e-04       7.9514e-05
 4.5000e+00       3.2800e+00       1.1505e+00       8.0231e-04       8.4172e-03       5.5579e-04      -9.3469e-04       7.9083e-05
 4.5000e+00       3.2800e+00       1.1605e+00       7.7874e-04       8.3547e-03       5.0529e-04      -9.4028e-04       7.8595e-05
 4.5000e+00       3.2800e+00       1.1705e+00       7.5649e-04       8.2927e-03       4.5623e-04      -9.4589e-04       7.8053e-05
 4.5000e+00       3.2800e+00       1.1805e+00       7.3551e-04       8.2311e-03       4.0856e-04      -9.5153e-04       7.7457e-05
 4.5000e+00       3.2800e+00       1.1905e+00       7.1573e-04       8.1700e-03       3.6224e-04      -9.5717e-04       7.6810e-05
 4.5000e+00       3.2800e+00       1.2005e+00       6.9709e-04       8.1094e-03       3.1725e-04      -9.6282e-04       7.6113e-05
 4.5000e+00       3.2800e+00       1.2105e+00       6.7953e-04       8.0492e-03       2.7354e-04      -9.6847e-04       7.5368e-05
 4.5000e+00       3.2800e+00       1.2205e+00       6.6300e-04       7.9896e-03       2.3109e-04      -9.7411e-04       7.4576e-05
 4.5000e+00       3.2800e+00       1.2305e+00       6.4744e-04       7.9304e-03       1.8985e-04      -9.7974e-04       7.3739e-05
 4.5000e+00       3.2800e+00       1.2405e+00       6.3281e-04       7.8717e-03       1.4981e-04      -9.8535e-04       7.2858e-05
 4.5000e+00       3.2800e+00       1.2505e+00       6.1906e-04       7.8134e-03       1.1091e-04      -9.9093e-04       7.1936e-05
 4.5000e+00       3.2800e+00       1.2605e+00       6.0614e-04       7.7557e-03       7.3148e-05      -9.9649e-04       7.0974e-05
 4.5000e+00       3.2800e+00       1.2705e+00       5.9402e-04       7.6983e-03       3.6477e-05      -1.0020e-03       6.9973e-05
 4.5000e+00       3.2800e+00       1.2805e+00       5.8264e-04       7.6415e-03       8.7370e-07      -1.0075e-03       6.8935e-05
 4.5000e+00       3.2800e+00       1.2905e+00       5.7198e-04       7.5851e-03      -3.3691e-05      -1.0130e-03       6.7862e-05
 4.5000e+00       3.2800e+00       1.3005e+00       5.6200e-04       7.5292e-03      -6.7244e-05      -1.0184e-03       6.6756e-05
 4.5000e+00       3.2800e+00       1.3105e+00       5.5265e-04       7.4737e-03      -9.9814e-05      -1.0237e-03       6.5617e-05
 4.5000e+00       3.2800e+00       1.3205e+00       5.4391e-04       7.4187e-03      -1.3142e-04      -1.0290e-03       6.4448e-05
 4.5000e+00       3.2800e+00       1.3305e+00       5.3575e-04       7.3642e-03      -1.6210e-04      -1.0343e-03       6.3250e-05
 4.5000e+00       3.2800e+00       1.3405e+00       5.2814e-04       7.3101e-03      -1.9187e-04      -1.0395e-03       6.2026e-05
 4.5000e+00       3.2800e+00       1.3505e+00       5.2104e-04       7.2565e-03      -2.2075e-04      -1.0446e-03       6.0775e-05
 4.5000e+00       3.2800e+00       1.3605e+00       5.1443e-04       7.2033e-03      -2.4878e-04      -1.0497e-03       5.9501e-05
 4.5000e+00       3.2800e+00       1.3705e+00       5.0829e-04       7.1506e-03      -2.7596e-04      -1.0547e-03       5.8204e-05
 4.5000e+00       3.2800e+00       1.3805e+00       5.0259e-04       7.0983e-03      -3.0233e-04      -1.0597e-03       5.6886e-05
 4.5000e+00       3.2800e+00       1.3905e+00       4.9730e-04       7.0464e-03      -3.2791e-04      -1.0646e-03       5.5549e-05
 4.5000e+00       3.2800e+00       1.4005e+00       4.9240e-04       6.9950e-03      -3.5271e-04      -1.0694e-03       5.4195e-05
 4.5000e+00       3.2800e+00       1.4105e+00       4.8788e-04       6.9441e-03      -3.7675e-04      -1.0741e-03       5.2824e-05
 4.5000e+00       3.2800e+00       1.4205e+00       4.8371e-04       6.8935e-03      -4.0007e-04      -1.0788e-03       5.1438e-05
 4.5000e+00       3.2800e+00       1.4305e+00       4.7988e-04       6.8435e-03      -4.2267e-04      -1.0834e-03       5.0038e-05
 4.5000e+00       3.2800e+00       1.4405e+00       4.7635e-04       6.7938e-03      -4.4458e-04      -1.0879e-03       4.8627e-05
 4.5000e+00       3.2800e+00       1.4505e+00       4.7313e-04       6.7446e-03      -4.6580e-04      -1.0923e-03       4.7205e-05
 4.5000e+00       3.2800e+00       1.4605e+00       4.7018e-04       6.6958e-03      -4.8638e-04      -1.0967e-03       4.5775e-05
 4.5000e+00       3.2800e+00       1.4705e+00       4.6750e-04       6.6474e-03      -5.0630e-04      -1.1010e-03       4.4336e-05
 4.5000e+00       3.2800e+00       1.4805e+00       4.6507e-04       6.5995e-03      -5.2561e-04      -1.1052e-03       4.2891e-05
 4.5000e+00       3.2800e+00       1.4905e+00       4.6287e-04       6.5519e-03      -5.4431e-04      -1.1094e-03       4.1441e-05
 4.5000e+00       3.2800e+00       1.5005e+00       4.6090e-04       6.5048e-03      -5.6241e-04      -1.1134e-03       3.9987e-05
 4.5000e+00       3.2800e+00       1.5105e+00       4.5913e-04       6.4581e-03      -5.7994e-04      -1.1174e-03       3.8531e-05
 4.5000e+00       3.2800e+00       1.5205e+00       4.5756e-04       6.4119e-03      -5.9691e-04      -1.1213e-03       3.7073e-05
 4.5000e+00       3.2800e+00       1.5305e+00       4.5617e-04       6.3660e-03      -6.1333e-04      -1.1251e-03       3.5616e-05
 4.5000e+00       3.2800e+00       1.5405e+00       4.5496e-04       6.3205e-03      -6.2922e-04      -1.1288e-03       3.4159e-05
 4.5000e+00       3.2800e+00       1.5505e+00       4.5390e-04       6.2755e-03      -6.4459e-04      -1.1325e-03       3.2705e-05
 4.5000e+00       3.2800e+00       1.5605e+00       4.5300e-04       6.2308e-03      -6.5946e-04      -1.1360e-03       3.1255e-05
 4.5000e+00       3.2800e+00       1.5705e+00       4.5225e-04       6.1865e-03      -6.7383e-04      -1.1395e-03       2.9809e-05
 4.5000e+00       3.2800e+00       1.5805e+00       4.5162e-04       6.1427e-03      -6.8773e-04      -1.1429e-03       2.8368e-05
 4.5000e+00       3.2800e+00       1.5905e+00       4.5113e-04       6.0992e-03      -7.0117e-04      -1.1463e-03       2.6935e-05
 4.5000e+00       3.2800e+00       1.6005e+00       4.5074e-04       6.0561e-03      -7.1415e-04      -1.1495e-03       2.5509e-05
 4.5000e+00       3.2800e+00       1.6105e+00       4.5047e-04       6.0134e-03      -7.2668e-04      -1.1527e-03       2.4092e-05
 4.5000e+00       3.2800e+00       1.6205e+00       4.5030e-04       5.9710e-03      -7.3879e-04      -1.1557e-03       2.2685e-05
 4.5000e+00       3.2800e+00       1.6305e+00       4.5022e-04       5.9291e-03      -7.5048e-04      -1.1587e-03       2.1288e-05
 4.5000e+00       3.2800e+00       1.6405e+00       4.5023e-04       5.8875e-03      -7.6177e-04      -1.1616e-03       1.9903e-05
