 8.0000e+00       2.8900e+00       4.4970e-01       2.8041e-02       3.9484e-03       0.0000e+00       0.0000e+00       0.0000e+00
 8.0000e+00       2.8900e+00       4.5970e-01       2.6846e-02       3.9581e-03       1.3450e-03      -5.3840e-06      -7.5851e-06
 8.0000e+00       2.8900e+00       4.6970e-01       2.5716e-02       3.9690e-03       1.8471e-03      -9.3319e-06      -9.9594e-06
 8.0000e+00       2.8900e+00       4.7970e-01       2.4647e-02       3.9812e-03       2.1972e-03      -1.2034e-05      -1.1279e-05
 8.0000e+00       2.8900e+00       4.8970e-01       2.3635e-02       3.9943e-03       2.4650e-03      -1.3658e-05      -1.1986e-05
 8.0000e+00       2.8900e+00       4.9970e-01       2.2676e-02       4.0083e-03       2.6782e-03      -1.4357e-05      -1.2266e-05
 8.0000e+00       2.8900e+00       5.0970e-01       2.1767e-02       4.0231e-03       2.8518e-03      -1.4265e-05      -1.2219e-05
 8.0000e+00       2.8900e+00       5.1970e-01       2.0905e-02       4.0384e-03       2.9949e-03      -1.3503e-05      -1.1911e-05
 8.0000e+00       2.8900e+00       5.2970e-01       2.0086e-02       4.0543e-03       3.1136e-03      -1.2177e-05      -1.1386e-05
 8.0000e+00       2.8900e+00       5.3970e-01       1.9308e-02       4.0706e-03       3.2123e-03      -1.0385e-05      -1.0676e-05
 8.0000e+00       2.8900e+00       5.4970e-01       1.8569e-02       4.0873e-03       3.2943e-03      -8.2116e-06      -9.8079e-06
 8.0000e+00       2.8900e+00       5.5970e-01       1.7866e-02       4.1042e-03       3.3622e-03      -5.7345e-06      -8.8006e-06
 8.0000e+00       2.8900e+00       5.6970e-01       1.7198e-02       4.1213e-03       3.4179e-03      -3.0217e-06      -7.6711e-06
 8.0000e+00       2.8900e+00       5.7970e-01       1.6561e-02       4.1385e-03       3.4631e-03      -1.3456e-07      -6.4332e-06
 8.0000e+00       2.8900e+00       5.8970e-01       1.5954e-02       4.1558e-03       3.4992e-03       2.8727e-06      -5.0990e-06
 8.0000e+00       2.8900e+00       5.9970e-01       1.5376e-02       4.1730e-03       3.5273e-03       5.9513e-06      -3.6787e-06
 8.0000e+00       2.8900e+00       6.0970e-01       1.4825e-02       4.1903e-03       3.5482e-03       9.0585e-06      -2.1816e-06
 8.0000e+00       2.8900e+00       6.1970e-01       1.4299e-02       4.2075e-03       3.5629e-03       1.2156e-05      -6.1571e-07
 8.0000e+00       2.8900e+00       6.2970e-01       1.3796e-02       4.2245e-03       3.5721e-03       1.5209e-05       1.0115e-06
 8.0000e+00       2.8900e+00       6.3970e-01       1.3317e-02       4.2414e-03       3.5763e-03       1.8188e-05       2.6932e-06
 8.0000e+00       2.8900e+00       6.4970e-01       1.2859e-02       4.2582e-03       3.5761e-03       2.1067e-05       4.4233e-06
 8.0000e+00       2.8900e+00       6.5970e-01       1.2421e-02       4.2747e-03       3.5720e-03       2.3823e-05       6.1961e-06
 8.0000e+00       2.8900e+00       6.6970e-01       1.2003e-02       4.2909e-03       3.5643e-03       2.6435e-05       8.0061e-06
 8.0000e+00       2.8900e+00       6.7970e-01       1.1602e-02       4.3069e-03       3.5535e-03       2.8885e-05       9.8483e-06
 8.0000e+00       2.8900e+00       6.8970e-01       1.1219e-02       4.3226e-03       3.5399e-03       3.1158e-05       1.1718e-05
 8.0000e+00       2.8900e+00       6.9970e-01       1.0852e-02       4.3381e-03       3.5237e-03       3.3241e-05       1.3611e-05
 8.0000e+00       2.8900e+00       7.0970e-01       1.0501e-02       4.3532e-03       3.5052e-03       3.5123e-05       1.5522e-05
 8.0000e+00       2.8900e+00       7.1970e-01       1.0164e-02       4.3679e-03       3.4847e-03       3.6795e-05       1.7448e-05
 8.0000e+00       2.8900e+00       7.2970e-01       9.8419e-03       4.3823e-03       3.4624e-03       3.8247e-05       1.9384e-05
 8.0000e+00       2.8900e+00       7.3970e-01       9.5326e-03       4.3964e-03       3.4385e-03       3.9475e-05       2.1328e-05
 8.0000e+00       2.8900e+00       7.4970e-01       9.2360e-03       4.4101e-03       3.4131e-03       4.0472e-05       2.3274e-05
 8.0000e+00       2.8900e+00       7.5970e-01       8.9514e-03       4.4234e-03       3.3864e-03       4.1235e-05       2.5221e-05
 8.0000e+00       2.8900e+00       7.6970e-01       8.6782e-03       4.4364e-03       3.3585e-03       4.1761e-05       2.7164e-05
 8.0000e+00       2.8900e+00       7.7970e-01       8.4160e-03       4.4489e-03       3.3296e-03       4.2047e-05       2.9100e-05
 8.0000e+00       2.8900e+00       7.8970e-01       8.1641e-03       4.4611e-03       3.2998e-03       4.2093e-05       3.1026e-05
 8.0000e+00       2.8900e+00       7.9970e-01       7.9222e-03       4.4729e-03       3.2692e-03       4.1898e-05       3.2939e-05
 8.0000e+00       2.8900e+00       8.0970e-01       7.6897e-03       4.4842e-03       3.2379e-03       4.1463e-05       3.4837e-05
 8.0000e+00       2.8900e+00       8.1970e-01       7.4662e-03       4.4952e-03       3.2060e-03       4.0788e-05       3.6716e-05
 8.0000e+00       2.8900e+00       8.2970e-01       7.2512e-03       4.5058e-03       3.1736e-03       3.9874e-05       3.8573e-05
 8.0000e+00       2.8900e+00       8.3970e-01       7.0445e-03       4.5160e-03       3.1407e-03       3.8725e-05       4.0407e-05
 8.0000e+00       2.8900e+00       8.4970e-01       6.8456e-03       4.5258e-03       3.1074e-03       3.7341e-05       4.2214e-05
 8.0000e+00       2.8900e+00       8.5970e-01       6.6542e-03       4.5352e-03       3.0738e-03       3.5727e-05       4.3992e-05
 8.0000e+00       2.8900e+00       8.6970e-01       6.4700e-03       4.5442e-03       3.0400e-03       3.3884e-05       4.5739e-05
 8.0000e+00       2.8900e+00       8.7970e-01       6.2926e-03       4.5529e-03       3.0060e-03       3.1817e-05       4.7452e-05
 8.0000e+00       2.8900e+00       8.8970e-01       6.1217e-03       4.5611e-03       2.9718e-03       2.9529e-05       4.9130e-05
 8.0000e+00       2.8900e+00       8.9970e-01       5.9571e-03       4.5690e-03       2.9374e-03       2.7024e-05       5.0770e-05
 8.0000e+00       2.8900e+00       9.0970e-01       5.7984e-03       4.5765e-03       2.9031e-03       2.4306e-05       5.2370e-05
 8.0000e+00       2.8900e+00       9.1970e-01       5.6455e-03       4.5837e-03       2.8686e-03       2.1379e-05       5.3929e-05
 8.0000e+00       2.8900e+00       9.2970e-01       5.4981e-03       4.5904e-03       2.8342e-03       1.8248e-05       5.5444e-05
 8.0000e+00       2.8900e+00       9.3970e-01       5.3559e-03       4.5969e-03       2.7999e-03       1.4917e-05       5.6914e-05
 8.0000e+00       2.8900e+00       9.4970e-01       5.2188e-03       4.6029e-03       2.7655e-03       1.1391e-05       5.8337e-05
 8.0000e+00       2.8900e+00       9.5970e-01       5.0865e-03       4.6087e-03       2.7313e-03       7.6740e-06       5.9712e-05
 8.0000e+00       2.8900e+00       9.6970e-01       4.9588e-03       4.6141e-03       2.6972e-03       3.7715e-06       6.1037e-05
 8.0000e+00       2.8900e+00       9.7970e-01       4.8355e-03       4.6191e-03       2.6632e-03      -3.1201e-07       6.2312e-05
 8.0000e+00       2.8900e+00       9.8970e-01       4.7165e-03       4.6239e-03       2.6294e-03      -4.5718e-06       6.3533e-05
 8.0000e+00       2.8900e+00       9.9970e-01       4.6016e-03       4.6283e-03       2.5958e-03      -9.0029e-06       6.4701e-05
 8.0000e+00       2.8900e+00       1.0097e+00       4.4907e-03       4.6324e-03       2.5623e-03      -1.3600e-05       6.5815e-05
 8.0000e+00       2.8900e+00       1.0197e+00       4.3834e-03       4.6363e-03       2.5291e-03      -1.8360e-05       6.6872e-05
 8.0000e+00       2.8900e+00       1.0297e+00       4.2798e-03       4.6398e-03       2.4960e-03      -2.3276e-05       6.7873e-05
 8.0000e+00       2.8900e+00       1.0397e+00       4.1797e-03       4.6430e-03       2.4632e-03      -2.8345e-05       6.8817e-05
 8.0000e+00       2.8900e+00       1.0497e+00       4.0829e-03       4.6460e-03       2.4307e-03      -3.3561e-05       6.9701e-05
 8.0000e+00       2.8900e+00       1.0597e+00       3.9893e-03       4.6487e-03       2.3984e-03      -3.8919e-05       7.0527e-05
 8.0000e+00       2.8900e+00       1.0697e+00       3.8988e-03       4.6512e-03       2.3663e-03      -4.4416e-05       7.1294e-05
 8.0000e+00       2.8900e+00       1.0797e+00       3.8113e-03       4.6534e-03       2.3346e-03      -5.0046e-05       7.2000e-05
 8.0000e+00       2.8900e+00       1.0897e+00       3.7266e-03       4.6553e-03       2.3031e-03      -5.5806e-05       7.2645e-05
 8.0000e+00       2.8900e+00       1.0997e+00       3.6446e-03       4.6570e-03       2.2719e-03      -6.1689e-05       7.3229e-05
 8.0000e+00       2.8900e+00       1.1097e+00       3.5653e-03       4.6585e-03       2.2409e-03      -6.7693e-05       7.3752e-05
 8.0000e+00       2.8900e+00       1.1197e+00       3.4886e-03       4.6598e-03       2.2103e-03      -7.3813e-05       7.4214e-05
 8.0000e+00       2.8900e+00       1.1297e+00       3.4142e-03       4.6609e-03       2.1800e-03      -8.0044e-05       7.4613e-05
 8.0000e+00       2.8900e+00       1.1397e+00       3.3423e-03       4.6617e-03       2.1500e-03      -8.6383e-05       7.4951e-05
 8.0000e+00       2.8900e+00       1.1497e+00       3.2726e-03       4.6624e-03       2.1202e-03      -9.2825e-05       7.5227e-05
 8.0000e+00       2.8900e+00       1.1597e+00       3.2050e-03       4.6628e-03       2.0908e-03      -9.9366e-05       7.5441e-05
 8.0000e+00       2.8900e+00       1.1697e+00       3.1396e-03       4.6631e-03       2.0617e-03      -1.0600e-04       7.5593e-05
 8.0000e+00       2.8900e+00       1.1797e+00       3.0762e-03       4.6633e-03       2.0329e-03      -1.1273e-04       7.5684e-05
 8.0000e+00       2.8900e+00       1.1897e+00       3.0148e-03       4.6632e-03       2.0044e-03      -1.1955e-04       7.5714e-05
 8.0000e+00       2.8900e+00       1.1997e+00       2.9552e-03       4.6630e-03       1.9763e-03      -1.2645e-04       7.5683e-05
 8.0000e+00       2.8900e+00       1.2097e+00       2.8975e-03       4.6627e-03       1.9484e-03      -1.3343e-04       7.5591e-05
 8.0000e+00       2.8900e+00       1.2197e+00       2.8415e-03       4.6622e-03       1.9208e-03      -1.4048e-04       7.5440e-05
 8.0000e+00       2.8900e+00       1.2297e+00       2.7872e-03       4.6615e-03       1.8936e-03      -1.4761e-04       7.5228e-05
 8.0000e+00       2.8900e+00       1.2397e+00       2.7345e-03       4.6608e-03       1.8667e-03      -1.5481e-04       7.4958e-05
 8.0000e+00       2.8900e+00       1.2497e+00       2.6835e-03       4.6599e-03       1.8400e-03      -1.6208e-04       7.4630e-05
 8.0000e+00       2.8900e+00       1.2597e+00       2.6339e-03       4.6589e-03       1.8137e-03      -1.6941e-04       7.4243e-05
 8.0000e+00       2.8900e+00       1.2697e+00       2.5858e-03       4.6578e-03       1.7877e-03      -1.7680e-04       7.3800e-05
 8.0000e+00       2.8900e+00       1.2797e+00       2.5391e-03       4.6566e-03       1.7620e-03      -1.8425e-04       7.3301e-05
 8.0000e+00       2.8900e+00       1.2897e+00       2.4937e-03       4.6553e-03       1.7366e-03      -1.9175e-04       7.2746e-05
 8.0000e+00       2.8900e+00       1.2997e+00       2.4497e-03       4.6539e-03       1.7115e-03      -1.9931e-04       7.2137e-05
 8.0000e+00       2.8900e+00       1.3097e+00       2.4070e-03       4.6524e-03       1.6867e-03      -2.0691e-04       7.1474e-05
 8.0000e+00       2.8900e+00       1.3197e+00       2.3654e-03       4.6508e-03       1.6622e-03      -2.1456e-04       7.0759e-05
 8.0000e+00       2.8900e+00       1.3297e+00       2.3251e-03       4.6492e-03       1.6380e-03      -2.2226e-04       6.9992e-05
 8.0000e+00       2.8900e+00       1.3397e+00       2.2859e-03       4.6475e-03       1.6141e-03      -2.2999e-04       6.9175e-05
 8.0000e+00       2.8900e+00       1.3497e+00       2.2479e-03       4.6457e-03       1.5904e-03      -2.3777e-04       6.8308e-05
 8.0000e+00       2.8900e+00       1.3597e+00       2.2109e-03       4.6439e-03       1.5671e-03      -2.4557e-04       6.7393e-05
 8.0000e+00       2.8900e+00       1.3697e+00       2.1749e-03       4.6420e-03       1.5440e-03      -2.5342e-04       6.6431e-05
 8.0000e+00       2.8900e+00       1.3797e+00       2.1399e-03       4.6401e-03       1.5212e-03      -2.6129e-04       6.5423e-05
 8.0000e+00       2.8900e+00       1.3897e+00       2.1059e-03       4.6381e-03       1.4987e-03      -2.6920e-04       6.4370e-05
 8.0000e+00       2.8900e+00       1.3997e+00       2.0729e-03       4.6361e-03       1.4765e-03      -2.7713e-04       6.3274e-05
 8.0000e+00       2.8900e+00       1.4097e+00       2.0407e-03       4.6341e-03       1.4545e-03      -2.8508e-04       6.2135e-05
 8.0000e+00       2.8900e+00       1.4197e+00       2.0095e-03       4.6320e-03       1.4328e-03      -2.9306e-04       6.0956e-05
 8.0000e+00       2.8900e+00       1.4297e+00       1.9790e-03       4.6299e-03       1.4114e-03      -3.0106e-04       5.9737e-05
 8.0000e+00       2.8900e+00       1.4397e+00       1.9494e-03       4.6278e-03       1.3902e-03      -3.0908e-04       5.8480e-05
 8.0000e+00       2.8900e+00       1.4497e+00       1.9206e-03       4.6257e-03       1.3693e-03      -3.1712e-04       5.7187e-05
 8.0000e+00       2.8900e+00       1.4597e+00       1.8926e-03       4.6235e-03       1.3486e-03      -3.2517e-04       5.5857e-05
 8.0000e+00       2.8900e+00       1.4697e+00       1.8653e-03       4.6213e-03       1.3282e-03      -3.3324e-04       5.4494e-05
 8.0000e+00       2.8900e+00       1.4797e+00       1.8387e-03       4.6192e-03       1.3081e-03      -3.4132e-04       5.3098e-05
 8.0000e+00       2.8900e+00       1.4897e+00       1.8128e-03       4.6170e-03       1.2882e-03      -3.4941e-04       5.1672e-05
 8.0000e+00       2.8900e+00       1.4997e+00       1.7876e-03       4.6148e-03       1.2685e-03      -3.5751e-04       5.0215e-05
 8.0000e+00       2.8900e+00       1.5097e+00       1.7631e-03       4.6126e-03       1.2491e-03      -3.6562e-04       4.8730e-05
 8.0000e+00       2.8900e+00       1.5197e+00       1.7392e-03       4.6104e-03       1.2299e-03      -3.7373e-04       4.7219e-05
 8.0000e+00       2.8900e+00       1.5297e+00       1.7159e-03       4.6083e-03       1.2109e-03      -3.8185e-04       4.5682e-05
 8.0000e+00       2.8900e+00       1.5397e+00       1.6932e-03       4.6061e-03       1.1922e-03      -3.8997e-04       4.4122e-05
 8.0000e+00       2.8900e+00       1.5497e+00       1.6710e-03       4.6039e-03       1.1737e-03      -3.9810e-04       4.2539e-05
 8.0000e+00       2.8900e+00       1.5597e+00       1.6494e-03       4.6018e-03       1.1554e-03      -4.0622e-04       4.0936e-05
 8.0000e+00       2.8900e+00       1.5697e+00       1.6284e-03       4.5996e-03       1.1373e-03      -4.1435e-04       3.9313e-05
 8.0000e+00       2.8900e+00       1.5797e+00       1.6079e-03       4.5975e-03       1.1195e-03      -4.2247e-04       3.7673e-05
 8.0000e+00       2.8900e+00       1.5897e+00       1.5879e-03       4.5954e-03       1.1019e-03      -4.3059e-04       3.6016e-05
 8.0000e+00       2.8900e+00       1.5997e+00       1.5684e-03       4.5933e-03       1.0844e-03      -4.3871e-04       3.4345e-05
 8.0000e+00       2.8900e+00       1.6097e+00       1.5494e-03       4.5913e-03       1.0672e-03      -4.4682e-04       3.2660e-05
 8.0000e+00       2.8900e+00       1.6197e+00       1.5308e-03       4.5892e-03       1.0502e-03      -4.5493e-04       3.0964e-05
 8.0000e+00       2.8900e+00       1.6297e+00       1.5127e-03       4.5872e-03       1.0334e-03      -4.6303e-04       2.9257e-05
 8.0000e+00       2.8900e+00       1.6397e+00       1.4950e-03       4.5852e-03       1.0168e-03      -4.7112e-04       2.7541e-05
 8.0000e+00       2.8900e+00       1.6497e+00       1.4777e-03       4.5832e-03       1.0004e-03      -4.7921e-04       2.5819e-05
