 9.0000e+00       2.8900e+00       5.3286e-01       1.6930e-02       2.3285e-03       0.0000e+00       0.0000e+00       0.0000e+00
 9.0000e+00       2.8900e+00       5.4286e-01       1.6287e-02       2.3495e-03       8.2941e-04       1.7956e-06      -2.3422e-06
 9.0000e+00       2.8900e+00       5.5286e-01       1.5676e-02       2.3705e-03       1.1428e-03       3.9700e-06      -2.8753e-06
 9.0000e+00       2.8900e+00       5.6286e-01       1.5094e-02       2.3915e-03       1.3639e-03       6.4593e-06      -2.9958e-06
 9.0000e+00       2.8900e+00       5.7286e-01       1.4540e-02       2.4124e-03       1.5350e-03       9.2064e-06      -2.8630e-06
 9.0000e+00       2.8900e+00       5.8286e-01       1.4013e-02       2.4334e-03       1.6730e-03       1.2160e-05      -2.5460e-06
 9.0000e+00       2.8900e+00       5.9286e-01       1.3510e-02       2.4541e-03       1.7869e-03       1.5273e-05      -2.0842e-06
 9.0000e+00       2.8900e+00       6.0286e-01       1.3031e-02       2.4748e-03       1.8822e-03       1.8504e-05      -1.5034e-06
 9.0000e+00       2.8900e+00       6.1286e-01       1.2573e-02       2.4953e-03       1.9625e-03       2.1817e-05      -8.2195e-07
 9.0000e+00       2.8900e+00       6.2286e-01       1.2137e-02       2.5156e-03       2.0306e-03       2.5177e-05      -5.3883e-08
 9.0000e+00       2.8900e+00       6.3286e-01       1.1720e-02       2.5357e-03       2.0884e-03       2.8556e-05       7.8969e-07
 9.0000e+00       2.8900e+00       6.4286e-01       1.1322e-02       2.5555e-03       2.1375e-03       3.1926e-05       1.6996e-06
 9.0000e+00       2.8900e+00       6.5286e-01       1.0941e-02       2.5752e-03       2.1789e-03       3.5263e-05       2.6682e-06
 9.0000e+00       2.8900e+00       6.6286e-01       1.0577e-02       2.5945e-03       2.2138e-03       3.8546e-05       3.6888e-06
 9.0000e+00       2.8900e+00       6.7286e-01       1.0229e-02       2.6135e-03       2.2428e-03       4.1757e-05       4.7555e-06
 9.0000e+00       2.8900e+00       6.8286e-01       9.8958e-03       2.6323e-03       2.2668e-03       4.4878e-05       5.8630e-06
 9.0000e+00       2.8900e+00       6.9286e-01       9.5768e-03       2.6508e-03       2.2863e-03       4.7895e-05       7.0067e-06
 9.0000e+00       2.8900e+00       7.0286e-01       9.2712e-03       2.6689e-03       2.3017e-03       5.0794e-05       8.1821e-06
 9.0000e+00       2.8900e+00       7.1286e-01       8.9783e-03       2.6867e-03       2.3135e-03       5.3566e-05       9.3853e-06
 9.0000e+00       2.8900e+00       7.2286e-01       8.6976e-03       2.7042e-03       2.3222e-03       5.6198e-05       1.0612e-05
 9.0000e+00       2.8900e+00       7.3286e-01       8.4285e-03       2.7213e-03       2.3279e-03       5.8684e-05       1.1860e-05
 9.0000e+00       2.8900e+00       7.4286e-01       8.1703e-03       2.7381e-03       2.3310e-03       6.1016e-05       1.3125e-05
 9.0000e+00       2.8900e+00       7.5286e-01       7.9225e-03       2.7545e-03       2.3317e-03       6.3187e-05       1.4403e-05
 9.0000e+00       2.8900e+00       7.6286e-01       7.6846e-03       2.7706e-03       2.3303e-03       6.5193e-05       1.5693e-05
 9.0000e+00       2.8900e+00       7.7286e-01       7.4562e-03       2.7863e-03       2.3270e-03       6.7029e-05       1.6990e-05
 9.0000e+00       2.8900e+00       7.8286e-01       7.2368e-03       2.8017e-03       2.3220e-03       6.8691e-05       1.8293e-05
 9.0000e+00       2.8900e+00       7.9286e-01       7.0260e-03       2.8167e-03       2.3153e-03       7.0177e-05       1.9599e-05
 9.0000e+00       2.8900e+00       8.0286e-01       6.8233e-03       2.8314e-03       2.3073e-03       7.1485e-05       2.0905e-05
 9.0000e+00       2.8900e+00       8.1286e-01       6.6285e-03       2.8457e-03       2.2979e-03       7.2613e-05       2.2208e-05
 9.0000e+00       2.8900e+00       8.2286e-01       6.4411e-03       2.8596e-03       2.2874e-03       7.3561e-05       2.3507e-05
 9.0000e+00       2.8900e+00       8.3286e-01       6.2608e-03       2.8732e-03       2.2758e-03       7.4328e-05       2.4799e-05
 9.0000e+00       2.8900e+00       8.4286e-01       6.0872e-03       2.8864e-03       2.2633e-03       7.4915e-05       2.6081e-05
 9.0000e+00       2.8900e+00       8.5286e-01       5.9202e-03       2.8992e-03       2.2498e-03       7.5321e-05       2.7352e-05
 9.0000e+00       2.8900e+00       8.6286e-01       5.7593e-03       2.9117e-03       2.2356e-03       7.5548e-05       2.8610e-05
 9.0000e+00       2.8900e+00       8.7286e-01       5.6044e-03       2.9239e-03       2.2207e-03       7.5597e-05       2.9853e-05
 9.0000e+00       2.8900e+00       8.8286e-01       5.4551e-03       2.9357e-03       2.2052e-03       7.5470e-05       3.1078e-05
 9.0000e+00       2.8900e+00       8.9286e-01       5.3112e-03       2.9472e-03       2.1890e-03       7.5167e-05       3.2284e-05
 9.0000e+00       2.8900e+00       9.0286e-01       5.1725e-03       2.9584e-03       2.1724e-03       7.4692e-05       3.3469e-05
 9.0000e+00       2.8900e+00       9.1286e-01       5.0388e-03       2.9692e-03       2.1553e-03       7.4047e-05       3.4632e-05
 9.0000e+00       2.8900e+00       9.2286e-01       4.9098e-03       2.9796e-03       2.1378e-03       7.3233e-05       3.5770e-05
 9.0000e+00       2.8900e+00       9.3286e-01       4.7854e-03       2.9898e-03       2.1199e-03       7.2254e-05       3.6882e-05
 9.0000e+00       2.8900e+00       9.4286e-01       4.6654e-03       2.9997e-03       2.1018e-03       7.1112e-05       3.7967e-05
 9.0000e+00       2.8900e+00       9.5286e-01       4.5495e-03       3.0092e-03       2.0833e-03       6.9811e-05       3.9024e-05
 9.0000e+00       2.8900e+00       9.6286e-01       4.4376e-03       3.0184e-03       2.0646e-03       6.8352e-05       4.0050e-05
 9.0000e+00       2.8900e+00       9.7286e-01       4.3296e-03       3.0274e-03       2.0457e-03       6.6739e-05       4.1044e-05
 9.0000e+00       2.8900e+00       9.8286e-01       4.2252e-03       3.0360e-03       2.0266e-03       6.4976e-05       4.2006e-05
 9.0000e+00       2.8900e+00       9.9286e-01       4.1244e-03       3.0444e-03       2.0074e-03       6.3065e-05       4.2934e-05
 9.0000e+00       2.8900e+00       1.0029e+00       4.0270e-03       3.0524e-03       1.9880e-03       6.1010e-05       4.3827e-05
 9.0000e+00       2.8900e+00       1.0129e+00       3.9329e-03       3.0602e-03       1.9686e-03       5.8813e-05       4.4684e-05
 9.0000e+00       2.8900e+00       1.0229e+00       3.8418e-03       3.0678e-03       1.9491e-03       5.6479e-05       4.5504e-05
 9.0000e+00       2.8900e+00       1.0329e+00       3.7538e-03       3.0750e-03       1.9295e-03       5.4010e-05       4.6286e-05
 9.0000e+00       2.8900e+00       1.0429e+00       3.6687e-03       3.0820e-03       1.9099e-03       5.1410e-05       4.7029e-05
 9.0000e+00       2.8900e+00       1.0529e+00       3.5864e-03       3.0888e-03       1.8902e-03       4.8682e-05       4.7732e-05
 9.0000e+00       2.8900e+00       1.0629e+00       3.5067e-03       3.0953e-03       1.8706e-03       4.5830e-05       4.8395e-05
 9.0000e+00       2.8900e+00       1.0729e+00       3.4297e-03       3.1016e-03       1.8510e-03       4.2856e-05       4.9017e-05
 9.0000e+00       2.8900e+00       1.0829e+00       3.3550e-03       3.1077e-03       1.8314e-03       3.9765e-05       4.9597e-05
 9.0000e+00       2.8900e+00       1.0929e+00       3.2828e-03       3.1135e-03       1.8119e-03       3.6558e-05       5.0135e-05
 9.0000e+00       2.8900e+00       1.1029e+00       3.2129e-03       3.1192e-03       1.7924e-03       3.3241e-05       5.0630e-05
 9.0000e+00       2.8900e+00       1.1129e+00       3.1451e-03       3.1246e-03       1.7730e-03       2.9815e-05       5.1082e-05
 9.0000e+00       2.8900e+00       1.1229e+00       3.0795e-03       3.1298e-03       1.7536e-03       2.6284e-05       5.1490e-05
 9.0000e+00       2.8900e+00       1.1329e+00       3.0160e-03       3.1349e-03       1.7343e-03       2.2652e-05       5.1855e-05
 9.0000e+00       2.8900e+00       1.1429e+00       2.9544e-03       3.1397e-03       1.7152e-03       1.8920e-05       5.2176e-05
 9.0000e+00       2.8900e+00       1.1529e+00       2.8947e-03       3.1444e-03       1.6961e-03       1.5093e-05       5.2452e-05
 9.0000e+00       2.8900e+00       1.1629e+00       2.8368e-03       3.1488e-03       1.6771e-03       1.1174e-05       5.2684e-05
 9.0000e+00       2.8900e+00       1.1729e+00       2.7807e-03       3.1532e-03       1.6582e-03       7.1646e-06       5.2872e-05
 9.0000e+00       2.8900e+00       1.1829e+00       2.7263e-03       3.1573e-03       1.6395e-03       3.0686e-06       5.3015e-05
 9.0000e+00       2.8900e+00       1.1929e+00       2.6735e-03       3.1613e-03       1.6209e-03      -1.1113e-06       5.3113e-05
 9.0000e+00       2.8900e+00       1.2029e+00       2.6223e-03       3.1652e-03       1.6024e-03      -5.3722e-06       5.3167e-05
 9.0000e+00       2.8900e+00       1.2129e+00       2.5726e-03       3.1689e-03       1.5840e-03      -9.7114e-06       5.3177e-05
 9.0000e+00       2.8900e+00       1.2229e+00       2.5245e-03       3.1725e-03       1.5658e-03      -1.4126e-05       5.3143e-05
 9.0000e+00       2.8900e+00       1.2329e+00       2.4777e-03       3.1759e-03       1.5477e-03      -1.8614e-05       5.3065e-05
 9.0000e+00       2.8900e+00       1.2429e+00       2.4323e-03       3.1792e-03       1.5298e-03      -2.3172e-05       5.2943e-05
 9.0000e+00       2.8900e+00       1.2529e+00       2.3882e-03       3.1824e-03       1.5120e-03      -2.7797e-05       5.2778e-05
 9.0000e+00       2.8900e+00       1.2629e+00       2.3454e-03       3.1855e-03       1.4943e-03      -3.2488e-05       5.2570e-05
 9.0000e+00       2.8900e+00       1.2729e+00       2.3038e-03       3.1885e-03       1.4768e-03      -3.7242e-05       5.2320e-05
 9.0000e+00       2.8900e+00       1.2829e+00       2.2635e-03       3.1913e-03       1.4595e-03      -4.2055e-05       5.2027e-05
 9.0000e+00       2.8900e+00       1.2929e+00       2.2242e-03       3.1941e-03       1.4423e-03      -4.6927e-05       5.1693e-05
 9.0000e+00       2.8900e+00       1.3029e+00       2.1861e-03       3.1968e-03       1.4252e-03      -5.1855e-05       5.1318e-05
 9.0000e+00       2.8900e+00       1.3129e+00       2.1491e-03       3.1993e-03       1.4083e-03      -5.6836e-05       5.0903e-05
 9.0000e+00       2.8900e+00       1.3229e+00       2.1131e-03       3.2018e-03       1.3916e-03      -6.1869e-05       5.0447e-05
 9.0000e+00       2.8900e+00       1.3329e+00       2.0781e-03       3.2043e-03       1.3750e-03      -6.6951e-05       4.9953e-05
 9.0000e+00       2.8900e+00       1.3429e+00       2.0441e-03       3.2066e-03       1.3586e-03      -7.2079e-05       4.9420e-05
 9.0000e+00       2.8900e+00       1.3529e+00       2.0110e-03       3.2089e-03       1.3424e-03      -7.7253e-05       4.8849e-05
 9.0000e+00       2.8900e+00       1.3629e+00       1.9788e-03       3.2111e-03       1.3262e-03      -8.2471e-05       4.8241e-05
 9.0000e+00       2.8900e+00       1.3729e+00       1.9475e-03       3.2133e-03       1.3103e-03      -8.7729e-05       4.7597e-05
 9.0000e+00       2.8900e+00       1.3829e+00       1.9171e-03       3.2153e-03       1.2945e-03      -9.3027e-05       4.6918e-05
 9.0000e+00       2.8900e+00       1.3929e+00       1.8874e-03       3.2174e-03       1.2789e-03      -9.8362e-05       4.6204e-05
 9.0000e+00       2.8900e+00       1.4029e+00       1.8586e-03       3.2194e-03       1.2634e-03      -1.0373e-04       4.5456e-05
 9.0000e+00       2.8900e+00       1.4129e+00       1.8305e-03       3.2213e-03       1.2480e-03      -1.0914e-04       4.4675e-05
 9.0000e+00       2.8900e+00       1.4229e+00       1.8032e-03       3.2232e-03       1.2329e-03      -1.1458e-04       4.3863e-05
 9.0000e+00       2.8900e+00       1.4329e+00       1.7766e-03       3.2251e-03       1.2179e-03      -1.2004e-04       4.3019e-05
 9.0000e+00       2.8900e+00       1.4429e+00       1.7507e-03       3.2269e-03       1.2030e-03      -1.2554e-04       4.2145e-05
 9.0000e+00       2.8900e+00       1.4529e+00       1.7255e-03       3.2287e-03       1.1883e-03      -1.3107e-04       4.1242e-05
 9.0000e+00       2.8900e+00       1.4629e+00       1.7010e-03       3.2304e-03       1.1737e-03      -1.3662e-04       4.0312e-05
 9.0000e+00       2.8900e+00       1.4729e+00       1.6770e-03       3.2322e-03       1.1593e-03      -1.4220e-04       3.9354e-05
 9.0000e+00       2.8900e+00       1.4829e+00       1.6537e-03       3.2339e-03       1.1450e-03      -1.4779e-04       3.8370e-05
 9.0000e+00       2.8900e+00       1.4929e+00       1.6310e-03       3.2356e-03       1.1309e-03      -1.5342e-04       3.7361e-05
 9.0000e+00       2.8900e+00       1.5029e+00       1.6089e-03       3.2372e-03       1.1169e-03      -1.5906e-04       3.6328e-05
 9.0000e+00       2.8900e+00       1.5129e+00       1.5873e-03       3.2389e-03       1.1031e-03      -1.6472e-04       3.5272e-05
 9.0000e+00       2.8900e+00       1.5229e+00       1.5663e-03       3.2405e-03       1.0894e-03      -1.7040e-04       3.4194e-05
 9.0000e+00       2.8900e+00       1.5329e+00       1.5458e-03       3.2421e-03       1.0759e-03      -1.7610e-04       3.3096e-05
 9.0000e+00       2.8900e+00       1.5429e+00       1.5258e-03       3.2437e-03       1.0625e-03      -1.8181e-04       3.1978e-05
 9.0000e+00       2.8900e+00       1.5529e+00       1.5062e-03       3.2453e-03       1.0492e-03      -1.8753e-04       3.0842e-05
 9.0000e+00       2.8900e+00       1.5629e+00       1.4872e-03       3.2469e-03       1.0361e-03      -1.9327e-04       2.9688e-05
 9.0000e+00       2.8900e+00       1.5729e+00       1.4687e-03       3.2485e-03       1.0231e-03      -1.9903e-04       2.8518e-05
 9.0000e+00       2.8900e+00       1.5829e+00       1.4505e-03       3.2500e-03       1.0103e-03      -2.0479e-04       2.7332e-05
 9.0000e+00       2.8900e+00       1.5929e+00       1.4329e-03       3.2516e-03       9.9755e-04      -2.1056e-04       2.6133e-05
 9.0000e+00       2.8900e+00       1.6029e+00       1.4156e-03       3.2532e-03       9.8497e-04      -2.1635e-04       2.4920e-05
 9.0000e+00       2.8900e+00       1.6129e+00       1.3988e-03       3.2548e-03       9.7251e-04      -2.2214e-04       2.3696e-05
 9.0000e+00       2.8900e+00       1.6229e+00       1.3823e-03       3.2563e-03       9.6019e-04      -2.2794e-04       2.2461e-05
 9.0000e+00       2.8900e+00       1.6329e+00       1.3663e-03       3.2579e-03       9.4800e-04      -2.3374e-04       2.1217e-05
 9.0000e+00       2.8900e+00       1.6429e+00       1.3506e-03       3.2595e-03       9.3593e-04      -2.3955e-04       1.9964e-05
