 3.0000e+00       3.2800e+00       6.0473e-02       6.8208e-01       1.2022e-01       0.0000e+00       0.0000e+00       0.0000e+00
 3.0000e+00       3.2800e+00       7.0473e-02       5.9719e-01       1.0905e-01       4.4908e-02      -5.7412e-03      -1.8210e-04
 3.0000e+00       3.2800e+00       8.0473e-02       5.2608e-01       1.0009e-01       5.4399e-02      -9.6459e-03      -2.4587e-04
 3.0000e+00       3.2800e+00       9.0473e-02       4.6604e-01       9.2713e-02       5.7960e-02      -1.2309e-02      -2.8734e-04
 3.0000e+00       3.2800e+00       1.0047e-01       4.1494e-01       8.6510e-02       5.8947e-02      -1.4108e-02      -3.1646e-04
 3.0000e+00       3.2800e+00       1.1047e-01       3.7110e-01       8.1208e-02       5.8636e-02      -1.5293e-02      -3.3735e-04
 3.0000e+00       3.2800e+00       1.2047e-01       3.3323e-01       7.6614e-02       5.7625e-02      -1.6033e-02      -3.5226e-04
 3.0000e+00       3.2800e+00       1.3047e-01       3.0029e-01       7.2586e-02       5.6228e-02      -1.6449e-02      -3.6259e-04
 3.0000e+00       3.2800e+00       1.4047e-01       2.7148e-01       6.9023e-02       5.4623e-02      -1.6625e-02      -3.6932e-04
 3.0000e+00       3.2800e+00       1.5047e-01       2.4614e-01       6.5842e-02       5.2911e-02      -1.6624e-02      -3.7314e-04
 3.0000e+00       3.2800e+00       1.6047e-01       2.2374e-01       6.2984e-02       5.1155e-02      -1.6491e-02      -3.7458e-04
 3.0000e+00       3.2800e+00       1.7047e-01       2.0386e-01       6.0399e-02       4.9394e-02      -1.6261e-02      -3.7406e-04
 3.0000e+00       3.2800e+00       1.8047e-01       1.8613e-01       5.8048e-02       4.7651e-02      -1.5959e-02      -3.7191e-04
 3.0000e+00       3.2800e+00       1.9047e-01       1.7028e-01       5.5899e-02       4.5940e-02      -1.5607e-02      -3.6839e-04
 3.0000e+00       3.2800e+00       2.0047e-01       1.5605e-01       5.3927e-02       4.4271e-02      -1.5219e-02      -3.6372e-04
 3.0000e+00       3.2800e+00       2.1047e-01       1.4324e-01       5.2110e-02       4.2649e-02      -1.4806e-02      -3.5808e-04
 3.0000e+00       3.2800e+00       2.2047e-01       1.3168e-01       5.0429e-02       4.1076e-02      -1.4378e-02      -3.5163e-04
 3.0000e+00       3.2800e+00       2.3047e-01       1.2121e-01       4.8869e-02       3.9554e-02      -1.3942e-02      -3.4450e-04
 3.0000e+00       3.2800e+00       2.4047e-01       1.1172e-01       4.7418e-02       3.8083e-02      -1.3503e-02      -3.3679e-04
 3.0000e+00       3.2800e+00       2.5047e-01       1.0308e-01       4.6062e-02       3.6663e-02      -1.3066e-02      -3.2860e-04
 3.0000e+00       3.2800e+00       2.6047e-01       9.5219e-02       4.4794e-02       3.5291e-02      -1.2633e-02      -3.2001e-04
 3.0000e+00       3.2800e+00       2.7047e-01       8.8040e-02       4.3604e-02       3.3968e-02      -1.2207e-02      -3.1108e-04
 3.0000e+00       3.2800e+00       2.8047e-01       8.1475e-02       4.2485e-02       3.2692e-02      -1.1790e-02      -3.0189e-04
 3.0000e+00       3.2800e+00       2.9047e-01       7.5464e-02       4.1431e-02       3.1460e-02      -1.1383e-02      -2.9248e-04
 3.0000e+00       3.2800e+00       3.0047e-01       6.9950e-02       4.0435e-02       3.0273e-02      -1.0988e-02      -2.8290e-04
 3.0000e+00       3.2800e+00       3.1047e-01       6.4885e-02       3.9493e-02       2.9127e-02      -1.0605e-02      -2.7319e-04
 3.0000e+00       3.2800e+00       3.2047e-01       6.0227e-02       3.8600e-02       2.8022e-02      -1.0234e-02      -2.6337e-04
 3.0000e+00       3.2800e+00       3.3047e-01       5.5938e-02       3.7752e-02       2.6956e-02      -9.8766e-03      -2.5350e-04
 3.0000e+00       3.2800e+00       3.4047e-01       5.1984e-02       3.6946e-02       2.5927e-02      -9.5316e-03      -2.4358e-04
 3.0000e+00       3.2800e+00       3.5047e-01       4.8336e-02       3.6178e-02       2.4934e-02      -9.1995e-03      -2.3365e-04
 3.0000e+00       3.2800e+00       3.6047e-01       4.4965e-02       3.5445e-02       2.3976e-02      -8.8802e-03      -2.2372e-04
 3.0000e+00       3.2800e+00       3.7047e-01       4.1848e-02       3.4744e-02       2.3052e-02      -8.5735e-03      -2.1382e-04
 3.0000e+00       3.2800e+00       3.8047e-01       3.8964e-02       3.4074e-02       2.2159e-02      -8.2791e-03      -2.0395e-04
 3.0000e+00       3.2800e+00       3.9047e-01       3.6292e-02       3.3432e-02       2.1298e-02      -7.9969e-03      -1.9414e-04
 3.0000e+00       3.2800e+00       4.0047e-01       3.3816e-02       3.2817e-02       2.0466e-02      -7.7265e-03      -1.8441e-04
 3.0000e+00       3.2800e+00       4.1047e-01       3.1519e-02       3.2225e-02       1.9663e-02      -7.4675e-03      -1.7475e-04
 3.0000e+00       3.2800e+00       4.2047e-01       2.9386e-02       3.1656e-02       1.8888e-02      -7.2197e-03      -1.6518e-04
 3.0000e+00       3.2800e+00       4.3047e-01       2.7406e-02       3.1109e-02       1.8139e-02      -6.9826e-03      -1.5571e-04
 3.0000e+00       3.2800e+00       4.4047e-01       2.5565e-02       3.0581e-02       1.7415e-02      -6.7560e-03      -1.4634e-04
 3.0000e+00       3.2800e+00       4.5047e-01       2.3854e-02       3.0072e-02       1.6717e-02      -6.5393e-03      -1.3710e-04
 3.0000e+00       3.2800e+00       4.6047e-01       2.2262e-02       2.9580e-02       1.6042e-02      -6.3324e-03      -1.2797e-04
 3.0000e+00       3.2800e+00       4.7047e-01       2.0780e-02       2.9104e-02       1.5390e-02      -6.1347e-03      -1.1897e-04
 3.0000e+00       3.2800e+00       4.8047e-01       1.9400e-02       2.8644e-02       1.4760e-02      -5.9459e-03      -1.1011e-04
 3.0000e+00       3.2800e+00       4.9047e-01       1.8114e-02       2.8199e-02       1.4151e-02      -5.7658e-03      -1.0138e-04
 3.0000e+00       3.2800e+00       5.0047e-01       1.6916e-02       2.7767e-02       1.3563e-02      -5.5939e-03      -9.2798e-05
 3.0000e+00       3.2800e+00       5.1047e-01       1.5799e-02       2.7347e-02       1.2995e-02      -5.4299e-03      -8.4360e-05
 3.0000e+00       3.2800e+00       5.2047e-01       1.4757e-02       2.6940e-02       1.2446e-02      -5.2735e-03      -7.6072e-05
 3.0000e+00       3.2800e+00       5.3047e-01       1.3786e-02       2.6545e-02       1.1915e-02      -5.1243e-03      -6.7937e-05
 3.0000e+00       3.2800e+00       5.4047e-01       1.2879e-02       2.6160e-02       1.1403e-02      -4.9821e-03      -5.9959e-05
 3.0000e+00       3.2800e+00       5.5047e-01       1.2033e-02       2.5786e-02       1.0907e-02      -4.8466e-03      -5.2139e-05
 3.0000e+00       3.2800e+00       5.6047e-01       1.1244e-02       2.5421e-02       1.0428e-02      -4.7174e-03      -4.4479e-05
 3.0000e+00       3.2800e+00       5.7047e-01       1.0506e-02       2.5066e-02       9.9656e-03      -4.5943e-03      -3.6983e-05
 3.0000e+00       3.2800e+00       5.8047e-01       9.8179e-03       2.4719e-02       9.5183e-03      -4.4771e-03      -2.9651e-05
 3.0000e+00       3.2800e+00       5.9047e-01       9.1750e-03       2.4381e-02       9.0861e-03      -4.3654e-03      -2.2486e-05
 3.0000e+00       3.2800e+00       6.0047e-01       8.5746e-03       2.4051e-02       8.6684e-03      -4.2590e-03      -1.5488e-05
 3.0000e+00       3.2800e+00       6.1047e-01       8.0139e-03       2.3729e-02       8.2646e-03      -4.1577e-03      -8.6595e-06
 3.0000e+00       3.2800e+00       6.2047e-01       7.4902e-03       2.3413e-02       7.8744e-03      -4.0613e-03      -2.0011e-06
 3.0000e+00       3.2800e+00       6.3047e-01       7.0010e-03       2.3105e-02       7.4974e-03      -3.9695e-03       4.4864e-06
 3.0000e+00       3.2800e+00       6.4047e-01       6.5441e-03       2.2804e-02       7.1329e-03      -3.8821e-03       1.0802e-05
 3.0000e+00       3.2800e+00       6.5047e-01       6.1173e-03       2.2508e-02       6.7808e-03      -3.7989e-03       1.6946e-05
 3.0000e+00       3.2800e+00       6.6047e-01       5.7188e-03       2.2219e-02       6.4404e-03      -3.7198e-03       2.2916e-05
 3.0000e+00       3.2800e+00       6.7047e-01       5.3467e-03       2.1936e-02       6.1115e-03      -3.6444e-03       2.8714e-05
 3.0000e+00       3.2800e+00       6.8047e-01       4.9992e-03       2.1658e-02       5.7937e-03      -3.5728e-03       3.4339e-05
 3.0000e+00       3.2800e+00       6.9047e-01       4.6748e-03       2.1386e-02       5.4866e-03      -3.5047e-03       3.9790e-05
 3.0000e+00       3.2800e+00       7.0047e-01       4.3721e-03       2.1119e-02       5.1899e-03      -3.4398e-03       4.5068e-05
 3.0000e+00       3.2800e+00       7.1047e-01       4.0896e-03       2.0857e-02       4.9032e-03      -3.3782e-03       5.0173e-05
 3.0000e+00       3.2800e+00       7.2047e-01       3.8260e-03       2.0600e-02       4.6262e-03      -3.3196e-03       5.5106e-05
 3.0000e+00       3.2800e+00       7.3047e-01       3.5802e-03       2.0347e-02       4.3586e-03      -3.2638e-03       5.9866e-05
 3.0000e+00       3.2800e+00       7.4047e-01       3.3511e-03       2.0099e-02       4.1000e-03      -3.2108e-03       6.4455e-05
 3.0000e+00       3.2800e+00       7.5047e-01       3.1376e-03       1.9855e-02       3.8503e-03      -3.1604e-03       6.8873e-05
 3.0000e+00       3.2800e+00       7.6047e-01       2.9386e-03       1.9616e-02       3.6090e-03      -3.1125e-03       7.3121e-05
 3.0000e+00       3.2800e+00       7.7047e-01       2.7534e-03       1.9380e-02       3.3760e-03      -3.0670e-03       7.7199e-05
 3.0000e+00       3.2800e+00       7.8047e-01       2.5810e-03       1.9148e-02       3.1510e-03      -3.0237e-03       8.1109e-05
 3.0000e+00       3.2800e+00       7.9047e-01       2.4207e-03       1.8921e-02       2.9337e-03      -2.9826e-03       8.4852e-05
 3.0000e+00       3.2800e+00       8.0047e-01       2.2716e-03       1.8696e-02       2.7238e-03      -2.9435e-03       8.8428e-05
 3.0000e+00       3.2800e+00       8.1047e-01       2.1331e-03       1.8476e-02       2.5212e-03      -2.9063e-03       9.1840e-05
 3.0000e+00       3.2800e+00       8.2047e-01       2.0046e-03       1.8259e-02       2.3255e-03      -2.8710e-03       9.5088e-05
 3.0000e+00       3.2800e+00       8.3047e-01       1.8854e-03       1.8045e-02       2.1367e-03      -2.8374e-03       9.8175e-05
 3.0000e+00       3.2800e+00       8.4047e-01       1.7749e-03       1.7835e-02       1.9544e-03      -2.8055e-03       1.0110e-04
 3.0000e+00       3.2800e+00       8.5047e-01       1.6726e-03       1.7627e-02       1.7784e-03      -2.7752e-03       1.0387e-04
 3.0000e+00       3.2800e+00       8.6047e-01       1.5780e-03       1.7423e-02       1.6086e-03      -2.7464e-03       1.0648e-04
 3.0000e+00       3.2800e+00       8.7047e-01       1.4906e-03       1.7222e-02       1.4447e-03      -2.7190e-03       1.0893e-04
 3.0000e+00       3.2800e+00       8.8047e-01       1.4100e-03       1.7024e-02       1.2866e-03      -2.6930e-03       1.1123e-04
 3.0000e+00       3.2800e+00       8.9047e-01       1.3357e-03       1.6829e-02       1.1341e-03      -2.6683e-03       1.1338e-04
 3.0000e+00       3.2800e+00       9.0047e-01       1.2673e-03       1.6637e-02       9.8692e-04      -2.6447e-03       1.1538e-04
 3.0000e+00       3.2800e+00       9.1047e-01       1.2045e-03       1.6447e-02       8.4501e-04      -2.6224e-03       1.1723e-04
 3.0000e+00       3.2800e+00       9.2047e-01       1.1469e-03       1.6260e-02       7.0816e-04      -2.6011e-03       1.1894e-04
 3.0000e+00       3.2800e+00       9.3047e-01       1.0943e-03       1.6076e-02       5.7620e-04      -2.5809e-03       1.2050e-04
 3.0000e+00       3.2800e+00       9.4047e-01       1.0462e-03       1.5894e-02       4.4899e-04      -2.5616e-03       1.2193e-04
 3.0000e+00       3.2800e+00       9.5047e-01       1.0023e-03       1.5715e-02       3.2638e-04      -2.5433e-03       1.2321e-04
 3.0000e+00       3.2800e+00       9.6047e-01       9.6256e-04       1.5538e-02       2.0821e-04      -2.5259e-03       1.2436e-04
 3.0000e+00       3.2800e+00       9.7047e-01       9.2653e-04       1.5364e-02       9.4341e-05      -2.5093e-03       1.2537e-04
 3.0000e+00       3.2800e+00       9.8047e-01       8.9402e-04       1.5192e-02      -1.5355e-05      -2.4935e-03       1.2625e-04
 3.0000e+00       3.2800e+00       9.9047e-01       8.6482e-04       1.5022e-02      -1.2101e-04      -2.4785e-03       1.2701e-04
 3.0000e+00       3.2800e+00       1.0005e+00       8.3869e-04       1.4855e-02      -2.2277e-04      -2.4641e-03       1.2764e-04
 3.0000e+00       3.2800e+00       1.0105e+00       8.1545e-04       1.4690e-02      -3.2074e-04      -2.4505e-03       1.2814e-04
 3.0000e+00       3.2800e+00       1.0205e+00       7.9489e-04       1.4527e-02      -4.1504e-04      -2.4374e-03       1.2852e-04
 3.0000e+00       3.2800e+00       1.0305e+00       7.7685e-04       1.4366e-02      -5.0580e-04      -2.4250e-03       1.2879e-04
 3.0000e+00       3.2800e+00       1.0405e+00       7.6116e-04       1.4208e-02      -5.9313e-04      -2.4131e-03       1.2893e-04
 3.0000e+00       3.2800e+00       1.0505e+00       7.4766e-04       1.4051e-02      -6.7713e-04      -2.4017e-03       1.2897e-04
 3.0000e+00       3.2800e+00       1.0605e+00       7.3620e-04       1.3897e-02      -7.5791e-04      -2.3908e-03       1.2890e-04
 3.0000e+00       3.2800e+00       1.0705e+00       7.2664e-04       1.3745e-02      -8.3558e-04      -2.3805e-03       1.2871e-04
 3.0000e+00       3.2800e+00       1.0805e+00       7.1886e-04       1.3594e-02      -9.1023e-04      -2.3705e-03       1.2843e-04
 3.0000e+00       3.2800e+00       1.0905e+00       7.1272e-04       1.3446e-02      -9.8197e-04      -2.3610e-03       1.2804e-04
 3.0000e+00       3.2800e+00       1.1005e+00       7.0810e-04       1.3299e-02      -1.0509e-03      -2.3518e-03       1.2755e-04
 3.0000e+00       3.2800e+00       1.1105e+00       7.0491e-04       1.3155e-02      -1.1170e-03      -2.3430e-03       1.2697e-04
 3.0000e+00       3.2800e+00       1.1205e+00       7.0304e-04       1.3012e-02      -1.1806e-03      -2.3346e-03       1.2629e-04
 3.0000e+00       3.2800e+00       1.1305e+00       7.0239e-04       1.2871e-02      -1.2415e-03      -2.3265e-03       1.2552e-04
 3.0000e+00       3.2800e+00       1.1405e+00       7.0287e-04       1.2732e-02      -1.3000e-03      -2.3187e-03       1.2467e-04
 3.0000e+00       3.2800e+00       1.1505e+00       7.0439e-04       1.2595e-02      -1.3561e-03      -2.3111e-03       1.2373e-04
 3.0000e+00       3.2800e+00       1.1605e+00       7.0687e-04       1.2459e-02      -1.4098e-03      -2.3039e-03       1.2271e-04
 3.0000e+00       3.2800e+00       1.1705e+00       7.1024e-04       1.2325e-02      -1.4614e-03      -2.2968e-03       1.2161e-04
 3.0000e+00       3.2800e+00       1.1805e+00       7.1443e-04       1.2193e-02      -1.5107e-03      -2.2900e-03       1.2043e-04
 3.0000e+00       3.2800e+00       1.1905e+00       7.1936e-04       1.2063e-02      -1.5579e-03      -2.2834e-03       1.1918e-04
 3.0000e+00       3.2800e+00       1.2005e+00       7.2497e-04       1.1934e-02      -1.6031e-03      -2.2770e-03       1.1786e-04
 3.0000e+00       3.2800e+00       1.2105e+00       7.3121e-04       1.1807e-02      -1.6463e-03      -2.2708e-03       1.1647e-04
 3.0000e+00       3.2800e+00       1.2205e+00       7.3802e-04       1.1681e-02      -1.6876e-03      -2.2648e-03       1.1502e-04
 3.0000e+00       3.2800e+00       1.2305e+00       7.4535e-04       1.1557e-02      -1.7271e-03      -2.2589e-03       1.1351e-04
 3.0000e+00       3.2800e+00       1.2405e+00       7.5314e-04       1.1435e-02      -1.7648e-03      -2.2532e-03       1.1193e-04
 3.0000e+00       3.2800e+00       1.2505e+00       7.6135e-04       1.1314e-02      -1.8007e-03      -2.2476e-03       1.1030e-04
 3.0000e+00       3.2800e+00       1.2605e+00       7.6994e-04       1.1195e-02      -1.8350e-03      -2.2421e-03       1.0862e-04
 3.0000e+00       3.2800e+00       1.2705e+00       7.7886e-04       1.1077e-02      -1.8676e-03      -2.2367e-03       1.0689e-04
 3.0000e+00       3.2800e+00       1.2805e+00       7.8808e-04       1.0961e-02      -1.8987e-03      -2.2315e-03       1.0510e-04
 3.0000e+00       3.2800e+00       1.2905e+00       7.9756e-04       1.0846e-02      -1.9283e-03      -2.2263e-03       1.0328e-04
 3.0000e+00       3.2800e+00       1.3005e+00       8.0727e-04       1.0733e-02      -1.9564e-03      -2.2212e-03       1.0141e-04
 3.0000e+00       3.2800e+00       1.3105e+00       8.1718e-04       1.0621e-02      -1.9831e-03      -2.2162e-03       9.9494e-05
 3.0000e+00       3.2800e+00       1.3205e+00       8.2725e-04       1.0510e-02      -2.0085e-03      -2.2113e-03       9.7545e-05
 3.0000e+00       3.2800e+00       1.3305e+00       8.3746e-04       1.0401e-02      -2.0325e-03      -2.2064e-03       9.5560e-05
 3.0000e+00       3.2800e+00       1.3405e+00       8.4778e-04       1.0293e-02      -2.0552e-03      -2.2016e-03       9.3543e-05
 3.0000e+00       3.2800e+00       1.3505e+00       8.5819e-04       1.0187e-02      -2.0767e-03      -2.1968e-03       9.1496e-05
 3.0000e+00       3.2800e+00       1.3605e+00       8.6866e-04       1.0082e-02      -2.0970e-03      -2.1921e-03       8.9421e-05
 3.0000e+00       3.2800e+00       1.3705e+00       8.7918e-04       9.9783e-03      -2.1162e-03      -2.1874e-03       8.7321e-05
 3.0000e+00       3.2800e+00       1.3805e+00       8.8973e-04       9.8759e-03      -2.1342e-03      -2.1827e-03       8.5198e-05
 3.0000e+00       3.2800e+00       1.3905e+00       9.0028e-04       9.7747e-03      -2.1512e-03      -2.1781e-03       8.3054e-05
 3.0000e+00       3.2800e+00       1.4005e+00       9.1082e-04       9.6749e-03      -2.1671e-03      -2.1735e-03       8.0891e-05
 3.0000e+00       3.2800e+00       1.4105e+00       9.2133e-04       9.5763e-03      -2.1820e-03      -2.1689e-03       7.8713e-05
 3.0000e+00       3.2800e+00       1.4205e+00       9.3180e-04       9.4789e-03      -2.1959e-03      -2.1643e-03       7.6520e-05
 3.0000e+00       3.2800e+00       1.4305e+00       9.4222e-04       9.3827e-03      -2.2089e-03      -2.1597e-03       7.4316e-05
 3.0000e+00       3.2800e+00       1.4405e+00       9.5256e-04       9.2878e-03      -2.2209e-03      -2.1552e-03       7.2102e-05
 3.0000e+00       3.2800e+00       1.4505e+00       9.6283e-04       9.1940e-03      -2.2321e-03      -2.1506e-03       6.9881e-05
 3.0000e+00       3.2800e+00       1.4605e+00       9.7300e-04       9.1015e-03      -2.2425e-03      -2.1461e-03       6.7653e-05
 3.0000e+00       3.2800e+00       1.4705e+00       9.8308e-04       9.0100e-03      -2.2520e-03      -2.1415e-03       6.5423e-05
 3.0000e+00       3.2800e+00       1.4805e+00       9.9304e-04       8.9198e-03      -2.2608e-03      -2.1369e-03       6.3190e-05
 3.0000e+00       3.2800e+00       1.4905e+00       1.0029e-03       8.8306e-03      -2.2687e-03      -2.1323e-03       6.0958e-05
 3.0000e+00       3.2800e+00       1.5005e+00       1.0126e-03       8.7426e-03      -2.2760e-03      -2.1277e-03       5.8728e-05
 3.0000e+00       3.2800e+00       1.5105e+00       1.0222e-03       8.6556e-03      -2.2825e-03      -2.1231e-03       5.6501e-05
 3.0000e+00       3.2800e+00       1.5205e+00       1.0316e-03       8.5698e-03      -2.2883e-03      -2.1185e-03       5.4280e-05
 3.0000e+00       3.2800e+00       1.5305e+00       1.0409e-03       8.4850e-03      -2.2935e-03      -2.1139e-03       5.2067e-05
 3.0000e+00       3.2800e+00       1.5405e+00       1.0501e-03       8.4013e-03      -2.2980e-03      -2.1092e-03       4.9862e-05
 3.0000e+00       3.2800e+00       1.5505e+00       1.0591e-03       8.3186e-03      -2.3019e-03      -2.1046e-03       4.7668e-05
 3.0000e+00       3.2800e+00       1.5605e+00       1.0679e-03       8.2370e-03      -2.3052e-03      -2.0999e-03       4.5486e-05
 3.0000e+00       3.2800e+00       1.5705e+00       1.0766e-03       8.1563e-03      -2.3080e-03      -2.0952e-03       4.3317e-05
 3.0000e+00       3.2800e+00       1.5805e+00       1.0850e-03       8.0767e-03      -2.3102e-03      -2.0904e-03       4.1164e-05
 3.0000e+00       3.2800e+00       1.5905e+00       1.0934e-03       7.9980e-03      -2.3118e-03      -2.0857e-03       3.9027e-05
 3.0000e+00       3.2800e+00       1.6005e+00       1.1015e-03       7.9203e-03      -2.3129e-03      -2.0809e-03       3.6907e-05
 3.0000e+00       3.2800e+00       1.6105e+00       1.1095e-03       7.8436e-03      -2.3136e-03      -2.0760e-03       3.4807e-05
 3.0000e+00       3.2800e+00       1.6205e+00       1.1173e-03       7.7678e-03      -2.3137e-03      -2.0712e-03       3.2727e-05
 3.0000e+00       3.2800e+00       1.6305e+00       1.1249e-03       7.6930e-03      -2.3134e-03      -2.0663e-03       3.0669e-05
 3.0000e+00       3.2800e+00       1.6405e+00       1.1323e-03       7.6191e-03      -2.3127e-03      -2.0614e-03       2.8633e-05
