 2.0000e+00       3.2800e+00       2.9456e-02       1.4326e+00       2.9588e-01       0.0000e+00       0.0000e+00       0.0000e+00
 2.0000e+00       3.2800e+00       3.9456e-02       1.2360e+00       2.5580e-01       1.3735e-01      -2.4361e-02      -3.5148e-04
 2.0000e+00       3.2800e+00       4.9456e-02       1.0657e+00       2.2732e-01       1.5019e-01      -3.8266e-02      -4.7559e-04
 2.0000e+00       3.2800e+00       5.9456e-02       9.2300e-01       2.0570e-01       1.4768e-01      -4.6346e-02      -5.5624e-04
 2.0000e+00       3.2800e+00       6.9456e-02       8.0391e-01       1.8852e-01       1.4078e-01      -5.0947e-02      -6.1257e-04
 2.0000e+00       3.2800e+00       7.9456e-02       7.0416e-01       1.7438e-01       1.3274e-01      -5.3363e-02      -6.5261e-04
 2.0000e+00       3.2800e+00       8.9456e-02       6.2004e-01       1.6246e-01       1.2469e-01      -5.4365e-02      -6.8076e-04
 2.0000e+00       3.2800e+00       9.9456e-02       5.4858e-01       1.5221e-01       1.1704e-01      -5.4429e-02      -6.9983e-04
 2.0000e+00       3.2800e+00       1.0946e-01       4.8743e-01       1.4326e-01       1.0993e-01      -5.3865e-02      -7.1176e-04
 2.0000e+00       3.2800e+00       1.1946e-01       4.3474e-01       1.3534e-01       1.0336e-01      -5.2880e-02      -7.1796e-04
 2.0000e+00       3.2800e+00       1.2946e-01       3.8906e-01       1.2828e-01       9.7313e-02      -5.1615e-02      -7.1949e-04
 2.0000e+00       3.2800e+00       1.3946e-01       3.4923e-01       1.2192e-01       9.1737e-02      -5.0169e-02      -7.1720e-04
 2.0000e+00       3.2800e+00       1.4946e-01       3.1432e-01       1.1615e-01       8.6589e-02      -4.8610e-02      -7.1176e-04
 2.0000e+00       3.2800e+00       1.5946e-01       2.8358e-01       1.1090e-01       8.1823e-02      -4.6990e-02      -7.0369e-04
 2.0000e+00       3.2800e+00       1.6946e-01       2.5639e-01       1.0608e-01       7.7400e-02      -4.5342e-02      -6.9346e-04
 2.0000e+00       3.2800e+00       1.7946e-01       2.3226e-01       1.0165e-01       7.3284e-02      -4.3693e-02      -6.8143e-04
 2.0000e+00       3.2800e+00       1.8946e-01       2.1077e-01       9.7560e-02       6.9443e-02      -4.2061e-02      -6.6791e-04
 2.0000e+00       3.2800e+00       1.9946e-01       1.9156e-01       9.3765e-02       6.5850e-02      -4.0459e-02      -6.5316e-04
 2.0000e+00       3.2800e+00       2.0946e-01       1.7435e-01       9.0237e-02       6.2481e-02      -3.8895e-02      -6.3740e-04
 2.0000e+00       3.2800e+00       2.1946e-01       1.5889e-01       8.6948e-02       5.9316e-02      -3.7378e-02      -6.2083e-04
 2.0000e+00       3.2800e+00       2.2946e-01       1.4496e-01       8.3873e-02       5.6337e-02      -3.5910e-02      -6.0360e-04
 2.0000e+00       3.2800e+00       2.3946e-01       1.3238e-01       8.0992e-02       5.3527e-02      -3.4494e-02      -5.8586e-04
 2.0000e+00       3.2800e+00       2.4946e-01       1.2101e-01       7.8288e-02       5.0872e-02      -3.3131e-02      -5.6772e-04
 2.0000e+00       3.2800e+00       2.5946e-01       1.1071e-01       7.5743e-02       4.8361e-02      -3.1822e-02      -5.4929e-04
 2.0000e+00       3.2800e+00       2.6946e-01       1.0136e-01       7.3345e-02       4.5982e-02      -3.0566e-02      -5.3066e-04
 2.0000e+00       3.2800e+00       2.7946e-01       9.2853e-02       7.1082e-02       4.3726e-02      -2.9364e-02      -5.1191e-04
 2.0000e+00       3.2800e+00       2.8946e-01       8.5113e-02       6.8941e-02       4.1584e-02      -2.8213e-02      -4.9309e-04
 2.0000e+00       3.2800e+00       2.9946e-01       7.8057e-02       6.6913e-02       3.9547e-02      -2.7112e-02      -4.7428e-04
 2.0000e+00       3.2800e+00       3.0946e-01       7.1617e-02       6.4990e-02       3.7610e-02      -2.6060e-02      -4.5551e-04
 2.0000e+00       3.2800e+00       3.1946e-01       6.5732e-02       6.3164e-02       3.5766e-02      -2.5056e-02      -4.3684e-04
 2.0000e+00       3.2800e+00       3.2946e-01       6.0351e-02       6.1427e-02       3.4008e-02      -2.4096e-02      -4.1831e-04
 2.0000e+00       3.2800e+00       3.3946e-01       5.5424e-02       5.9774e-02       3.2332e-02      -2.3181e-02      -3.9993e-04
 2.0000e+00       3.2800e+00       3.4946e-01       5.0909e-02       5.8197e-02       3.0733e-02      -2.2307e-02      -3.8175e-04
 2.0000e+00       3.2800e+00       3.5946e-01       4.6770e-02       5.6693e-02       2.9206e-02      -2.1473e-02      -3.6378e-04
 2.0000e+00       3.2800e+00       3.6946e-01       4.2971e-02       5.5255e-02       2.7748e-02      -2.0678e-02      -3.4606e-04
 2.0000e+00       3.2800e+00       3.7946e-01       3.9484e-02       5.3880e-02       2.6355e-02      -1.9919e-02      -3.2858e-04
 2.0000e+00       3.2800e+00       3.8946e-01       3.6280e-02       5.2563e-02       2.5022e-02      -1.9196e-02      -3.1138e-04
 2.0000e+00       3.2800e+00       3.9946e-01       3.3335e-02       5.1302e-02       2.3748e-02      -1.8506e-02      -2.9446e-04
 2.0000e+00       3.2800e+00       4.0946e-01       3.0627e-02       5.0091e-02       2.2528e-02      -1.7847e-02      -2.7784e-04
 2.0000e+00       3.2800e+00       4.1946e-01       2.8135e-02       4.8929e-02       2.1361e-02      -1.7219e-02      -2.6152e-04
 2.0000e+00       3.2800e+00       4.2946e-01       2.5843e-02       4.7813e-02       2.0244e-02      -1.6620e-02      -2.4551e-04
 2.0000e+00       3.2800e+00       4.3946e-01       2.3732e-02       4.6739e-02       1.9174e-02      -1.6049e-02      -2.2982e-04
 2.0000e+00       3.2800e+00       4.4946e-01       2.1789e-02       4.5705e-02       1.8149e-02      -1.5504e-02      -2.1445e-04
 2.0000e+00       3.2800e+00       4.5946e-01       2.0000e-02       4.4709e-02       1.7167e-02      -1.4984e-02      -1.9941e-04
 2.0000e+00       3.2800e+00       4.6946e-01       1.8353e-02       4.3749e-02       1.6226e-02      -1.4487e-02      -1.8469e-04
 2.0000e+00       3.2800e+00       4.7946e-01       1.6836e-02       4.2822e-02       1.5324e-02      -1.4014e-02      -1.7031e-04
 2.0000e+00       3.2800e+00       4.8946e-01       1.5438e-02       4.1928e-02       1.4460e-02      -1.3562e-02      -1.5627e-04
 2.0000e+00       3.2800e+00       4.9946e-01       1.4151e-02       4.1064e-02       1.3631e-02      -1.3130e-02      -1.4256e-04
 2.0000e+00       3.2800e+00       5.0946e-01       1.2966e-02       4.0229e-02       1.2836e-02      -1.2718e-02      -1.2918e-04
 2.0000e+00       3.2800e+00       5.1946e-01       1.1875e-02       3.9420e-02       1.2074e-02      -1.2324e-02      -1.1614e-04
 2.0000e+00       3.2800e+00       5.2946e-01       1.0871e-02       3.8638e-02       1.1344e-02      -1.1949e-02      -1.0343e-04
 2.0000e+00       3.2800e+00       5.3946e-01       9.9474e-03       3.7880e-02       1.0643e-02      -1.1590e-02      -9.1061e-05
 2.0000e+00       3.2800e+00       5.4946e-01       9.0976e-03       3.7146e-02       9.9706e-03      -1.1247e-02      -7.9021e-05
 2.0000e+00       3.2800e+00       5.5946e-01       8.3163e-03       3.6434e-02       9.3259e-03      -1.0919e-02      -6.7311e-05
 2.0000e+00       3.2800e+00       5.6946e-01       7.5983e-03       3.5743e-02       8.7076e-03      -1.0606e-02      -5.5931e-05
 2.0000e+00       3.2800e+00       5.7946e-01       6.9389e-03       3.5072e-02       8.1145e-03      -1.0307e-02      -4.4878e-05
 2.0000e+00       3.2800e+00       5.8946e-01       6.3337e-03       3.4421e-02       7.5456e-03      -1.0021e-02      -3.4150e-05
 2.0000e+00       3.2800e+00       5.9946e-01       5.7786e-03       3.3788e-02       7.0000e-03      -9.7470e-03      -2.3744e-05
 2.0000e+00       3.2800e+00       6.0946e-01       5.2700e-03       3.3172e-02       6.4767e-03      -9.4854e-03      -1.3658e-05
 2.0000e+00       3.2800e+00       6.1946e-01       4.8044e-03       3.2574e-02       5.9749e-03      -9.2351e-03      -3.8889e-06
 2.0000e+00       3.2800e+00       6.2946e-01       4.3785e-03       3.1991e-02       5.4936e-03      -8.9956e-03       5.5659e-06
 2.0000e+00       3.2800e+00       6.3946e-01       3.9896e-03       3.1424e-02       5.0320e-03      -8.7664e-03       1.4710e-05
 2.0000e+00       3.2800e+00       6.4946e-01       3.6348e-03       3.0872e-02       4.5895e-03      -8.5470e-03       2.3545e-05
 2.0000e+00       3.2800e+00       6.5946e-01       3.3116e-03       3.0334e-02       4.1652e-03      -8.3370e-03       3.2076e-05
 2.0000e+00       3.2800e+00       6.6946e-01       3.0177e-03       2.9809e-02       3.7584e-03      -8.1359e-03       4.0305e-05
 2.0000e+00       3.2800e+00       6.7946e-01       2.7510e-03       2.9298e-02       3.3684e-03      -7.9433e-03       4.8236e-05
 2.0000e+00       3.2800e+00       6.8946e-01       2.5094e-03       2.8799e-02       2.9947e-03      -7.7587e-03       5.5873e-05
 2.0000e+00       3.2800e+00       6.9946e-01       2.2910e-03       2.8312e-02       2.6365e-03      -7.5819e-03       6.3218e-05
 2.0000e+00       3.2800e+00       7.0946e-01       2.0942e-03       2.7837e-02       2.2933e-03      -7.4124e-03       7.0277e-05
 2.0000e+00       3.2800e+00       7.1946e-01       1.9174e-03       2.7373e-02       1.9645e-03      -7.2499e-03       7.7051e-05
 2.0000e+00       3.2800e+00       7.2946e-01       1.7590e-03       2.6920e-02       1.6495e-03      -7.0940e-03       8.3545e-05
 2.0000e+00       3.2800e+00       7.3946e-01       1.6177e-03       2.6477e-02       1.3479e-03      -6.9445e-03       8.9763e-05
 2.0000e+00       3.2800e+00       7.4946e-01       1.4922e-03       2.6044e-02       1.0591e-03      -6.8011e-03       9.5709e-05
 2.0000e+00       3.2800e+00       7.5946e-01       1.3813e-03       2.5622e-02       7.8263e-04      -6.6634e-03       1.0139e-04
 2.0000e+00       3.2800e+00       7.6946e-01       1.2839e-03       2.5208e-02       5.1802e-04      -6.5313e-03       1.0680e-04
 2.0000e+00       3.2800e+00       7.7946e-01       1.1990e-03       2.4803e-02       2.6483e-04      -6.4044e-03       1.1195e-04
 2.0000e+00       3.2800e+00       7.8946e-01       1.1256e-03       2.4408e-02       2.2631e-05      -6.2825e-03       1.1685e-04
 2.0000e+00       3.2800e+00       7.9946e-01       1.0628e-03       2.4020e-02      -2.0900e-04      -6.1653e-03       1.2149e-04
 2.0000e+00       3.2800e+00       8.0946e-01       1.0098e-03       2.3641e-02      -4.3045e-04      -6.0528e-03       1.2589e-04
 2.0000e+00       3.2800e+00       8.1946e-01       9.6590e-04       2.3270e-02      -6.4211e-04      -5.9445e-03       1.3004e-04
 2.0000e+00       3.2800e+00       8.2946e-01       9.3026e-04       2.2907e-02      -8.4435e-04      -5.8404e-03       1.3395e-04
 2.0000e+00       3.2800e+00       8.3946e-01       9.0226e-04       2.2551e-02      -1.0375e-03      -5.7403e-03       1.3762e-04
 2.0000e+00       3.2800e+00       8.4946e-01       8.8129e-04       2.2202e-02      -1.2219e-03      -5.6439e-03       1.4107e-04
 2.0000e+00       3.2800e+00       8.5946e-01       8.6677e-04       2.1860e-02      -1.3980e-03      -5.5511e-03       1.4429e-04
 2.0000e+00       3.2800e+00       8.6946e-01       8.5815e-04       2.1525e-02      -1.5659e-03      -5.4618e-03       1.4728e-04
 2.0000e+00       3.2800e+00       8.7946e-01       8.5495e-04       2.1197e-02      -1.7260e-03      -5.3757e-03       1.5006e-04
 2.0000e+00       3.2800e+00       8.8946e-01       8.5668e-04       2.0875e-02      -1.8787e-03      -5.2928e-03       1.5262e-04
 2.0000e+00       3.2800e+00       8.9946e-01       8.6293e-04       2.0560e-02      -2.0241e-03      -5.2128e-03       1.5497e-04
 2.0000e+00       3.2800e+00       9.0946e-01       8.7328e-04       2.0250e-02      -2.1626e-03      -5.1357e-03       1.5711e-04
 2.0000e+00       3.2800e+00       9.1946e-01       8.8736e-04       1.9947e-02      -2.2944e-03      -5.0612e-03       1.5906e-04
 2.0000e+00       3.2800e+00       9.2946e-01       9.0483e-04       1.9649e-02      -2.4198e-03      -4.9894e-03       1.6081e-04
 2.0000e+00       3.2800e+00       9.3946e-01       9.2535e-04       1.9357e-02      -2.5389e-03      -4.9201e-03       1.6236e-04
 2.0000e+00       3.2800e+00       9.4946e-01       9.4863e-04       1.9070e-02      -2.6522e-03      -4.8531e-03       1.6373e-04
 2.0000e+00       3.2800e+00       9.5946e-01       9.7439e-04       1.8789e-02      -2.7596e-03      -4.7884e-03       1.6491e-04
 2.0000e+00       3.2800e+00       9.6946e-01       1.0024e-03       1.8512e-02      -2.8616e-03      -4.7258e-03       1.6592e-04
 2.0000e+00       3.2800e+00       9.7946e-01       1.0323e-03       1.8241e-02      -2.9583e-03      -4.6653e-03       1.6675e-04
 2.0000e+00       3.2800e+00       9.8946e-01       1.0640e-03       1.7975e-02      -3.0498e-03      -4.6067e-03       1.6741e-04
 2.0000e+00       3.2800e+00       9.9946e-01       1.0972e-03       1.7714e-02      -3.1364e-03      -4.5500e-03       1.6790e-04
 2.0000e+00       3.2800e+00       1.0095e+00       1.1318e-03       1.7457e-02      -3.2183e-03      -4.4951e-03       1.6824e-04
 2.0000e+00       3.2800e+00       1.0195e+00       1.1675e-03       1.7205e-02      -3.2956e-03      -4.4419e-03       1.6841e-04
 2.0000e+00       3.2800e+00       1.0295e+00       1.2043e-03       1.6958e-02      -3.3686e-03      -4.3904e-03       1.6844e-04
 2.0000e+00       3.2800e+00       1.0395e+00       1.2419e-03       1.6715e-02      -3.4374e-03      -4.3404e-03       1.6831e-04
 2.0000e+00       3.2800e+00       1.0495e+00       1.2801e-03       1.6476e-02      -3.5021e-03      -4.2919e-03       1.6804e-04
 2.0000e+00       3.2800e+00       1.0595e+00       1.3190e-03       1.6241e-02      -3.5629e-03      -4.2449e-03       1.6763e-04
 2.0000e+00       3.2800e+00       1.0695e+00       1.3583e-03       1.6011e-02      -3.6199e-03      -4.1991e-03       1.6709e-04
 2.0000e+00       3.2800e+00       1.0795e+00       1.3979e-03       1.5784e-02      -3.6734e-03      -4.1547e-03       1.6642e-04
 2.0000e+00       3.2800e+00       1.0895e+00       1.4377e-03       1.5562e-02      -3.7234e-03      -4.1116e-03       1.6562e-04
 2.0000e+00       3.2800e+00       1.0995e+00       1.4777e-03       1.5343e-02      -3.7700e-03      -4.0696e-03       1.6469e-04
 2.0000e+00       3.2800e+00       1.1095e+00       1.5177e-03       1.5128e-02      -3.8135e-03      -4.0288e-03       1.6365e-04
 2.0000e+00       3.2800e+00       1.1195e+00       1.5577e-03       1.4917e-02      -3.8539e-03      -3.9890e-03       1.6250e-04
 2.0000e+00       3.2800e+00       1.1295e+00       1.5976e-03       1.4709e-02      -3.8913e-03      -3.9503e-03       1.6124e-04
 2.0000e+00       3.2800e+00       1.1395e+00       1.6372e-03       1.4505e-02      -3.9259e-03      -3.9126e-03       1.5987e-04
 2.0000e+00       3.2800e+00       1.1495e+00       1.6767e-03       1.4304e-02      -3.9578e-03      -3.8759e-03       1.5840e-04
 2.0000e+00       3.2800e+00       1.1595e+00       1.7158e-03       1.4107e-02      -3.9870e-03      -3.8400e-03       1.5683e-04
 2.0000e+00       3.2800e+00       1.1695e+00       1.7545e-03       1.3913e-02      -4.0138e-03      -3.8051e-03       1.5517e-04
 2.0000e+00       3.2800e+00       1.1795e+00       1.7929e-03       1.3722e-02      -4.0381e-03      -3.7709e-03       1.5342e-04
 2.0000e+00       3.2800e+00       1.1895e+00       1.8308e-03       1.3534e-02      -4.0601e-03      -3.7376e-03       1.5158e-04
 2.0000e+00       3.2800e+00       1.1995e+00       1.8682e-03       1.3350e-02      -4.0799e-03      -3.7050e-03       1.4967e-04
 2.0000e+00       3.2800e+00       1.2095e+00       1.9051e-03       1.3169e-02      -4.0975e-03      -3.6732e-03       1.4767e-04
 2.0000e+00       3.2800e+00       1.2195e+00       1.9414e-03       1.2990e-02      -4.1131e-03      -3.6420e-03       1.4561e-04
 2.0000e+00       3.2800e+00       1.2295e+00       1.9771e-03       1.2815e-02      -4.1267e-03      -3.6116e-03       1.4347e-04
 2.0000e+00       3.2800e+00       1.2395e+00       2.0123e-03       1.2642e-02      -4.1385e-03      -3.5818e-03       1.4126e-04
 2.0000e+00       3.2800e+00       1.2495e+00       2.0467e-03       1.2472e-02      -4.1484e-03      -3.5525e-03       1.3900e-04
 2.0000e+00       3.2800e+00       1.2595e+00       2.0806e-03       1.2306e-02      -4.1566e-03      -3.5239e-03       1.3667e-04
 2.0000e+00       3.2800e+00       1.2695e+00       2.1137e-03       1.2141e-02      -4.1632e-03      -3.4959e-03       1.3429e-04
 2.0000e+00       3.2800e+00       1.2795e+00       2.1462e-03       1.1980e-02      -4.1681e-03      -3.4684e-03       1.3186e-04
 2.0000e+00       3.2800e+00       1.2895e+00       2.1779e-03       1.1821e-02      -4.1715e-03      -3.4414e-03       1.2938e-04
 2.0000e+00       3.2800e+00       1.2995e+00       2.2090e-03       1.1665e-02      -4.1735e-03      -3.4149e-03       1.2686e-04
 2.0000e+00       3.2800e+00       1.3095e+00       2.2393e-03       1.1511e-02      -4.1741e-03      -3.3889e-03       1.2429e-04
 2.0000e+00       3.2800e+00       1.3195e+00       2.2689e-03       1.1360e-02      -4.1733e-03      -3.3634e-03       1.2169e-04
 2.0000e+00       3.2800e+00       1.3295e+00       2.2977e-03       1.1211e-02      -4.1713e-03      -3.3383e-03       1.1905e-04
 2.0000e+00       3.2800e+00       1.3395e+00       2.3258e-03       1.1064e-02      -4.1680e-03      -3.3136e-03       1.1638e-04
 2.0000e+00       3.2800e+00       1.3495e+00       2.3532e-03       1.0920e-02      -4.1636e-03      -3.2894e-03       1.1368e-04
 2.0000e+00       3.2800e+00       1.3595e+00       2.3798e-03       1.0778e-02      -4.1580e-03      -3.2655e-03       1.1095e-04
 2.0000e+00       3.2800e+00       1.3695e+00       2.4057e-03       1.0639e-02      -4.1514e-03      -3.2420e-03       1.0820e-04
 2.0000e+00       3.2800e+00       1.3795e+00       2.4308e-03       1.0502e-02      -4.1438e-03      -3.2189e-03       1.0543e-04
 2.0000e+00       3.2800e+00       1.3895e+00       2.4552e-03       1.0367e-02      -4.1352e-03      -3.1961e-03       1.0265e-04
 2.0000e+00       3.2800e+00       1.3995e+00       2.4788e-03       1.0234e-02      -4.1257e-03      -3.1737e-03       9.9847e-05
 2.0000e+00       3.2800e+00       1.4095e+00       2.5017e-03       1.0103e-02      -4.1152e-03      -3.1515e-03       9.7036e-05
 2.0000e+00       3.2800e+00       1.4195e+00       2.5238e-03       9.9741e-03      -4.1040e-03      -3.1297e-03       9.4216e-05
 2.0000e+00       3.2800e+00       1.4295e+00       2.5452e-03       9.8474e-03      -4.0919e-03      -3.1082e-03       9.1389e-05
 2.0000e+00       3.2800e+00       1.4395e+00       2.5659e-03       9.7227e-03      -4.0791e-03      -3.0870e-03       8.8559e-05
 2.0000e+00       3.2800e+00       1.4495e+00       2.5859e-03       9.5999e-03      -4.0656e-03      -3.0661e-03       8.5727e-05
 2.0000e+00       3.2800e+00       1.4595e+00       2.6051e-03       9.4791e-03      -4.0513e-03      -3.0454e-03       8.2897e-05
 2.0000e+00       3.2800e+00       1.4695e+00       2.6237e-03       9.3602e-03      -4.0364e-03      -3.0250e-03       8.0070e-05
 2.0000e+00       3.2800e+00       1.4795e+00       2.6415e-03       9.2432e-03      -4.0209e-03      -3.0049e-03       7.7248e-05
 2.0000e+00       3.2800e+00       1.4895e+00       2.6586e-03       9.1280e-03      -4.0048e-03      -2.9850e-03       7.4435e-05
 2.0000e+00       3.2800e+00       1.4995e+00       2.6751e-03       9.0146e-03      -3.9881e-03      -2.9653e-03       7.1631e-05
 2.0000e+00       3.2800e+00       1.5095e+00       2.6909e-03       8.9030e-03      -3.9709e-03      -2.9459e-03       6.8840e-05
 2.0000e+00       3.2800e+00       1.5195e+00       2.7060e-03       8.7931e-03      -3.9532e-03      -2.9267e-03       6.6062e-05
 2.0000e+00       3.2800e+00       1.5295e+00       2.7205e-03       8.6849e-03      -3.9350e-03      -2.9077e-03       6.3301e-05
 2.0000e+00       3.2800e+00       1.5395e+00       2.7343e-03       8.5784e-03      -3.9164e-03      -2.8889e-03       6.0557e-05
 2.0000e+00       3.2800e+00       1.5495e+00       2.7475e-03       8.4736e-03      -3.8974e-03      -2.8703e-03       5.7833e-05
 2.0000e+00       3.2800e+00       1.5595e+00       2.7601e-03       8.3704e-03      -3.8779e-03      -2.8519e-03       5.5130e-05
 2.0000e+00       3.2800e+00       1.5695e+00       2.7720e-03       8.2688e-03      -3.8581e-03      -2.8337e-03       5.2450e-05
 2.0000e+00       3.2800e+00       1.5795e+00       2.7833e-03       8.1687e-03      -3.8379e-03      -2.8156e-03       4.9795e-05
 2.0000e+00       3.2800e+00       1.5895e+00       2.7941e-03       8.0702e-03      -3.8174e-03      -2.7978e-03       4.7166e-05
 2.0000e+00       3.2800e+00       1.5995e+00       2.8042e-03       7.9732e-03      -3.7966e-03      -2.7801e-03       4.4565e-05
 2.0000e+00       3.2800e+00       1.6095e+00       2.8138e-03       7.8777e-03      -3.7755e-03      -2.7626e-03       4.1992e-05
 2.0000e+00       3.2800e+00       1.6195e+00       2.8228e-03       7.7836e-03      -3.7541e-03      -2.7453e-03       3.9451e-05
 2.0000e+00       3.2800e+00       1.6295e+00       2.8312e-03       7.6910e-03      -3.7324e-03      -2.7281e-03       3.6941e-05
 2.0000e+00       3.2800e+00       1.6395e+00       2.8391e-03       7.5998e-03      -3.7106e-03      -2.7111e-03       3.4463e-05
 2.0000e+00       3.2800e+00       1.6495e+00       2.8465e-03       7.5100e-03      -3.6885e-03      -2.6942e-03       3.2020e-05
