 7.5000e+00       2.8900e+00       4.0922e-01       3.6642e-02       5.2625e-03       0.0000e+00       0.0000e+00       0.0000e+00
 7.5000e+00       2.8900e+00       4.1922e-01       3.4981e-02       5.2544e-03       1.7393e-03      -1.3993e-05      -1.2052e-05
 7.5000e+00       2.8900e+00       4.2922e-01       3.3416e-02       5.2492e-03       2.3836e-03      -2.5342e-05      -1.6010e-05
 7.5000e+00       2.8900e+00       4.3922e-01       3.1941e-02       5.2467e-03       2.8299e-03      -3.4382e-05      -1.8373e-05
 7.5000e+00       2.8900e+00       4.4922e-01       3.0549e-02       5.2465e-03       3.1686e-03      -4.1414e-05      -1.9824e-05
 7.5000e+00       2.8900e+00       4.5922e-01       2.9234e-02       5.2483e-03       3.4362e-03      -4.6703e-05      -2.0646e-05
 7.5000e+00       2.8900e+00       4.6922e-01       2.7992e-02       5.2519e-03       3.6522e-03      -5.0484e-05      -2.0993e-05
 7.5000e+00       2.8900e+00       4.7922e-01       2.6816e-02       5.2572e-03       3.8285e-03      -5.2968e-05      -2.0961e-05
 7.5000e+00       2.8900e+00       4.8922e-01       2.5704e-02       5.2638e-03       3.9733e-03      -5.4339e-05      -2.0618e-05
 7.5000e+00       2.8900e+00       4.9922e-01       2.4650e-02       5.2717e-03       4.0922e-03      -5.4766e-05      -2.0012e-05
 7.5000e+00       2.8900e+00       5.0922e-01       2.3652e-02       5.2806e-03       4.1896e-03      -5.4394e-05      -1.9180e-05
 7.5000e+00       2.8900e+00       5.1922e-01       2.2705e-02       5.2904e-03       4.2689e-03      -5.3355e-05      -1.8151e-05
 7.5000e+00       2.8900e+00       5.2922e-01       2.1805e-02       5.3009e-03       4.3326e-03      -5.1766e-05      -1.6951e-05
 7.5000e+00       2.8900e+00       5.3922e-01       2.0952e-02       5.3121e-03       4.3829e-03      -4.9733e-05      -1.5597e-05
 7.5000e+00       2.8900e+00       5.4922e-01       2.0140e-02       5.3239e-03       4.4216e-03      -4.7346e-05      -1.4109e-05
 7.5000e+00       2.8900e+00       5.5922e-01       1.9369e-02       5.3361e-03       4.4502e-03      -4.4690e-05      -1.2499e-05
 7.5000e+00       2.8900e+00       5.6922e-01       1.8635e-02       5.3487e-03       4.4698e-03      -4.1837e-05      -1.0782e-05
 7.5000e+00       2.8900e+00       5.7922e-01       1.7937e-02       5.3615e-03       4.4816e-03      -3.8852e-05      -8.9671e-06
 7.5000e+00       2.8900e+00       5.8922e-01       1.7271e-02       5.3745e-03       4.4865e-03      -3.5794e-05      -7.0656e-06
 7.5000e+00       2.8900e+00       5.9922e-01       1.6637e-02       5.3877e-03       4.4852e-03      -3.2713e-05      -5.0864e-06
 7.5000e+00       2.8900e+00       6.0922e-01       1.6033e-02       5.4010e-03       4.4785e-03      -2.9654e-05      -3.0378e-06
 7.5000e+00       2.8900e+00       6.1922e-01       1.5457e-02       5.4142e-03       4.4669e-03      -2.6659e-05      -9.2742e-07
 7.5000e+00       2.8900e+00       6.2922e-01       1.4907e-02       5.4274e-03       4.4510e-03      -2.3760e-05       1.2377e-06
 7.5000e+00       2.8900e+00       6.3922e-01       1.4382e-02       5.4406e-03       4.4313e-03      -2.0991e-05       3.4509e-06
 7.5000e+00       2.8900e+00       6.4922e-01       1.3880e-02       5.4536e-03       4.4081e-03      -1.8376e-05       5.7061e-06
 7.5000e+00       2.8900e+00       6.5922e-01       1.3401e-02       5.4665e-03       4.3820e-03      -1.5940e-05       7.9973e-06
 7.5000e+00       2.8900e+00       6.6922e-01       1.2943e-02       5.4791e-03       4.3530e-03      -1.3704e-05       1.0319e-05
 7.5000e+00       2.8900e+00       6.7922e-01       1.2505e-02       5.4916e-03       4.3217e-03      -1.1683e-05       1.2667e-05
 7.5000e+00       2.8900e+00       6.8922e-01       1.2086e-02       5.5038e-03       4.2882e-03      -9.8935e-06       1.5034e-05
 7.5000e+00       2.8900e+00       6.9922e-01       1.1685e-02       5.5157e-03       4.2529e-03      -8.3475e-06       1.7418e-05
 7.5000e+00       2.8900e+00       7.0922e-01       1.1301e-02       5.5274e-03       4.2158e-03      -7.0553e-06       1.9812e-05
 7.5000e+00       2.8900e+00       7.1922e-01       1.0933e-02       5.5387e-03       4.1773e-03      -6.0257e-06       2.2214e-05
 7.5000e+00       2.8900e+00       7.2922e-01       1.0581e-02       5.5497e-03       4.1375e-03      -5.2653e-06       2.4618e-05
 7.5000e+00       2.8900e+00       7.3922e-01       1.0243e-02       5.5604e-03       4.0965e-03      -4.7794e-06       2.7020e-05
 7.5000e+00       2.8900e+00       7.4922e-01       9.9196e-03       5.5707e-03       4.0545e-03      -4.5720e-06       2.9417e-05
 7.5000e+00       2.8900e+00       7.5922e-01       9.6090e-03       5.5806e-03       4.0117e-03      -4.6461e-06       3.1805e-05
 7.5000e+00       2.8900e+00       7.6922e-01       9.3110e-03       5.5902e-03       3.9681e-03      -5.0029e-06       3.4180e-05
 7.5000e+00       2.8900e+00       7.7922e-01       9.0251e-03       5.5993e-03       3.9239e-03      -5.6431e-06       3.6538e-05
 7.5000e+00       2.8900e+00       7.8922e-01       8.7505e-03       5.6081e-03       3.8792e-03      -6.5666e-06       3.8877e-05
 7.5000e+00       2.8900e+00       7.9922e-01       8.4868e-03       5.6165e-03       3.8341e-03      -7.7723e-06       4.1193e-05
 7.5000e+00       2.8900e+00       8.0922e-01       8.2335e-03       5.6245e-03       3.7886e-03      -9.2585e-06       4.3483e-05
 7.5000e+00       2.8900e+00       8.1922e-01       7.9901e-03       5.6321e-03       3.7428e-03      -1.1023e-05       4.5744e-05
 7.5000e+00       2.8900e+00       8.2922e-01       7.7561e-03       5.6393e-03       3.6969e-03      -1.3062e-05       4.7973e-05
 7.5000e+00       2.8900e+00       8.3922e-01       7.5311e-03       5.6461e-03       3.6508e-03      -1.5374e-05       5.0166e-05
 7.5000e+00       2.8900e+00       8.4922e-01       7.3148e-03       5.6525e-03       3.6046e-03      -1.7953e-05       5.2322e-05
 7.5000e+00       2.8900e+00       8.5922e-01       7.1066e-03       5.6585e-03       3.5585e-03      -2.0796e-05       5.4438e-05
 7.5000e+00       2.8900e+00       8.6922e-01       6.9063e-03       5.6640e-03       3.5123e-03      -2.3898e-05       5.6511e-05
 7.5000e+00       2.8900e+00       8.7922e-01       6.7135e-03       5.6692e-03       3.4662e-03      -2.7255e-05       5.8538e-05
 7.5000e+00       2.8900e+00       8.8922e-01       6.5279e-03       5.6740e-03       3.4202e-03      -3.0861e-05       6.0518e-05
 7.5000e+00       2.8900e+00       8.9922e-01       6.3492e-03       5.6785e-03       3.3744e-03      -3.4712e-05       6.2449e-05
 7.5000e+00       2.8900e+00       9.0922e-01       6.1770e-03       5.6825e-03       3.3288e-03      -3.8801e-05       6.4327e-05
 7.5000e+00       2.8900e+00       9.1922e-01       6.0111e-03       5.6861e-03       3.2834e-03      -4.3123e-05       6.6152e-05
 7.5000e+00       2.8900e+00       9.2922e-01       5.8512e-03       5.6894e-03       3.2382e-03      -4.7672e-05       6.7921e-05
 7.5000e+00       2.8900e+00       9.3922e-01       5.6970e-03       5.6923e-03       3.1933e-03      -5.2444e-05       6.9632e-05
 7.5000e+00       2.8900e+00       9.4922e-01       5.5484e-03       5.6949e-03       3.1486e-03      -5.7431e-05       7.1284e-05
 7.5000e+00       2.8900e+00       9.5922e-01       5.4051e-03       5.6971e-03       3.1043e-03      -6.2628e-05       7.2875e-05
 7.5000e+00       2.8900e+00       9.6922e-01       5.2668e-03       5.6990e-03       3.0603e-03      -6.8029e-05       7.4404e-05
 7.5000e+00       2.8900e+00       9.7922e-01       5.1334e-03       5.7005e-03       3.0167e-03      -7.3628e-05       7.5870e-05
 7.5000e+00       2.8900e+00       9.8922e-01       5.0047e-03       5.7017e-03       2.9734e-03      -7.9419e-05       7.7270e-05
 7.5000e+00       2.8900e+00       9.9922e-01       4.8804e-03       5.7026e-03       2.9305e-03      -8.5397e-05       7.8604e-05
 7.5000e+00       2.8900e+00       1.0092e+00       4.7605e-03       5.7031e-03       2.8880e-03      -9.1555e-05       7.9870e-05
 7.5000e+00       2.8900e+00       1.0192e+00       4.6446e-03       5.7034e-03       2.8458e-03      -9.7888e-05       8.1069e-05
 7.5000e+00       2.8900e+00       1.0292e+00       4.5327e-03       5.7033e-03       2.8041e-03      -1.0439e-04       8.2198e-05
 7.5000e+00       2.8900e+00       1.0392e+00       4.4246e-03       5.7030e-03       2.7628e-03      -1.1105e-04       8.3256e-05
 7.5000e+00       2.8900e+00       1.0492e+00       4.3202e-03       5.7024e-03       2.7219e-03      -1.1788e-04       8.4244e-05
 7.5000e+00       2.8900e+00       1.0592e+00       4.2192e-03       5.7015e-03       2.6814e-03      -1.2485e-04       8.5161e-05
 7.5000e+00       2.8900e+00       1.0692e+00       4.1216e-03       5.7003e-03       2.6414e-03      -1.3197e-04       8.6005e-05
 7.5000e+00       2.8900e+00       1.0792e+00       4.0273e-03       5.6989e-03       2.6018e-03      -1.3923e-04       8.6777e-05
 7.5000e+00       2.8900e+00       1.0892e+00       3.9361e-03       5.6973e-03       2.5626e-03      -1.4663e-04       8.7477e-05
 7.5000e+00       2.8900e+00       1.0992e+00       3.8478e-03       5.6954e-03       2.5239e-03      -1.5415e-04       8.8103e-05
 7.5000e+00       2.8900e+00       1.1092e+00       3.7625e-03       5.6933e-03       2.4856e-03      -1.6180e-04       8.8655e-05
 7.5000e+00       2.8900e+00       1.1192e+00       3.6799e-03       5.6910e-03       2.4477e-03      -1.6958e-04       8.9135e-05
 7.5000e+00       2.8900e+00       1.1292e+00       3.6000e-03       5.6884e-03       2.4103e-03      -1.7746e-04       8.9541e-05
 7.5000e+00       2.8900e+00       1.1392e+00       3.5226e-03       5.6857e-03       2.3734e-03      -1.8546e-04       8.9873e-05
 7.5000e+00       2.8900e+00       1.1492e+00       3.4478e-03       5.6827e-03       2.3368e-03      -1.9356e-04       9.0132e-05
 7.5000e+00       2.8900e+00       1.1592e+00       3.3753e-03       5.6796e-03       2.3008e-03      -2.0177e-04       9.0319e-05
 7.5000e+00       2.8900e+00       1.1692e+00       3.3051e-03       5.6763e-03       2.2651e-03      -2.1007e-04       9.0432e-05
 7.5000e+00       2.8900e+00       1.1792e+00       3.2371e-03       5.6728e-03       2.2299e-03      -2.1846e-04       9.0473e-05
 7.5000e+00       2.8900e+00       1.1892e+00       3.1712e-03       5.6692e-03       2.1952e-03      -2.2694e-04       9.0443e-05
 7.5000e+00       2.8900e+00       1.1992e+00       3.1074e-03       5.6654e-03       2.1608e-03      -2.3550e-04       9.0340e-05
 7.5000e+00       2.8900e+00       1.2092e+00       3.0456e-03       5.6615e-03       2.1269e-03      -2.4414e-04       9.0167e-05
 7.5000e+00       2.8900e+00       1.2192e+00       2.9856e-03       5.6574e-03       2.0935e-03      -2.5286e-04       8.9924e-05
 7.5000e+00       2.8900e+00       1.2292e+00       2.9275e-03       5.6532e-03       2.0604e-03      -2.6164e-04       8.9611e-05
 7.5000e+00       2.8900e+00       1.2392e+00       2.8712e-03       5.6489e-03       2.0278e-03      -2.7050e-04       8.9230e-05
 7.5000e+00       2.8900e+00       1.2492e+00       2.8166e-03       5.6445e-03       1.9956e-03      -2.7942e-04       8.8781e-05
 7.5000e+00       2.8900e+00       1.2592e+00       2.7636e-03       5.6400e-03       1.9638e-03      -2.8840e-04       8.8264e-05
 7.5000e+00       2.8900e+00       1.2692e+00       2.7122e-03       5.6353e-03       1.9325e-03      -2.9743e-04       8.7682e-05
 7.5000e+00       2.8900e+00       1.2792e+00       2.6624e-03       5.6306e-03       1.9015e-03      -3.0652e-04       8.7035e-05
 7.5000e+00       2.8900e+00       1.2892e+00       2.6140e-03       5.6258e-03       1.8709e-03      -3.1566e-04       8.6324e-05
 7.5000e+00       2.8900e+00       1.2992e+00       2.5671e-03       5.6209e-03       1.8408e-03      -3.2485e-04       8.5550e-05
 7.5000e+00       2.8900e+00       1.3092e+00       2.5215e-03       5.6159e-03       1.8110e-03      -3.3408e-04       8.4714e-05
 7.5000e+00       2.8900e+00       1.3192e+00       2.4773e-03       5.6109e-03       1.7816e-03      -3.4335e-04       8.3818e-05
 7.5000e+00       2.8900e+00       1.3292e+00       2.4344e-03       5.6058e-03       1.7526e-03      -3.5265e-04       8.2863e-05
 7.5000e+00       2.8900e+00       1.3392e+00       2.3927e-03       5.6007e-03       1.7240e-03      -3.6200e-04       8.1849e-05
 7.5000e+00       2.8900e+00       1.3492e+00       2.3522e-03       5.5955e-03       1.6958e-03      -3.7137e-04       8.0780e-05
 7.5000e+00       2.8900e+00       1.3592e+00       2.3129e-03       5.5902e-03       1.6679e-03      -3.8078e-04       7.9655e-05
 7.5000e+00       2.8900e+00       1.3692e+00       2.2747e-03       5.5850e-03       1.6405e-03      -3.9021e-04       7.8476e-05
 7.5000e+00       2.8900e+00       1.3792e+00       2.2376e-03       5.5796e-03       1.6133e-03      -3.9966e-04       7.7246e-05
 7.5000e+00       2.8900e+00       1.3892e+00       2.2015e-03       5.5743e-03       1.5865e-03      -4.0914e-04       7.5964e-05
 7.5000e+00       2.8900e+00       1.3992e+00       2.1664e-03       5.5689e-03       1.5601e-03      -4.1864e-04       7.4633e-05
 7.5000e+00       2.8900e+00       1.4092e+00       2.1323e-03       5.5636e-03       1.5341e-03      -4.2815e-04       7.3254e-05
 7.5000e+00       2.8900e+00       1.4192e+00       2.0992e-03       5.5582e-03       1.5083e-03      -4.3768e-04       7.1830e-05
 7.5000e+00       2.8900e+00       1.4292e+00       2.0670e-03       5.5528e-03       1.4829e-03      -4.4722e-04       7.0360e-05
 7.5000e+00       2.8900e+00       1.4392e+00       2.0356e-03       5.5473e-03       1.4579e-03      -4.5678e-04       6.8848e-05
 7.5000e+00       2.8900e+00       1.4492e+00       2.0051e-03       5.5419e-03       1.4332e-03      -4.6634e-04       6.7294e-05
 7.5000e+00       2.8900e+00       1.4592e+00       1.9755e-03       5.5365e-03       1.4087e-03      -4.7591e-04       6.5701e-05
 7.5000e+00       2.8900e+00       1.4692e+00       1.9466e-03       5.5311e-03       1.3847e-03      -4.8549e-04       6.4070e-05
 7.5000e+00       2.8900e+00       1.4792e+00       1.9186e-03       5.5257e-03       1.3609e-03      -4.9506e-04       6.2402e-05
 7.5000e+00       2.8900e+00       1.4892e+00       1.8912e-03       5.5203e-03       1.3374e-03      -5.0464e-04       6.0700e-05
 7.5000e+00       2.8900e+00       1.4992e+00       1.8646e-03       5.5149e-03       1.3143e-03      -5.1423e-04       5.8965e-05
 7.5000e+00       2.8900e+00       1.5092e+00       1.8387e-03       5.5096e-03       1.2914e-03      -5.2380e-04       5.7199e-05
 7.5000e+00       2.8900e+00       1.5192e+00       1.8135e-03       5.5043e-03       1.2689e-03      -5.3338e-04       5.5404e-05
 7.5000e+00       2.8900e+00       1.5292e+00       1.7890e-03       5.4989e-03       1.2466e-03      -5.4295e-04       5.3580e-05
 7.5000e+00       2.8900e+00       1.5392e+00       1.7650e-03       5.4937e-03       1.2246e-03      -5.5252e-04       5.1731e-05
 7.5000e+00       2.8900e+00       1.5492e+00       1.7417e-03       5.4884e-03       1.2029e-03      -5.6208e-04       4.9858e-05
 7.5000e+00       2.8900e+00       1.5592e+00       1.7190e-03       5.4832e-03       1.1815e-03      -5.7163e-04       4.7962e-05
 7.5000e+00       2.8900e+00       1.5692e+00       1.6969e-03       5.4780e-03       1.1604e-03      -5.8117e-04       4.6046e-05
 7.5000e+00       2.8900e+00       1.5792e+00       1.6753e-03       5.4728e-03       1.1395e-03      -5.9070e-04       4.4111e-05
 7.5000e+00       2.8900e+00       1.5892e+00       1.6543e-03       5.4677e-03       1.1189e-03      -6.0022e-04       4.2158e-05
 7.5000e+00       2.8900e+00       1.5992e+00       1.6338e-03       5.4626e-03       1.0986e-03      -6.0972e-04       4.0190e-05
 7.5000e+00       2.8900e+00       1.6092e+00       1.6138e-03       5.4575e-03       1.0785e-03      -6.1921e-04       3.8209e-05
 7.5000e+00       2.8900e+00       1.6192e+00       1.5944e-03       5.4525e-03       1.0587e-03      -6.2869e-04       3.6215e-05
 7.5000e+00       2.8900e+00       1.6292e+00       1.5754e-03       5.4475e-03       1.0391e-03      -6.3814e-04       3.4211e-05
 7.5000e+00       2.8900e+00       1.6392e+00       1.5568e-03       5.4426e-03       1.0198e-03      -6.4758e-04       3.2198e-05
 7.5000e+00       2.8900e+00       1.6492e+00       1.5387e-03       5.4377e-03       1.0007e-03      -6.5701e-04       3.0179e-05
