 6.5000e+00       3.2800e+00       2.1855e-01       6.9053e-02       7.8228e-03       0.0000e+00       0.0000e+00       0.0000e+00
 6.5000e+00       3.2800e+00       2.2855e-01       6.4237e-02       7.5811e-03       3.1451e-03      -9.6559e-05      -1.9950e-05
 6.5000e+00       3.2800e+00       2.3855e-01       5.9846e-02       7.3666e-03       4.2218e-03      -1.7418e-04      -2.6866e-05
 6.5000e+00       3.2800e+00       2.4855e-01       5.5835e-02       7.1756e-03       4.9145e-03      -2.3599e-04      -3.1327e-05
 6.5000e+00       3.2800e+00       2.5855e-01       5.2160e-02       7.0050e-03       5.4005e-03      -2.8457e-04      -3.4433e-05
 6.5000e+00       3.2800e+00       2.6855e-01       4.8788e-02       6.8522e-03       5.7527e-03      -3.2207e-04      -3.6635e-05
 6.5000e+00       3.2800e+00       2.7855e-01       4.5687e-02       6.7150e-03       6.0102e-03      -3.5028e-04      -3.8178e-05
 6.5000e+00       3.2800e+00       2.8855e-01       4.2831e-02       6.5915e-03       6.1974e-03      -3.7070e-04      -3.9213e-05
 6.5000e+00       3.2800e+00       2.9855e-01       4.0194e-02       6.4800e-03       6.3304e-03      -3.8461e-04      -3.9846e-05
 6.5000e+00       3.2800e+00       3.0855e-01       3.7757e-02       6.3792e-03       6.4207e-03      -3.9306e-04      -4.0149e-05
 6.5000e+00       3.2800e+00       3.1855e-01       3.5501e-02       6.2878e-03       6.4768e-03      -3.9696e-04      -4.0179e-05
 6.5000e+00       3.2800e+00       3.2855e-01       3.3410e-02       6.2048e-03       6.5052e-03      -3.9707e-04      -3.9980e-05
 6.5000e+00       3.2800e+00       3.3855e-01       3.1468e-02       6.1292e-03       6.5108e-03      -3.9406e-04      -3.9585e-05
 6.5000e+00       3.2800e+00       3.4855e-01       2.9663e-02       6.0602e-03       6.4977e-03      -3.8847e-04      -3.9023e-05
 6.5000e+00       3.2800e+00       3.5855e-01       2.7983e-02       5.9972e-03       6.4690e-03      -3.8078e-04      -3.8316e-05
 6.5000e+00       3.2800e+00       3.6855e-01       2.6418e-02       5.9394e-03       6.4273e-03      -3.7139e-04      -3.7483e-05
 6.5000e+00       3.2800e+00       3.7855e-01       2.4958e-02       5.8864e-03       6.3748e-03      -3.6066e-04      -3.6541e-05
 6.5000e+00       3.2800e+00       3.8855e-01       2.3595e-02       5.8376e-03       6.3132e-03      -3.4888e-04      -3.5503e-05
 6.5000e+00       3.2800e+00       3.9855e-01       2.2320e-02       5.7926e-03       6.2441e-03      -3.3630e-04      -3.4380e-05
 6.5000e+00       3.2800e+00       4.0855e-01       2.1127e-02       5.7511e-03       6.1688e-03      -3.2314e-04      -3.3183e-05
 6.5000e+00       3.2800e+00       4.1855e-01       2.0011e-02       5.7126e-03       6.0882e-03      -3.0959e-04      -3.1920e-05
 6.5000e+00       3.2800e+00       4.2855e-01       1.8964e-02       5.6768e-03       6.0032e-03      -2.9581e-04      -3.0600e-05
 6.5000e+00       3.2800e+00       4.3855e-01       1.7982e-02       5.6436e-03       5.9148e-03      -2.8193e-04      -2.9228e-05
 6.5000e+00       3.2800e+00       4.4855e-01       1.7060e-02       5.6125e-03       5.8235e-03      -2.6807e-04      -2.7812e-05
 6.5000e+00       3.2800e+00       4.5855e-01       1.6193e-02       5.5835e-03       5.7299e-03      -2.5432e-04      -2.6357e-05
 6.5000e+00       3.2800e+00       4.6855e-01       1.5379e-02       5.5562e-03       5.6345e-03      -2.4078e-04      -2.4867e-05
 6.5000e+00       3.2800e+00       4.7855e-01       1.4612e-02       5.5305e-03       5.5378e-03      -2.2750e-04      -2.3348e-05
 6.5000e+00       3.2800e+00       4.8855e-01       1.3891e-02       5.5063e-03       5.4401e-03      -2.1456e-04      -2.1803e-05
 6.5000e+00       3.2800e+00       4.9855e-01       1.3211e-02       5.4834e-03       5.3418e-03      -2.0199e-04      -2.0236e-05
 6.5000e+00       3.2800e+00       5.0855e-01       1.2569e-02       5.4616e-03       5.2431e-03      -1.8984e-04      -1.8650e-05
 6.5000e+00       3.2800e+00       5.1855e-01       1.1965e-02       5.4409e-03       5.1443e-03      -1.7814e-04      -1.7049e-05
 6.5000e+00       3.2800e+00       5.2855e-01       1.1394e-02       5.4210e-03       5.0455e-03      -1.6691e-04      -1.5437e-05
 6.5000e+00       3.2800e+00       5.3855e-01       1.0854e-02       5.4020e-03       4.9471e-03      -1.5618e-04      -1.3814e-05
 6.5000e+00       3.2800e+00       5.4855e-01       1.0345e-02       5.3837e-03       4.8491e-03      -1.4596e-04      -1.2186e-05
 6.5000e+00       3.2800e+00       5.5855e-01       9.8628e-03       5.3661e-03       4.7517e-03      -1.3626e-04      -1.0553e-05
 6.5000e+00       3.2800e+00       5.6855e-01       9.4070e-03       5.3490e-03       4.6551e-03      -1.2709e-04      -8.9183e-06
 6.5000e+00       3.2800e+00       5.7855e-01       8.9756e-03       5.3324e-03       4.5592e-03      -1.1846e-04      -7.2845e-06
 6.5000e+00       3.2800e+00       5.8855e-01       8.5670e-03       5.3162e-03       4.4643e-03      -1.1036e-04      -5.6536e-06
 6.5000e+00       3.2800e+00       5.9855e-01       8.1800e-03       5.3003e-03       4.3704e-03      -1.0279e-04      -4.0276e-06
 6.5000e+00       3.2800e+00       6.0855e-01       7.8132e-03       5.2848e-03       4.2776e-03      -9.5752e-05      -2.4085e-06
 6.5000e+00       3.2800e+00       6.1855e-01       7.4654e-03       5.2696e-03       4.1859e-03      -8.9239e-05      -7.9827e-07
 6.5000e+00       3.2800e+00       6.2855e-01       7.1355e-03       5.2546e-03       4.0954e-03      -8.3242e-05       8.0121e-07
 6.5000e+00       3.2800e+00       6.3855e-01       6.8224e-03       5.2397e-03       4.0061e-03      -7.7757e-05       2.3882e-06
 6.5000e+00       3.2800e+00       6.4855e-01       6.5251e-03       5.2251e-03       3.9180e-03      -7.2772e-05       3.9609e-06
 6.5000e+00       3.2800e+00       6.5855e-01       6.2428e-03       5.2105e-03       3.8313e-03      -6.8278e-05       5.5178e-06
 6.5000e+00       3.2800e+00       6.6855e-01       5.9746e-03       5.1960e-03       3.7458e-03      -6.4263e-05       7.0573e-06
 6.5000e+00       3.2800e+00       6.7855e-01       5.7197e-03       5.1816e-03       3.6617e-03      -6.0717e-05       8.5777e-06
 6.5000e+00       3.2800e+00       6.8855e-01       5.4774e-03       5.1672e-03       3.5790e-03      -5.7627e-05       1.0078e-05
 6.5000e+00       3.2800e+00       6.9855e-01       5.2469e-03       5.1528e-03       3.4975e-03      -5.4982e-05       1.1556e-05
 6.5000e+00       3.2800e+00       7.0855e-01       5.0275e-03       5.1385e-03       3.4175e-03      -5.2767e-05       1.3011e-05
 6.5000e+00       3.2800e+00       7.1855e-01       4.8188e-03       5.1241e-03       3.3388e-03      -5.0971e-05       1.4441e-05
 6.5000e+00       3.2800e+00       7.2855e-01       4.6201e-03       5.1096e-03       3.2615e-03      -4.9581e-05       1.5846e-05
 6.5000e+00       3.2800e+00       7.3855e-01       4.4309e-03       5.0951e-03       3.1855e-03      -4.8582e-05       1.7223e-05
 6.5000e+00       3.2800e+00       7.4855e-01       4.2507e-03       5.0806e-03       3.1109e-03      -4.7962e-05       1.8573e-05
 6.5000e+00       3.2800e+00       7.5855e-01       4.0789e-03       5.0660e-03       3.0376e-03      -4.7707e-05       1.9894e-05
 6.5000e+00       3.2800e+00       7.6855e-01       3.9152e-03       5.0513e-03       2.9657e-03      -4.7806e-05       2.1184e-05
 6.5000e+00       3.2800e+00       7.7855e-01       3.7591e-03       5.0365e-03       2.8951e-03      -4.8243e-05       2.2443e-05
 6.5000e+00       3.2800e+00       7.8855e-01       3.6103e-03       5.0216e-03       2.8259e-03      -4.9007e-05       2.3670e-05
 6.5000e+00       3.2800e+00       7.9855e-01       3.4683e-03       5.0066e-03       2.7579e-03      -5.0084e-05       2.4864e-05
 6.5000e+00       3.2800e+00       8.0855e-01       3.3328e-03       4.9915e-03       2.6912e-03      -5.1463e-05       2.6024e-05
 6.5000e+00       3.2800e+00       8.1855e-01       3.2036e-03       4.9763e-03       2.6259e-03      -5.3130e-05       2.7150e-05
 6.5000e+00       3.2800e+00       8.2855e-01       3.0801e-03       4.9610e-03       2.5618e-03      -5.5073e-05       2.8241e-05
 6.5000e+00       3.2800e+00       8.3855e-01       2.9623e-03       4.9455e-03       2.4989e-03      -5.7281e-05       2.9296e-05
 6.5000e+00       3.2800e+00       8.4855e-01       2.8497e-03       4.9300e-03       2.4373e-03      -5.9742e-05       3.0314e-05
 6.5000e+00       3.2800e+00       8.5855e-01       2.7422e-03       4.9143e-03       2.3769e-03      -6.2444e-05       3.1295e-05
 6.5000e+00       3.2800e+00       8.6855e-01       2.6395e-03       4.8985e-03       2.3177e-03      -6.5376e-05       3.2239e-05
 6.5000e+00       3.2800e+00       8.7855e-01       2.5413e-03       4.8826e-03       2.2597e-03      -6.8526e-05       3.3145e-05
 6.5000e+00       3.2800e+00       8.8855e-01       2.4475e-03       4.8666e-03       2.2029e-03      -7.1886e-05       3.4013e-05
 6.5000e+00       3.2800e+00       8.9855e-01       2.3577e-03       4.8504e-03       2.1472e-03      -7.5443e-05       3.4841e-05
 6.5000e+00       3.2800e+00       9.0855e-01       2.2719e-03       4.8342e-03       2.0926e-03      -7.9188e-05       3.5631e-05
 6.5000e+00       3.2800e+00       9.1855e-01       2.1899e-03       4.8178e-03       2.0392e-03      -8.3112e-05       3.6382e-05
 6.5000e+00       3.2800e+00       9.2855e-01       2.1113e-03       4.8013e-03       1.9869e-03      -8.7203e-05       3.7093e-05
 6.5000e+00       3.2800e+00       9.3855e-01       2.0362e-03       4.7847e-03       1.9356e-03      -9.1454e-05       3.7765e-05
 6.5000e+00       3.2800e+00       9.4855e-01       1.9643e-03       4.7680e-03       1.8854e-03      -9.5856e-05       3.8397e-05
 6.5000e+00       3.2800e+00       9.5855e-01       1.8955e-03       4.7512e-03       1.8362e-03      -1.0040e-04       3.8989e-05
 6.5000e+00       3.2800e+00       9.6855e-01       1.8297e-03       4.7343e-03       1.7880e-03      -1.0507e-04       3.9541e-05
 6.5000e+00       3.2800e+00       9.7855e-01       1.7666e-03       4.7174e-03       1.7409e-03      -1.0987e-04       4.0054e-05
 6.5000e+00       3.2800e+00       9.8855e-01       1.7062e-03       4.7003e-03       1.6947e-03      -1.1479e-04       4.0527e-05
 6.5000e+00       3.2800e+00       9.9855e-01       1.6483e-03       4.6831e-03       1.6495e-03      -1.1982e-04       4.0961e-05
 6.5000e+00       3.2800e+00       1.0085e+00       1.5929e-03       4.6658e-03       1.6053e-03      -1.2495e-04       4.1355e-05
 6.5000e+00       3.2800e+00       1.0185e+00       1.5398e-03       4.6485e-03       1.5619e-03      -1.3017e-04       4.1710e-05
 6.5000e+00       3.2800e+00       1.0285e+00       1.4889e-03       4.6311e-03       1.5195e-03      -1.3548e-04       4.2026e-05
 6.5000e+00       3.2800e+00       1.0385e+00       1.4402e-03       4.6136e-03       1.4780e-03      -1.4088e-04       4.2304e-05
 6.5000e+00       3.2800e+00       1.0485e+00       1.3934e-03       4.5961e-03       1.4374e-03      -1.4634e-04       4.2543e-05
 6.5000e+00       3.2800e+00       1.0585e+00       1.3486e-03       4.5784e-03       1.3976e-03      -1.5188e-04       4.2744e-05
 6.5000e+00       3.2800e+00       1.0685e+00       1.3056e-03       4.5608e-03       1.3587e-03      -1.5748e-04       4.2907e-05
 6.5000e+00       3.2800e+00       1.0785e+00       1.2644e-03       4.5430e-03       1.3206e-03      -1.6313e-04       4.3034e-05
 6.5000e+00       3.2800e+00       1.0885e+00       1.2249e-03       4.5253e-03       1.2833e-03      -1.6884e-04       4.3123e-05
 6.5000e+00       3.2800e+00       1.0985e+00       1.1870e-03       4.5074e-03       1.2468e-03      -1.7459e-04       4.3176e-05
 6.5000e+00       3.2800e+00       1.1085e+00       1.1507e-03       4.4896e-03       1.2110e-03      -1.8039e-04       4.3194e-05
 6.5000e+00       3.2800e+00       1.1185e+00       1.1158e-03       4.4717e-03       1.1761e-03      -1.8622e-04       4.3176e-05
 6.5000e+00       3.2800e+00       1.1285e+00       1.0823e-03       4.4537e-03       1.1418e-03      -1.9208e-04       4.3124e-05
 6.5000e+00       3.2800e+00       1.1385e+00       1.0502e-03       4.4357e-03       1.1084e-03      -1.9797e-04       4.3037e-05
 6.5000e+00       3.2800e+00       1.1485e+00       1.0193e-03       4.4178e-03       1.0756e-03      -2.0388e-04       4.2917e-05
 6.5000e+00       3.2800e+00       1.1585e+00       9.8971e-04       4.3997e-03       1.0435e-03      -2.0981e-04       4.2764e-05
 6.5000e+00       3.2800e+00       1.1685e+00       9.6129e-04       4.3817e-03       1.0121e-03      -2.1576e-04       4.2579e-05
 6.5000e+00       3.2800e+00       1.1785e+00       9.3400e-04       4.3637e-03       9.8144e-04      -2.2171e-04       4.2363e-05
 6.5000e+00       3.2800e+00       1.1885e+00       9.0779e-04       4.3456e-03       9.5139e-04      -2.2768e-04       4.2115e-05
 6.5000e+00       3.2800e+00       1.1985e+00       8.8263e-04       4.3275e-03       9.2198e-04      -2.3364e-04       4.1838e-05
 6.5000e+00       3.2800e+00       1.2085e+00       8.5845e-04       4.3095e-03       8.9321e-04      -2.3961e-04       4.1531e-05
 6.5000e+00       3.2800e+00       1.2185e+00       8.3523e-04       4.2914e-03       8.6505e-04      -2.4557e-04       4.1195e-05
 6.5000e+00       3.2800e+00       1.2285e+00       8.1292e-04       4.2734e-03       8.3750e-04      -2.5153e-04       4.0832e-05
 6.5000e+00       3.2800e+00       1.2385e+00       7.9149e-04       4.2553e-03       8.1054e-04      -2.5748e-04       4.0441e-05
 6.5000e+00       3.2800e+00       1.2485e+00       7.7089e-04       4.2373e-03       7.8416e-04      -2.6342e-04       4.0024e-05
 6.5000e+00       3.2800e+00       1.2585e+00       7.5109e-04       4.2193e-03       7.5835e-04      -2.6934e-04       3.9582e-05
 6.5000e+00       3.2800e+00       1.2685e+00       7.3207e-04       4.2013e-03       7.3309e-04      -2.7525e-04       3.9115e-05
 6.5000e+00       3.2800e+00       1.2785e+00       7.1378e-04       4.1833e-03       7.0838e-04      -2.8114e-04       3.8624e-05
 6.5000e+00       3.2800e+00       1.2885e+00       6.9619e-04       4.1653e-03       6.8419e-04      -2.8700e-04       3.8110e-05
 6.5000e+00       3.2800e+00       1.2985e+00       6.7929e-04       4.1474e-03       6.6053e-04      -2.9285e-04       3.7573e-05
 6.5000e+00       3.2800e+00       1.3085e+00       6.6303e-04       4.1295e-03       6.3737e-04      -2.9866e-04       3.7016e-05
 6.5000e+00       3.2800e+00       1.3185e+00       6.4740e-04       4.1116e-03       6.1472e-04      -3.0445e-04       3.6437e-05
 6.5000e+00       3.2800e+00       1.3285e+00       6.3237e-04       4.0938e-03       5.9255e-04      -3.1021e-04       3.5839e-05
 6.5000e+00       3.2800e+00       1.3385e+00       6.1791e-04       4.0760e-03       5.7085e-04      -3.1594e-04       3.5223e-05
 6.5000e+00       3.2800e+00       1.3485e+00       6.0399e-04       4.0583e-03       5.4963e-04      -3.2164e-04       3.4588e-05
 6.5000e+00       3.2800e+00       1.3585e+00       5.9061e-04       4.0406e-03       5.2885e-04      -3.2730e-04       3.3936e-05
 6.5000e+00       3.2800e+00       1.3685e+00       5.7773e-04       4.0229e-03       5.0853e-04      -3.3293e-04       3.3267e-05
 6.5000e+00       3.2800e+00       1.3785e+00       5.6534e-04       4.0053e-03       4.8864e-04      -3.3852e-04       3.2584e-05
 6.5000e+00       3.2800e+00       1.3885e+00       5.5341e-04       3.9877e-03       4.6918e-04      -3.4408e-04       3.1885e-05
 6.5000e+00       3.2800e+00       1.3985e+00       5.4193e-04       3.9702e-03       4.5014e-04      -3.4959e-04       3.1173e-05
 6.5000e+00       3.2800e+00       1.4085e+00       5.3088e-04       3.9528e-03       4.3151e-04      -3.5506e-04       3.0448e-05
 6.5000e+00       3.2800e+00       1.4185e+00       5.2024e-04       3.9354e-03       4.1327e-04      -3.6049e-04       2.9711e-05
 6.5000e+00       3.2800e+00       1.4285e+00       5.0999e-04       3.9180e-03       3.9543e-04      -3.6588e-04       2.8962e-05
 6.5000e+00       3.2800e+00       1.4385e+00       5.0013e-04       3.9008e-03       3.7797e-04      -3.7122e-04       2.8203e-05
 6.5000e+00       3.2800e+00       1.4485e+00       4.9063e-04       3.8835e-03       3.6089e-04      -3.7652e-04       2.7435e-05
 6.5000e+00       3.2800e+00       1.4585e+00       4.8148e-04       3.8664e-03       3.4417e-04      -3.8178e-04       2.6658e-05
 6.5000e+00       3.2800e+00       1.4685e+00       4.7266e-04       3.8493e-03       3.2781e-04      -3.8699e-04       2.5872e-05
 6.5000e+00       3.2800e+00       1.4785e+00       4.6417e-04       3.8323e-03       3.1180e-04      -3.9215e-04       2.5080e-05
 6.5000e+00       3.2800e+00       1.4885e+00       4.5599e-04       3.8153e-03       2.9614e-04      -3.9726e-04       2.4281e-05
 6.5000e+00       3.2800e+00       1.4985e+00       4.4810e-04       3.7984e-03       2.8081e-04      -4.0233e-04       2.3477e-05
 6.5000e+00       3.2800e+00       1.5085e+00       4.4050e-04       3.7816e-03       2.6581e-04      -4.0735e-04       2.2667e-05
 6.5000e+00       3.2800e+00       1.5185e+00       4.3317e-04       3.7648e-03       2.5113e-04      -4.1231e-04       2.1854e-05
 6.5000e+00       3.2800e+00       1.5285e+00       4.2611e-04       3.7481e-03       2.3676e-04      -4.1723e-04       2.1037e-05
 6.5000e+00       3.2800e+00       1.5385e+00       4.1930e-04       3.7315e-03       2.2271e-04      -4.2210e-04       2.0218e-05
 6.5000e+00       3.2800e+00       1.5485e+00       4.1274e-04       3.7150e-03       2.0895e-04      -4.2692e-04       1.9397e-05
 6.5000e+00       3.2800e+00       1.5585e+00       4.0640e-04       3.6985e-03       1.9549e-04      -4.3169e-04       1.8574e-05
 6.5000e+00       3.2800e+00       1.5685e+00       4.0029e-04       3.6821e-03       1.8232e-04      -4.3641e-04       1.7752e-05
 6.5000e+00       3.2800e+00       1.5785e+00       3.9440e-04       3.6658e-03       1.6943e-04      -4.4108e-04       1.6929e-05
 6.5000e+00       3.2800e+00       1.5885e+00       3.8871e-04       3.6495e-03       1.5682e-04      -4.4569e-04       1.6107e-05
 6.5000e+00       3.2800e+00       1.5985e+00       3.8323e-04       3.6334e-03       1.4448e-04      -4.5026e-04       1.5287e-05
 6.5000e+00       3.2800e+00       1.6085e+00       3.7793e-04       3.6173e-03       1.3240e-04      -4.5477e-04       1.4469e-05
 6.5000e+00       3.2800e+00       1.6185e+00       3.7282e-04       3.6012e-03       1.2058e-04      -4.5923e-04       1.3654e-05
 6.5000e+00       3.2800e+00       1.6285e+00       3.6788e-04       3.5853e-03       1.0902e-04      -4.6364e-04       1.2843e-05
 6.5000e+00       3.2800e+00       1.6385e+00       3.6312e-04       3.5694e-03       9.7699e-05      -4.6800e-04       1.2035e-05
 6.5000e+00       3.2800e+00       1.6485e+00       3.5851e-04       3.5536e-03       8.6624e-05      -4.7230e-04       1.1232e-05
