 1.5000e+00       3.2800e+00       1.7424e-02       1.9497e+00       4.7687e-01       0.0000e+00       0.0000e+00       0.0000e+00
 1.5000e+00       3.2800e+00       2.7424e-02       1.7375e+00       3.9467e-01       2.5943e-01      -5.4554e-02      -4.9108e-04
 1.5000e+00       3.2800e+00       3.7424e-02       1.5012e+00       3.4239e-01       2.6010e-01      -8.1271e-02      -6.6615e-04
 1.5000e+00       3.2800e+00       4.7424e-02       1.2912e+00       3.0523e-01       2.3969e-01      -9.4761e-02      -7.7969e-04
 1.5000e+00       3.2800e+00       5.7424e-02       1.1138e+00       2.7684e-01       2.1720e-01      -1.0121e-01      -8.5847e-04
 1.5000e+00       3.2800e+00       6.7424e-02       9.6554e-01       2.5405e-01       1.9658e-01      -1.0365e-01      -9.1384e-04
 1.5000e+00       3.2800e+00       7.7424e-02       8.4145e-01       2.3510e-01       1.7851e-01      -1.0367e-01      -9.5214e-04
 1.5000e+00       3.2800e+00       8.7424e-02       7.3701e-01       2.1895e-01       1.6284e-01      -1.0222e-01      -9.7742e-04
 1.5000e+00       3.2800e+00       9.7424e-02       6.4851e-01       2.0492e-01       1.4922e-01      -9.9861e-02      -9.9247e-04
 1.5000e+00       3.2800e+00       1.0742e-01       5.7300e-01       1.9256e-01       1.3733e-01      -9.6947e-02      -9.9936e-04
 1.5000e+00       3.2800e+00       1.1742e-01       5.0815e-01       1.8154e-01       1.2686e-01      -9.3709e-02      -9.9965e-04
 1.5000e+00       3.2800e+00       1.2742e-01       4.5211e-01       1.7162e-01       1.1757e-01      -9.0299e-02      -9.9455e-04
 1.5000e+00       3.2800e+00       1.3742e-01       4.0341e-01       1.6264e-01       1.0928e-01      -8.6821e-02      -9.8504e-04
 1.5000e+00       3.2800e+00       1.4742e-01       3.6089e-01       1.5446e-01       1.0183e-01      -8.3343e-02      -9.7190e-04
 1.5000e+00       3.2800e+00       1.5742e-01       3.2358e-01       1.4696e-01       9.5083e-02      -7.9911e-02      -9.5578e-04
 1.5000e+00       3.2800e+00       1.6742e-01       2.9071e-01       1.4007e-01       8.8952e-02      -7.6559e-02      -9.3723e-04
 1.5000e+00       3.2800e+00       1.7742e-01       2.6164e-01       1.3370e-01       8.3348e-02      -7.3305e-02      -9.1669e-04
 1.5000e+00       3.2800e+00       1.8742e-01       2.3586e-01       1.2780e-01       7.8203e-02      -7.0163e-02      -8.9455e-04
 1.5000e+00       3.2800e+00       1.9742e-01       2.1291e-01       1.2232e-01       7.3461e-02      -6.7141e-02      -8.7111e-04
 1.5000e+00       3.2800e+00       2.0742e-01       1.9243e-01       1.1722e-01       6.9073e-02      -6.4242e-02      -8.4666e-04
 1.5000e+00       3.2800e+00       2.1742e-01       1.7411e-01       1.1245e-01       6.5002e-02      -6.1468e-02      -8.2143e-04
 1.5000e+00       3.2800e+00       2.2742e-01       1.5768e-01       1.0800e-01       6.1212e-02      -5.8817e-02      -7.9561e-04
 1.5000e+00       3.2800e+00       2.3742e-01       1.4292e-01       1.0382e-01       5.7675e-02      -5.6288e-02      -7.6938e-04
 1.5000e+00       3.2800e+00       2.4742e-01       1.2963e-01       9.9894e-02       5.4367e-02      -5.3877e-02      -7.4288e-04
 1.5000e+00       3.2800e+00       2.5742e-01       1.1764e-01       9.6204e-02       5.1267e-02      -5.1580e-02      -7.1624e-04
 1.5000e+00       3.2800e+00       2.6742e-01       1.0682e-01       9.2728e-02       4.8355e-02      -4.9394e-02      -6.8957e-04
 1.5000e+00       3.2800e+00       2.7742e-01       9.7029e-02       8.9449e-02       4.5616e-02      -4.7313e-02      -6.6295e-04
 1.5000e+00       3.2800e+00       2.8742e-01       8.8163e-02       8.6351e-02       4.3035e-02      -4.5334e-02      -6.3647e-04
 1.5000e+00       3.2800e+00       2.9742e-01       8.0125e-02       8.3421e-02       4.0600e-02      -4.3451e-02      -6.1020e-04
 1.5000e+00       3.2800e+00       3.0742e-01       7.2830e-02       8.0646e-02       3.8300e-02      -4.1661e-02      -5.8418e-04
 1.5000e+00       3.2800e+00       3.1742e-01       6.6202e-02       7.8015e-02       3.6125e-02      -3.9958e-02      -5.5848e-04
 1.5000e+00       3.2800e+00       3.2742e-01       6.0177e-02       7.5517e-02       3.4065e-02      -3.8339e-02      -5.3313e-04
 1.5000e+00       3.2800e+00       3.3742e-01       5.4695e-02       7.3144e-02       3.2114e-02      -3.6799e-02      -5.0816e-04
 1.5000e+00       3.2800e+00       3.4742e-01       4.9704e-02       7.0886e-02       3.0264e-02      -3.5334e-02      -4.8361e-04
 1.5000e+00       3.2800e+00       3.5742e-01       4.5158e-02       6.8737e-02       2.8507e-02      -3.3941e-02      -4.5950e-04
 1.5000e+00       3.2800e+00       3.6742e-01       4.1015e-02       6.6688e-02       2.6840e-02      -3.2616e-02      -4.3585e-04
 1.5000e+00       3.2800e+00       3.7742e-01       3.7239e-02       6.4733e-02       2.5255e-02      -3.1355e-02      -4.1268e-04
 1.5000e+00       3.2800e+00       3.8742e-01       3.3795e-02       6.2867e-02       2.3748e-02      -3.0155e-02      -3.9000e-04
 1.5000e+00       3.2800e+00       3.9742e-01       3.0653e-02       6.1084e-02       2.2314e-02      -2.9012e-02      -3.6782e-04
 1.5000e+00       3.2800e+00       4.0742e-01       2.7788e-02       5.9378e-02       2.0949e-02      -2.7925e-02      -3.4614e-04
 1.5000e+00       3.2800e+00       4.1742e-01       2.5174e-02       5.7745e-02       1.9650e-02      -2.6889e-02      -3.2498e-04
 1.5000e+00       3.2800e+00       4.2742e-01       2.2790e-02       5.6181e-02       1.8413e-02      -2.5903e-02      -3.0433e-04
 1.5000e+00       3.2800e+00       4.3742e-01       2.0615e-02       5.4682e-02       1.7234e-02      -2.4963e-02      -2.8420e-04
 1.5000e+00       3.2800e+00       4.4742e-01       1.8632e-02       5.3243e-02       1.6110e-02      -2.4067e-02      -2.6459e-04
 1.5000e+00       3.2800e+00       4.5742e-01       1.6824e-02       5.1862e-02       1.5039e-02      -2.3214e-02      -2.4549e-04
 1.5000e+00       3.2800e+00       4.6742e-01       1.5177e-02       5.0535e-02       1.4017e-02      -2.2400e-02      -2.2691e-04
 1.5000e+00       3.2800e+00       4.7742e-01       1.3677e-02       4.9259e-02       1.3043e-02      -2.1623e-02      -2.0885e-04
 1.5000e+00       3.2800e+00       4.8742e-01       1.2311e-02       4.8032e-02       1.2114e-02      -2.0883e-02      -1.9129e-04
 1.5000e+00       3.2800e+00       4.9742e-01       1.1068e-02       4.6851e-02       1.1228e-02      -2.0177e-02      -1.7423e-04
 1.5000e+00       3.2800e+00       5.0742e-01       9.9392e-03       4.5713e-02       1.0382e-02      -1.9502e-02      -1.5768e-04
 1.5000e+00       3.2800e+00       5.1742e-01       8.9138e-03       4.4616e-02       9.5756e-03      -1.8859e-02      -1.4162e-04
 1.5000e+00       3.2800e+00       5.2742e-01       7.9837e-03       4.3558e-02       8.8057e-03      -1.8244e-02      -1.2605e-04
 1.5000e+00       3.2800e+00       5.3742e-01       7.1411e-03       4.2538e-02       8.0711e-03      -1.7657e-02      -1.1096e-04
 1.5000e+00       3.2800e+00       5.4742e-01       6.3788e-03       4.1552e-02       7.3701e-03      -1.7096e-02      -9.6342e-05
 1.5000e+00       3.2800e+00       5.5742e-01       5.6902e-03       4.0600e-02       6.7012e-03      -1.6560e-02      -8.2198e-05
 1.5000e+00       3.2800e+00       5.6742e-01       5.0694e-03       3.9680e-02       6.0629e-03      -1.6047e-02      -6.8516e-05
 1.5000e+00       3.2800e+00       5.7742e-01       4.5108e-03       3.8791e-02       5.4538e-03      -1.5557e-02      -5.5290e-05
 1.5000e+00       3.2800e+00       5.8742e-01       4.0094e-03       3.7930e-02       4.8727e-03      -1.5088e-02      -4.2513e-05
 1.5000e+00       3.2800e+00       5.9742e-01       3.5604e-03       3.7097e-02       4.3184e-03      -1.4640e-02      -3.0177e-05
 1.5000e+00       3.2800e+00       6.0742e-01       3.1596e-03       3.6291e-02       3.7896e-03      -1.4211e-02      -1.8275e-05
 1.5000e+00       3.2800e+00       6.1742e-01       2.8031e-03       3.5509e-02       3.2852e-03      -1.3800e-02      -6.7994e-06
 1.5000e+00       3.2800e+00       6.2742e-01       2.4872e-03       3.4752e-02       2.8041e-03      -1.3407e-02       4.2563e-06
 1.5000e+00       3.2800e+00       6.3742e-01       2.2086e-03       3.4018e-02       2.3455e-03      -1.3030e-02       1.4900e-05
 1.5000e+00       3.2800e+00       6.4742e-01       1.9641e-03       3.3305e-02       1.9082e-03      -1.2669e-02       2.5138e-05
 1.5000e+00       3.2800e+00       6.5742e-01       1.7510e-03       3.2614e-02       1.4915e-03      -1.2323e-02       3.4979e-05
 1.5000e+00       3.2800e+00       6.6742e-01       1.5667e-03       3.1943e-02       1.0944e-03      -1.1992e-02       4.4430e-05
 1.5000e+00       3.2800e+00       6.7742e-01       1.4087e-03       3.1291e-02       7.1602e-04      -1.1674e-02       5.3498e-05
 1.5000e+00       3.2800e+00       6.8742e-01       1.2748e-03       3.0657e-02       3.5568e-04      -1.1369e-02       6.2189e-05
 1.5000e+00       3.2800e+00       6.9742e-01       1.1629e-03       3.0042e-02       1.2575e-05      -1.1076e-02       7.0513e-05
 1.5000e+00       3.2800e+00       7.0742e-01       1.0712e-03       2.9443e-02      -3.1400e-04      -1.0795e-02       7.8474e-05
 1.5000e+00       3.2800e+00       7.1742e-01       9.9787e-04       2.8861e-02      -6.2475e-04      -1.0526e-02       8.6081e-05
 1.5000e+00       3.2800e+00       7.2742e-01       9.4134e-04       2.8295e-02      -9.2033e-04      -1.0267e-02       9.3341e-05
 1.5000e+00       3.2800e+00       7.3742e-01       9.0010e-04       2.7743e-02      -1.2014e-03      -1.0019e-02       1.0026e-04
 1.5000e+00       3.2800e+00       7.4742e-01       8.7278e-04       2.7207e-02      -1.4685e-03      -9.7796e-03       1.0685e-04
 1.5000e+00       3.2800e+00       7.5742e-01       8.5810e-04       2.6684e-02      -1.7222e-03      -9.5501e-03       1.1310e-04
 1.5000e+00       3.2800e+00       7.6742e-01       8.5488e-04       2.6175e-02      -1.9632e-03      -9.3294e-03       1.1904e-04
 1.5000e+00       3.2800e+00       7.7742e-01       8.6204e-04       2.5679e-02      -2.1918e-03      -9.1171e-03       1.2467e-04
 1.5000e+00       3.2800e+00       7.8742e-01       8.7858e-04       2.5196e-02      -2.4087e-03      -8.9129e-03       1.2999e-04
 1.5000e+00       3.2800e+00       7.9742e-01       9.0357e-04       2.4724e-02      -2.6143e-03      -8.7164e-03       1.3501e-04
 1.5000e+00       3.2800e+00       8.0742e-01       9.3615e-04       2.4265e-02      -2.8091e-03      -8.5273e-03       1.3973e-04
 1.5000e+00       3.2800e+00       8.1742e-01       9.7555e-04       2.3816e-02      -2.9935e-03      -8.3451e-03       1.4417e-04
 1.5000e+00       3.2800e+00       8.2742e-01       1.0210e-03       2.3379e-02      -3.1680e-03      -8.1697e-03       1.4833e-04
 1.5000e+00       3.2800e+00       8.3742e-01       1.0719e-03       2.2952e-02      -3.3329e-03      -8.0007e-03       1.5222e-04
 1.5000e+00       3.2800e+00       8.4742e-01       1.1276e-03       2.2535e-02      -3.4887e-03      -7.8378e-03       1.5583e-04
 1.5000e+00       3.2800e+00       8.5742e-01       1.1874e-03       2.2129e-02      -3.6357e-03      -7.6807e-03       1.5919e-04
 1.5000e+00       3.2800e+00       8.6742e-01       1.2510e-03       2.1731e-02      -3.7743e-03      -7.5293e-03       1.6229e-04
 1.5000e+00       3.2800e+00       8.7742e-01       1.3177e-03       2.1343e-02      -3.9049e-03      -7.3831e-03       1.6514e-04
 1.5000e+00       3.2800e+00       8.8742e-01       1.3873e-03       2.0964e-02      -4.0278e-03      -7.2421e-03       1.6775e-04
 1.5000e+00       3.2800e+00       8.9742e-01       1.4591e-03       2.0594e-02      -4.1432e-03      -7.1059e-03       1.7012e-04
 1.5000e+00       3.2800e+00       9.0742e-01       1.5329e-03       2.0232e-02      -4.2515e-03      -6.9744e-03       1.7227e-04
 1.5000e+00       3.2800e+00       9.1742e-01       1.6083e-03       1.9878e-02      -4.3531e-03      -6.8474e-03       1.7418e-04
 1.5000e+00       3.2800e+00       9.2742e-01       1.6851e-03       1.9532e-02      -4.4481e-03      -6.7246e-03       1.7588e-04
 1.5000e+00       3.2800e+00       9.3742e-01       1.7628e-03       1.9193e-02      -4.5369e-03      -6.6060e-03       1.7737e-04
 1.5000e+00       3.2800e+00       9.4742e-01       1.8412e-03       1.8863e-02      -4.6197e-03      -6.4912e-03       1.7865e-04
 1.5000e+00       3.2800e+00       9.5742e-01       1.9202e-03       1.8539e-02      -4.6967e-03      -6.3802e-03       1.7972e-04
 1.5000e+00       3.2800e+00       9.6742e-01       1.9994e-03       1.8222e-02      -4.7683e-03      -6.2727e-03       1.8060e-04
 1.5000e+00       3.2800e+00       9.7742e-01       2.0786e-03       1.7912e-02      -4.8346e-03      -6.1687e-03       1.8130e-04
 1.5000e+00       3.2800e+00       9.8742e-01       2.1577e-03       1.7609e-02      -4.8958e-03      -6.0680e-03       1.8180e-04
 1.5000e+00       3.2800e+00       9.9742e-01       2.2365e-03       1.7312e-02      -4.9523e-03      -5.9704e-03       1.8213e-04
 1.5000e+00       3.2800e+00       1.0074e+00       2.3148e-03       1.7022e-02      -5.0041e-03      -5.8758e-03       1.8229e-04
 1.5000e+00       3.2800e+00       1.0174e+00       2.3926e-03       1.6737e-02      -5.0515e-03      -5.7841e-03       1.8227e-04
 1.5000e+00       3.2800e+00       1.0274e+00       2.4696e-03       1.6459e-02      -5.0947e-03      -5.6952e-03       1.8210e-04
 1.5000e+00       3.2800e+00       1.0374e+00       2.5457e-03       1.6186e-02      -5.1338e-03      -5.6089e-03       1.8176e-04
 1.5000e+00       3.2800e+00       1.0474e+00       2.6209e-03       1.5919e-02      -5.1690e-03      -5.5252e-03       1.8128e-04
 1.5000e+00       3.2800e+00       1.0574e+00       2.6950e-03       1.5658e-02      -5.2005e-03      -5.4439e-03       1.8065e-04
 1.5000e+00       3.2800e+00       1.0674e+00       2.7681e-03       1.5401e-02      -5.2285e-03      -5.3650e-03       1.7987e-04
 1.5000e+00       3.2800e+00       1.0774e+00       2.8399e-03       1.5150e-02      -5.2531e-03      -5.2882e-03       1.7896e-04
 1.5000e+00       3.2800e+00       1.0874e+00       2.9104e-03       1.4904e-02      -5.2745e-03      -5.2137e-03       1.7792e-04
 1.5000e+00       3.2800e+00       1.0974e+00       2.9796e-03       1.4663e-02      -5.2928e-03      -5.1412e-03       1.7675e-04
 1.5000e+00       3.2800e+00       1.1074e+00       3.0475e-03       1.4427e-02      -5.3081e-03      -5.0707e-03       1.7546e-04
 1.5000e+00       3.2800e+00       1.1174e+00       3.1139e-03       1.4195e-02      -5.3206e-03      -5.0021e-03       1.7405e-04
 1.5000e+00       3.2800e+00       1.1274e+00       3.1788e-03       1.3968e-02      -5.3304e-03      -4.9353e-03       1.7253e-04
 1.5000e+00       3.2800e+00       1.1374e+00       3.2423e-03       1.3746e-02      -5.3376e-03      -4.8703e-03       1.7090e-04
 1.5000e+00       3.2800e+00       1.1474e+00       3.3042e-03       1.3528e-02      -5.3423e-03      -4.8070e-03       1.6917e-04
 1.5000e+00       3.2800e+00       1.1574e+00       3.3646e-03       1.3314e-02      -5.3448e-03      -4.7453e-03       1.6734e-04
 1.5000e+00       3.2800e+00       1.1674e+00       3.4234e-03       1.3104e-02      -5.3450e-03      -4.6851e-03       1.6542e-04
 1.5000e+00       3.2800e+00       1.1774e+00       3.4806e-03       1.2899e-02      -5.3430e-03      -4.6265e-03       1.6341e-04
 1.5000e+00       3.2800e+00       1.1874e+00       3.5363e-03       1.2697e-02      -5.3391e-03      -4.5692e-03       1.6131e-04
 1.5000e+00       3.2800e+00       1.1974e+00       3.5903e-03       1.2499e-02      -5.3332e-03      -4.5134e-03       1.5913e-04
 1.5000e+00       3.2800e+00       1.2074e+00       3.6428e-03       1.2305e-02      -5.3254e-03      -4.4589e-03       1.5688e-04
 1.5000e+00       3.2800e+00       1.2174e+00       3.6937e-03       1.2115e-02      -5.3159e-03      -4.4057e-03       1.5455e-04
 1.5000e+00       3.2800e+00       1.2274e+00       3.7430e-03       1.1929e-02      -5.3048e-03      -4.3537e-03       1.5216e-04
 1.5000e+00       3.2800e+00       1.2374e+00       3.7907e-03       1.1746e-02      -5.2921e-03      -4.3029e-03       1.4970e-04
 1.5000e+00       3.2800e+00       1.2474e+00       3.8368e-03       1.1566e-02      -5.2779e-03      -4.2533e-03       1.4718e-04
 1.5000e+00       3.2800e+00       1.2574e+00       3.8813e-03       1.1390e-02      -5.2622e-03      -4.2047e-03       1.4460e-04
 1.5000e+00       3.2800e+00       1.2674e+00       3.9243e-03       1.1217e-02      -5.2452e-03      -4.1573e-03       1.4197e-04
 1.5000e+00       3.2800e+00       1.2774e+00       3.9657e-03       1.1047e-02      -5.2270e-03      -4.1108e-03       1.3930e-04
 1.5000e+00       3.2800e+00       1.2874e+00       4.0056e-03       1.0881e-02      -5.2075e-03      -4.0653e-03       1.3657e-04
 1.5000e+00       3.2800e+00       1.2974e+00       4.0440e-03       1.0717e-02      -5.1868e-03      -4.0208e-03       1.3381e-04
 1.5000e+00       3.2800e+00       1.3074e+00       4.0808e-03       1.0557e-02      -5.1651e-03      -3.9772e-03       1.3101e-04
 1.5000e+00       3.2800e+00       1.3174e+00       4.1162e-03       1.0399e-02      -5.1424e-03      -3.9345e-03       1.2817e-04
 1.5000e+00       3.2800e+00       1.3274e+00       4.1502e-03       1.0245e-02      -5.1187e-03      -3.8927e-03       1.2530e-04
 1.5000e+00       3.2800e+00       1.3374e+00       4.1826e-03       1.0093e-02      -5.0940e-03      -3.8516e-03       1.2241e-04
 1.5000e+00       3.2800e+00       1.3474e+00       4.2137e-03       9.9445e-03      -5.0685e-03      -3.8114e-03       1.1949e-04
 1.5000e+00       3.2800e+00       1.3574e+00       4.2434e-03       9.7984e-03      -5.0422e-03      -3.7719e-03       1.1654e-04
 1.5000e+00       3.2800e+00       1.3674e+00       4.2716e-03       9.6550e-03      -5.0152e-03      -3.7332e-03       1.1358e-04
 1.5000e+00       3.2800e+00       1.3774e+00       4.2986e-03       9.5141e-03      -4.9874e-03      -3.6952e-03       1.1061e-04
 1.5000e+00       3.2800e+00       1.3874e+00       4.3241e-03       9.3759e-03      -4.9590e-03      -3.6579e-03       1.0762e-04
 1.5000e+00       3.2800e+00       1.3974e+00       4.3484e-03       9.2401e-03      -4.9299e-03      -3.6213e-03       1.0462e-04
 1.5000e+00       3.2800e+00       1.4074e+00       4.3714e-03       9.1068e-03      -4.9002e-03      -3.5853e-03       1.0161e-04
 1.5000e+00       3.2800e+00       1.4174e+00       4.3931e-03       8.9759e-03      -4.8700e-03      -3.5499e-03       9.8603e-05
 1.5000e+00       3.2800e+00       1.4274e+00       4.4136e-03       8.8474e-03      -4.8393e-03      -3.5152e-03       9.5591e-05
 1.5000e+00       3.2800e+00       1.4374e+00       4.4328e-03       8.7212e-03      -4.8082e-03      -3.4811e-03       9.2580e-05
 1.5000e+00       3.2800e+00       1.4474e+00       4.4509e-03       8.5972e-03      -4.7765e-03      -3.4475e-03       8.9573e-05
 1.5000e+00       3.2800e+00       1.4574e+00       4.4678e-03       8.4755e-03      -4.7445e-03      -3.4145e-03       8.6571e-05
 1.5000e+00       3.2800e+00       1.4674e+00       4.4836e-03       8.3559e-03      -4.7121e-03      -3.3820e-03       8.3577e-05
 1.5000e+00       3.2800e+00       1.4774e+00       4.4982e-03       8.2385e-03      -4.6794e-03      -3.3500e-03       8.0594e-05
 1.5000e+00       3.2800e+00       1.4874e+00       4.5118e-03       8.1231e-03      -4.6464e-03      -3.3186e-03       7.7623e-05
 1.5000e+00       3.2800e+00       1.4974e+00       4.5242e-03       8.0098e-03      -4.6130e-03      -3.2876e-03       7.4667e-05
 1.5000e+00       3.2800e+00       1.5074e+00       4.5357e-03       7.8985e-03      -4.5795e-03      -3.2572e-03       7.1727e-05
 1.5000e+00       3.2800e+00       1.5174e+00       4.5461e-03       7.7892e-03      -4.5457e-03      -3.2271e-03       6.8806e-05
 1.5000e+00       3.2800e+00       1.5274e+00       4.5555e-03       7.6818e-03      -4.5116e-03      -3.1976e-03       6.5906e-05
 1.5000e+00       3.2800e+00       1.5374e+00       4.5639e-03       7.5763e-03      -4.4774e-03      -3.1685e-03       6.3028e-05
 1.5000e+00       3.2800e+00       1.5474e+00       4.5714e-03       7.4726e-03      -4.4431e-03      -3.1398e-03       6.0174e-05
 1.5000e+00       3.2800e+00       1.5574e+00       4.5780e-03       7.3708e-03      -4.4086e-03      -3.1115e-03       5.7346e-05
 1.5000e+00       3.2800e+00       1.5674e+00       4.5836e-03       7.2707e-03      -4.3740e-03      -3.0836e-03       5.4545e-05
 1.5000e+00       3.2800e+00       1.5774e+00       4.5884e-03       7.1724e-03      -4.3393e-03      -3.0561e-03       5.1773e-05
 1.5000e+00       3.2800e+00       1.5874e+00       4.5923e-03       7.0758e-03      -4.3045e-03      -3.0290e-03       4.9032e-05
 1.5000e+00       3.2800e+00       1.5974e+00       4.5954e-03       6.9808e-03      -4.2696e-03      -3.0023e-03       4.6322e-05
 1.5000e+00       3.2800e+00       1.6074e+00       4.5977e-03       6.8875e-03      -4.2347e-03      -2.9759e-03       4.3646e-05
 1.5000e+00       3.2800e+00       1.6174e+00       4.5991e-03       6.7958e-03      -4.1998e-03      -2.9499e-03       4.1005e-05
 1.5000e+00       3.2800e+00       1.6274e+00       4.5998e-03       6.7057e-03      -4.1648e-03      -2.9242e-03       3.8399e-05
 1.5000e+00       3.2800e+00       1.6374e+00       4.5997e-03       6.6171e-03      -4.1299e-03      -2.8988e-03       3.5830e-05
 1.5000e+00       3.2800e+00       1.6474e+00       4.5990e-03       6.5301e-03      -4.0949e-03      -2.8738e-03       3.3299e-05
