 5.0000e+00       2.1000e+00       6.1933e-01       1.3094e-01       3.6534e-01       0.0000e+00       0.0000e+00       0.0000e+00
 5.0000e+00       2.1000e+00       6.2933e-01       1.2558e-01       3.6372e-01      -1.4770e-03       6.1520e-04       2.0380e-02
 5.0000e+00       2.1000e+00       6.3933e-01       1.2048e-01       3.6224e-01      -2.6729e-03       1.2745e-03       2.8309e-02
 5.0000e+00       2.1000e+00       6.4933e-01       1.1564e-01       3.6090e-01      -3.9747e-03       1.9731e-03       3.4052e-02
 5.0000e+00       2.1000e+00       6.5933e-01       1.1104e-01       3.5969e-01      -5.3829e-03       2.7064e-03       3.8617e-02
 5.0000e+00       2.1000e+00       6.6933e-01       1.0667e-01       3.5861e-01      -6.8878e-03       3.4701e-03       4.2400e-02
 5.0000e+00       2.1000e+00       6.7933e-01       1.0252e-01       3.5765e-01      -8.4793e-03       4.2601e-03       4.5611e-02
 5.0000e+00       2.1000e+00       6.8933e-01       9.8582e-02       3.5682e-01      -1.0148e-02       5.0727e-03       4.8377e-02
 5.0000e+00       2.1000e+00       6.9933e-01       9.4848e-02       3.5609e-01      -1.1887e-02       5.9043e-03       5.0781e-02
 5.0000e+00       2.1000e+00       7.0933e-01       9.1307e-02       3.5548e-01      -1.3688e-02       6.7517e-03       5.2884e-02
 5.0000e+00       2.1000e+00       7.1933e-01       8.7952e-02       3.5497e-01      -1.5546e-02       7.6115e-03       5.4730e-02
 5.0000e+00       2.1000e+00       7.2933e-01       8.4775e-02       3.5456e-01      -1.7455e-02       8.4810e-03       5.6353e-02
 5.0000e+00       2.1000e+00       7.3933e-01       8.1767e-02       3.5425e-01      -1.9410e-02       9.3574e-03       5.7781e-02
 5.0000e+00       2.1000e+00       7.4933e-01       7.8923e-02       3.5403e-01      -2.1408e-02       1.0238e-02       5.9035e-02
 5.0000e+00       2.1000e+00       7.5933e-01       7.6236e-02       3.5390e-01      -2.3444e-02       1.1121e-02       6.0133e-02
 5.0000e+00       2.1000e+00       7.6933e-01       7.3698e-02       3.5386e-01      -2.5515e-02       1.2003e-02       6.1091e-02
 5.0000e+00       2.1000e+00       7.7933e-01       7.1305e-02       3.5390e-01      -2.7618e-02       1.2882e-02       6.1923e-02
 5.0000e+00       2.1000e+00       7.8933e-01       6.9050e-02       3.5401e-01      -2.9750e-02       1.3758e-02       6.2638e-02
 5.0000e+00       2.1000e+00       7.9933e-01       6.6929e-02       3.5421e-01      -3.1907e-02       1.4627e-02       6.3247e-02
 5.0000e+00       2.1000e+00       8.0933e-01       6.4935e-02       3.5448e-01      -3.4089e-02       1.5487e-02       6.3759e-02
 5.0000e+00       2.1000e+00       8.1933e-01       6.3064e-02       3.5481e-01      -3.6291e-02       1.6338e-02       6.4181e-02
 5.0000e+00       2.1000e+00       8.2933e-01       6.1312e-02       3.5522e-01      -3.8513e-02       1.7178e-02       6.4520e-02
 5.0000e+00       2.1000e+00       8.3933e-01       5.9673e-02       3.5568e-01      -4.0752e-02       1.8006e-02       6.4781e-02
 5.0000e+00       2.1000e+00       8.4933e-01       5.8144e-02       3.5621e-01      -4.3006e-02       1.8819e-02       6.4971e-02
 5.0000e+00       2.1000e+00       8.5933e-01       5.6720e-02       3.5680e-01      -4.5274e-02       1.9618e-02       6.5094e-02
 5.0000e+00       2.1000e+00       8.6933e-01       5.5398e-02       3.5744e-01      -4.7554e-02       2.0400e-02       6.5155e-02
 5.0000e+00       2.1000e+00       8.7933e-01       5.4173e-02       3.5814e-01      -4.9844e-02       2.1165e-02       6.5157e-02
 5.0000e+00       2.1000e+00       8.8933e-01       5.3042e-02       3.5888e-01      -5.2142e-02       2.1912e-02       6.5105e-02
 5.0000e+00       2.1000e+00       8.9933e-01       5.2002e-02       3.5968e-01      -5.4448e-02       2.2640e-02       6.5003e-02
 5.0000e+00       2.1000e+00       9.0933e-01       5.1049e-02       3.6052e-01      -5.6761e-02       2.3348e-02       6.4852e-02
 5.0000e+00       2.1000e+00       9.1933e-01       5.0180e-02       3.6141e-01      -5.9078e-02       2.4035e-02       6.4656e-02
 5.0000e+00       2.1000e+00       9.2933e-01       4.9392e-02       3.6233e-01      -6.1398e-02       2.4701e-02       6.4419e-02
 5.0000e+00       2.1000e+00       9.3933e-01       4.8682e-02       3.6330e-01      -6.3721e-02       2.5345e-02       6.4141e-02
 5.0000e+00       2.1000e+00       9.4933e-01       4.8047e-02       3.6431e-01      -6.6045e-02       2.5967e-02       6.3827e-02
 5.0000e+00       2.1000e+00       9.5933e-01       4.7485e-02       3.6535e-01      -6.8370e-02       2.6566e-02       6.3477e-02
 5.0000e+00       2.1000e+00       9.6933e-01       4.6993e-02       3.6642e-01      -7.0693e-02       2.7142e-02       6.3095e-02
 5.0000e+00       2.1000e+00       9.7933e-01       4.6568e-02       3.6752e-01      -7.3015e-02       2.7694e-02       6.2681e-02
 5.0000e+00       2.1000e+00       9.8933e-01       4.6208e-02       3.6866e-01      -7.5334e-02       2.8222e-02       6.2238e-02
 5.0000e+00       2.1000e+00       9.9933e-01       4.5910e-02       3.6982e-01      -7.7650e-02       2.8725e-02       6.1768e-02
 5.0000e+00       2.1000e+00       1.0093e+00       4.5673e-02       3.7101e-01      -7.9961e-02       2.9204e-02       6.1271e-02
 5.0000e+00       2.1000e+00       1.0193e+00       4.5494e-02       3.7222e-01      -8.2267e-02       2.9658e-02       6.0750e-02
 5.0000e+00       2.1000e+00       1.0293e+00       4.5372e-02       3.7346e-01      -8.4567e-02       3.0087e-02       6.0206e-02
 5.0000e+00       2.1000e+00       1.0393e+00       4.5303e-02       3.7472e-01      -8.6860e-02       3.0491e-02       5.9640e-02
 5.0000e+00       2.1000e+00       1.0493e+00       4.5286e-02       3.7600e-01      -8.9146e-02       3.0870e-02       5.9054e-02
 5.0000e+00       2.1000e+00       1.0593e+00       4.5319e-02       3.7729e-01      -9.1423e-02       3.1223e-02       5.8449e-02
 5.0000e+00       2.1000e+00       1.0693e+00       4.5401e-02       3.7860e-01      -9.3691e-02       3.1552e-02       5.7826e-02
 5.0000e+00       2.1000e+00       1.0793e+00       4.5529e-02       3.7993e-01      -9.5950e-02       3.1855e-02       5.7185e-02
 5.0000e+00       2.1000e+00       1.0893e+00       4.5702e-02       3.8127e-01      -9.8198e-02       3.2132e-02       5.6529e-02
 5.0000e+00       2.1000e+00       1.0993e+00       4.5918e-02       3.8262e-01      -1.0044e-01       3.2385e-02       5.5857e-02
 5.0000e+00       2.1000e+00       1.1093e+00       4.6175e-02       3.8399e-01      -1.0266e-01       3.2612e-02       5.5172e-02
 5.0000e+00       2.1000e+00       1.1193e+00       4.6473e-02       3.8536e-01      -1.0488e-01       3.2814e-02       5.4473e-02
 5.0000e+00       2.1000e+00       1.1293e+00       4.6808e-02       3.8674e-01      -1.0708e-01       3.2992e-02       5.3762e-02
 5.0000e+00       2.1000e+00       1.1393e+00       4.7181e-02       3.8813e-01      -1.0927e-01       3.3145e-02       5.3039e-02
 5.0000e+00       2.1000e+00       1.1493e+00       4.7589e-02       3.8952e-01      -1.1144e-01       3.3273e-02       5.2306e-02
 5.0000e+00       2.1000e+00       1.1593e+00       4.8031e-02       3.9092e-01      -1.1360e-01       3.3377e-02       5.1562e-02
 5.0000e+00       2.1000e+00       1.1693e+00       4.8506e-02       3.9232e-01      -1.1575e-01       3.3456e-02       5.0809e-02
 5.0000e+00       2.1000e+00       1.1793e+00       4.9013e-02       3.9373e-01      -1.1788e-01       3.3512e-02       5.0048e-02
 5.0000e+00       2.1000e+00       1.1893e+00       4.9549e-02       3.9513e-01      -1.1999e-01       3.3544e-02       4.9278e-02
 5.0000e+00       2.1000e+00       1.1993e+00       5.0115e-02       3.9654e-01      -1.2209e-01       3.3553e-02       4.8501e-02
 5.0000e+00       2.1000e+00       1.2093e+00       5.0708e-02       3.9794e-01      -1.2417e-01       3.3538e-02       4.7717e-02
 5.0000e+00       2.1000e+00       1.2193e+00       5.1327e-02       3.9934e-01      -1.2624e-01       3.3501e-02       4.6926e-02
 5.0000e+00       2.1000e+00       1.2293e+00       5.1972e-02       4.0074e-01      -1.2829e-01       3.3441e-02       4.6130e-02
 5.0000e+00       2.1000e+00       1.2393e+00       5.2641e-02       4.0214e-01      -1.3032e-01       3.3360e-02       4.5329e-02
 5.0000e+00       2.1000e+00       1.2493e+00       5.3334e-02       4.0353e-01      -1.3233e-01       3.3256e-02       4.4522e-02
 5.0000e+00       2.1000e+00       1.2593e+00       5.4048e-02       4.0492e-01      -1.3433e-01       3.3130e-02       4.3712e-02
 5.0000e+00       2.1000e+00       1.2693e+00       5.4784e-02       4.0629e-01      -1.3630e-01       3.2984e-02       4.2897e-02
 5.0000e+00       2.1000e+00       1.2793e+00       5.5540e-02       4.0766e-01      -1.3826e-01       3.2817e-02       4.2079e-02
 5.0000e+00       2.1000e+00       1.2893e+00       5.6315e-02       4.0903e-01      -1.4020e-01       3.2629e-02       4.1258e-02
 5.0000e+00       2.1000e+00       1.2993e+00       5.7108e-02       4.1038e-01      -1.4212e-01       3.2421e-02       4.0434e-02
 5.0000e+00       2.1000e+00       1.3093e+00       5.7918e-02       4.1172e-01      -1.4402e-01       3.2194e-02       3.9608e-02
 5.0000e+00       2.1000e+00       1.3193e+00       5.8745e-02       4.1306e-01      -1.4589e-01       3.1947e-02       3.8781e-02
 5.0000e+00       2.1000e+00       1.3293e+00       5.9587e-02       4.1438e-01      -1.4775e-01       3.1681e-02       3.7951e-02
 5.0000e+00       2.1000e+00       1.3393e+00       6.0444e-02       4.1569e-01      -1.4959e-01       3.1398e-02       3.7121e-02
 5.0000e+00       2.1000e+00       1.3493e+00       6.1315e-02       4.1698e-01      -1.5141e-01       3.1095e-02       3.6289e-02
 5.0000e+00       2.1000e+00       1.3593e+00       6.2198e-02       4.1827e-01      -1.5320e-01       3.0776e-02       3.5457e-02
 5.0000e+00       2.1000e+00       1.3693e+00       6.3094e-02       4.1953e-01      -1.5498e-01       3.0439e-02       3.4625e-02
 5.0000e+00       2.1000e+00       1.3793e+00       6.4001e-02       4.2079e-01      -1.5673e-01       3.0085e-02       3.3793e-02
 5.0000e+00       2.1000e+00       1.3893e+00       6.4919e-02       4.2203e-01      -1.5846e-01       2.9715e-02       3.2961e-02
 5.0000e+00       2.1000e+00       1.3993e+00       6.5847e-02       4.2325e-01      -1.6017e-01       2.9329e-02       3.2130e-02
 5.0000e+00       2.1000e+00       1.4093e+00       6.6784e-02       4.2445e-01      -1.6186e-01       2.8928e-02       3.1299e-02
 5.0000e+00       2.1000e+00       1.4193e+00       6.7729e-02       4.2564e-01      -1.6352e-01       2.8512e-02       3.0470e-02
 5.0000e+00       2.1000e+00       1.4293e+00       6.8683e-02       4.2681e-01      -1.6516e-01       2.8081e-02       2.9642e-02
 5.0000e+00       2.1000e+00       1.4393e+00       6.9643e-02       4.2796e-01      -1.6678e-01       2.7636e-02       2.8815e-02
 5.0000e+00       2.1000e+00       1.4493e+00       7.0610e-02       4.2909e-01      -1.6838e-01       2.7177e-02       2.7991e-02
 5.0000e+00       2.1000e+00       1.4593e+00       7.1583e-02       4.3021e-01      -1.6995e-01       2.6705e-02       2.7168e-02
 5.0000e+00       2.1000e+00       1.4693e+00       7.2561e-02       4.3130e-01      -1.7150e-01       2.6220e-02       2.6348e-02
 5.0000e+00       2.1000e+00       1.4793e+00       7.3543e-02       4.3237e-01      -1.7303e-01       2.5723e-02       2.5530e-02
 5.0000e+00       2.1000e+00       1.4893e+00       7.4530e-02       4.3343e-01      -1.7454e-01       2.5214e-02       2.4714e-02
 5.0000e+00       2.1000e+00       1.4993e+00       7.5520e-02       4.3446e-01      -1.7602e-01       2.4693e-02       2.3902e-02
