 6.5000e+00       3.2800e+00       2.2100e-01       6.6198e-02       4.4904e-02       0.0000e+00       0.0000e+00 
 6.5000e+00       3.2800e+00       2.3100e-01       6.1154e-02       4.3647e-02       4.5192e-03      -4.1806e-04 
 6.5000e+00       3.2800e+00       2.4100e-01       5.6573e-02       4.2463e-02       5.9424e-03      -7.6598e-04 
 6.5000e+00       3.2800e+00       2.5100e-01       5.2403e-02       4.1346e-02       6.7734e-03      -1.0524e-03 
 6.5000e+00       3.2800e+00       2.6100e-01       4.8600e-02       4.0290e-02       7.2848e-03      -1.2847e-03 
 6.5000e+00       3.2800e+00       2.7100e-01       4.5123e-02       3.9289e-02       7.5909e-03      -1.4694e-03 
 6.5000e+00       3.2800e+00       2.8100e-01       4.1941e-02       3.8339e-02       7.7538e-03      -1.6123e-03 
 6.5000e+00       3.2800e+00       2.9100e-01       3.9022e-02       3.7436e-02       7.8124e-03      -1.7181e-03 
 6.5000e+00       3.2800e+00       3.0100e-01       3.6341e-02       3.6576e-02       7.7923e-03      -1.7913e-03 
 6.5000e+00       3.2800e+00       3.1100e-01       3.3875e-02       3.5757e-02       7.7122e-03      -1.8357e-03 
 6.5000e+00       3.2800e+00       3.2100e-01       3.1603e-02       3.4975e-02       7.5853e-03      -1.8549e-03 
 6.5000e+00       3.2800e+00       3.3100e-01       2.9509e-02       3.4228e-02       7.4220e-03      -1.8517e-03 
 6.5000e+00       3.2800e+00       3.4100e-01       2.7575e-02       3.3514e-02       7.2301e-03      -1.8289e-03 
 6.5000e+00       3.2800e+00       3.5100e-01       2.5787e-02       3.2832e-02       7.0157e-03      -1.7890e-03 
 6.5000e+00       3.2800e+00       3.6100e-01       2.4133e-02       3.2178e-02       6.7838e-03      -1.7341e-03 
 6.5000e+00       3.2800e+00       3.7100e-01       2.2602e-02       3.1552e-02       6.5383e-03      -1.6661e-03 
 6.5000e+00       3.2800e+00       3.8100e-01       2.1182e-02       3.0952e-02       6.2823e-03      -1.5868e-03 
 6.5000e+00       3.2800e+00       3.9100e-01       1.9865e-02       3.0377e-02       6.0186e-03      -1.4978e-03 
 6.5000e+00       3.2800e+00       4.0100e-01       1.8643e-02       2.9825e-02       5.7491e-03      -1.4004e-03 
 6.5000e+00       3.2800e+00       4.1100e-01       1.7508e-02       2.9296e-02       5.4757e-03      -1.2960e-03 
 6.5000e+00       3.2800e+00       4.2100e-01       1.6452e-02       2.8787e-02       5.1999e-03      -1.1856e-03 
 6.5000e+00       3.2800e+00       4.3100e-01       1.5471e-02       2.8299e-02       4.9229e-03      -1.0704e-03 
 6.5000e+00       3.2800e+00       4.4100e-01       1.4557e-02       2.7830e-02       4.6457e-03      -9.5121e-04 
 6.5000e+00       3.2800e+00       4.5100e-01       1.3707e-02       2.7379e-02       4.3691e-03      -8.2892e-04 
 6.5000e+00       3.2800e+00       4.6100e-01       1.2915e-02       2.6946e-02       4.0939e-03      -7.0428e-04 
 6.5000e+00       3.2800e+00       4.7100e-01       1.2177e-02       2.6530e-02       3.8207e-03      -5.7797e-04 
 6.5000e+00       3.2800e+00       4.8100e-01       1.1489e-02       2.6129e-02       3.5500e-03      -4.5060e-04 
 6.5000e+00       3.2800e+00       4.9100e-01       1.0848e-02       2.5744e-02       3.2821e-03      -3.2273e-04  
 6.5000e+00       3.2800e+00       5.0100e-01       1.0250e-02       2.5373e-02       3.0175e-03      -1.9485e-04  
 6.5000e+00       3.2800e+00       5.1100e-01       9.6921e-03       2.5016e-02       2.7564e-03      -6.7399e-05  
 6.5000e+00       3.2800e+00       5.2100e-01       9.1715e-03       2.4673e-02       2.4991e-03       5.9215e-05 
 6.5000e+00       3.2800e+00       5.3100e-01       8.6857e-03       2.4342e-02       2.2458e-03       1.8464e-04 
 6.5000e+00       3.2800e+00       5.4100e-01       8.2322e-03       2.4024e-02       1.9966e-03       3.0855e-04 
 6.5000e+00       3.2800e+00       5.5100e-01       7.8090e-03       2.3718e-02       1.7516e-03       4.3068e-04 
 6.5000e+00       3.2800e+00       5.6100e-01       7.4139e-03       2.3423e-02       1.5111e-03       5.5076e-04 
 6.5000e+00       3.2800e+00       5.7100e-01       7.0452e-03       2.3138e-02       1.2749e-03       6.6859e-04 
 6.5000e+00       3.2800e+00       5.8100e-01       6.7010e-03       2.2865e-02       1.0433e-03       7.8396e-04 
 6.5000e+00       3.2800e+00       5.9100e-01       6.3797e-03       2.2601e-02       8.1620e-04       8.9671e-04 
 6.5000e+00       3.2800e+00       6.0100e-01       6.0799e-03       2.2346e-02       5.9368e-04       1.0067e-03 
 6.5000e+00       3.2800e+00       6.1100e-01       5.8001e-03       2.2101e-02       3.7574e-04       1.1138e-03 
 6.5000e+00       3.2800e+00       6.2100e-01       5.5391e-03       2.1865e-02       1.6238e-04       1.2179e-03 
 6.5000e+00       3.2800e+00       6.3100e-01       5.2956e-03       2.1637e-02      -4.6398e-05       1.3188e-03 
 6.5000e+00       3.2800e+00       6.4100e-01       5.0686e-03       2.1417e-02      -2.5062e-04       1.4167e-03 
 6.5000e+00       3.2800e+00       6.5100e-01       4.8570e-03       2.1205e-02      -4.5030e-04       1.5113e-03 
 6.5000e+00       3.2800e+00       6.6100e-01       4.6598e-03       2.1000e-02      -6.4548e-04       1.6026e-03 
 6.5000e+00       3.2800e+00       6.7100e-01       4.4762e-03       2.0803e-02      -8.3618e-04       1.6906e-03 
 6.5000e+00       3.2800e+00       6.8100e-01       4.3052e-03       2.0612e-02      -1.0225e-03       1.7753e-03 
 6.5000e+00       3.2800e+00       6.9100e-01       4.1461e-03       2.0428e-02      -1.2043e-03       1.8567e-03 
 6.5000e+00       3.2800e+00       7.0100e-01       3.9981e-03       2.0250e-02      -1.3819e-03       1.9347e-03 
 6.5000e+00       3.2800e+00       7.1100e-01       3.8606e-03       2.0078e-02      -1.5551e-03       2.0094e-03 
 6.5000e+00       3.2800e+00       7.2100e-01       3.7330e-03       1.9912e-02      -1.7241e-03       2.0807e-03 
 6.5000e+00       3.2800e+00       7.3100e-01       3.6145e-03       1.9752e-02      -1.8890e-03       2.1487e-03 
 6.5000e+00       3.2800e+00       7.4100e-01       3.5046e-03       1.9597e-02      -2.0497e-03       2.2135e-03 
 6.5000e+00       3.2800e+00       7.5100e-01       3.4029e-03       1.9447e-02      -2.2063e-03       2.2749e-03 
 6.5000e+00       3.2800e+00       7.6100e-01       3.3087e-03       1.9301e-02      -2.3589e-03       2.3332e-03 
 6.5000e+00       3.2800e+00       7.7100e-01       3.2217e-03       1.9161e-02      -2.5076e-03       2.3882e-03 
 6.5000e+00       3.2800e+00       7.8100e-01       3.1414e-03       1.9025e-02      -2.6523e-03       2.4402e-03 
 6.5000e+00       3.2800e+00       7.9100e-01       3.0674e-03       1.8893e-02      -2.7933e-03       2.4890e-03 
 6.5000e+00       3.2800e+00       8.0100e-01       2.9992e-03       1.8765e-02      -2.9304e-03       2.5347e-03 
 6.5000e+00       3.2800e+00       8.1100e-01       2.9366e-03       1.8641e-02      -3.0639e-03       2.5775e-03 
 6.5000e+00       3.2800e+00       8.2100e-01       2.8792e-03       1.8521e-02      -3.1937e-03       2.6174e-03 
 6.5000e+00       3.2800e+00       8.3100e-01       2.8267e-03       1.8404e-02      -3.3199e-03       2.6543e-03 
 6.5000e+00       3.2800e+00       8.4100e-01       2.7787e-03       1.8291e-02      -3.4426e-03       2.6885e-03 
 6.5000e+00       3.2800e+00       8.5100e-01       2.7350e-03       1.8181e-02      -3.5619e-03       2.7198e-03 
 6.5000e+00       3.2800e+00       8.6100e-01       2.6954e-03       1.8074e-02      -3.6777e-03       2.7485e-03 
 6.5000e+00       3.2800e+00       8.7100e-01       2.6595e-03       1.7971e-02      -3.7902e-03       2.7745e-03 
 6.5000e+00       3.2800e+00       8.8100e-01       2.6271e-03       1.7870e-02      -3.8994e-03       2.7980e-03  
 6.5000e+00       3.2800e+00       8.9100e-01       2.5980e-03       1.7771e-02      -4.0054e-03       2.8190e-03 
 6.5000e+00       3.2800e+00       9.0100e-01       2.5720e-03       1.7675e-02      -4.1082e-03       2.8375e-03 
 6.5000e+00       3.2800e+00       9.1100e-01       2.5489e-03       1.7582e-02      -4.2079e-03       2.8536e-03 
 6.5000e+00       3.2800e+00       9.2100e-01       2.5285e-03       1.7491e-02      -4.3046e-03       2.8674e-03 
 6.5000e+00       3.2800e+00       9.3100e-01       2.5106e-03       1.7402e-02      -4.3983e-03       2.8789e-03 
 6.5000e+00       3.2800e+00       9.4100e-01       2.4951e-03       1.7316e-02      -4.4891e-03       2.8883e-03  
 6.5000e+00       3.2800e+00       9.5100e-01       2.4817e-03       1.7231e-02      -4.5769e-03       2.8956e-03 
 6.5000e+00       3.2800e+00       9.6100e-01       2.4705e-03       1.7148e-02      -4.6620e-03       2.9008e-03 
 6.5000e+00       3.2800e+00       9.7100e-01       2.4611e-03       1.7067e-02      -4.7443e-03       2.9040e-03 
 6.5000e+00       3.2800e+00       9.8100e-01       2.4536e-03       1.6988e-02      -4.8239e-03       2.9053e-03 
 6.5000e+00       3.2800e+00       9.9100e-01       2.4476e-03       1.6910e-02      -4.9009e-03       2.9047e-03 
