 1.0000e+01       2.8900e+00       6.2283e-01       7.7719e-03       1.4537e-02       0.0000e+00       0.0000e+00
 1.0000e+01       2.8900e+00       6.3283e-01       7.4012e-03       1.4479e-02       2.6001e-04       5.1552e-05
 1.0000e+01       2.8900e+00       6.4283e-01       7.0504e-03       1.4429e-02       3.2323e-04       1.0413e-04
 1.0000e+01       2.8900e+00       6.5283e-01       6.7182e-03       1.4387e-02       3.4323e-04       1.5746e-04
 1.0000e+01       2.8900e+00       6.6283e-01       6.4038e-03       1.4354e-02       3.3756e-04       2.1130e-04
 1.0000e+01       2.8900e+00       6.7283e-01       6.1061e-03       1.4327e-02       3.1389e-04       2.6542e-04
 1.0000e+01       2.8900e+00       6.8283e-01       5.8243e-03       1.4308e-02       2.7656e-04       3.1962e-04
 1.0000e+01       2.8900e+00       6.9283e-01       5.5576e-03       1.4295e-02       2.2843e-04       3.7370e-04
 1.0000e+01       2.8900e+00       7.0283e-01       5.3050e-03       1.4288e-02       1.7153e-04       4.2749e-04
 1.0000e+01       2.8900e+00       7.1283e-01       5.0660e-03       1.4288e-02       1.0737e-04       4.8083e-04
 1.0000e+01       2.8900e+00       7.2283e-01       4.8399e-03       1.4293e-02       3.7140e-05       5.3356e-04
 1.0000e+01       2.8900e+00       7.3283e-01       4.6258e-03       1.4303e-02      -3.8201e-05       5.8556e-04
 1.0000e+01       2.8900e+00       7.4283e-01       4.4233e-03       1.4319e-02      -1.1787e-04       6.3670e-04
 1.0000e+01       2.8900e+00       7.5283e-01       4.2318e-03       1.4339e-02      -2.0119e-04       6.8687e-04
 1.0000e+01       2.8900e+00       7.6283e-01       4.0507e-03       1.4363e-02      -2.8762e-04       7.3597e-04
 1.0000e+01       2.8900e+00       7.7283e-01       3.8795e-03       1.4392e-02      -3.7667e-04       7.8392e-04
 1.0000e+01       2.8900e+00       7.8283e-01       3.7177e-03       1.4425e-02      -4.6792e-04       8.3062e-04
 1.0000e+01       2.8900e+00       7.9283e-01       3.5648e-03       1.4461e-02      -5.6100e-04       8.7601e-04
 1.0000e+01       2.8900e+00       8.0283e-01       3.4204e-03       1.4501e-02      -6.5559e-04       9.2002e-04
 1.0000e+01       2.8900e+00       8.1283e-01       3.2840e-03       1.4544e-02      -7.5140e-04       9.6260e-04
 1.0000e+01       2.8900e+00       8.2283e-01       3.1554e-03       1.4591e-02      -8.4818e-04       1.0037e-03
 1.0000e+01       2.8900e+00       8.3283e-01       3.0340e-03       1.4639e-02      -9.4569e-04       1.0433e-03
 1.0000e+01       2.8900e+00       8.4283e-01       2.9197e-03       1.4691e-02      -1.0437e-03       1.0813e-03
 1.0000e+01       2.8900e+00       8.5283e-01       2.8119e-03       1.4745e-02      -1.1421e-03       1.1177e-03
 1.0000e+01       2.8900e+00       8.6283e-01       2.7104e-03       1.4801e-02      -1.2407e-03       1.1525e-03
 1.0000e+01       2.8900e+00       8.7283e-01       2.6149e-03       1.4860e-02      -1.3393e-03       1.1856e-03
 1.0000e+01       2.8900e+00       8.8283e-01       2.5252e-03       1.4920e-02      -1.4378e-03       1.2171e-03
 1.0000e+01       2.8900e+00       8.9283e-01       2.4408e-03       1.4982e-02      -1.5361e-03       1.2469e-03
 1.0000e+01       2.8900e+00       9.0283e-01       2.3617e-03       1.5045e-02      -1.6340e-03       1.2751e-03
 1.0000e+01       2.8900e+00       9.1283e-01       2.2874e-03       1.5110e-02      -1.7315e-03       1.3015e-03
 1.0000e+01       2.8900e+00       9.2283e-01       2.2179e-03       1.5176e-02      -1.8284e-03       1.3263e-03
 1.0000e+01       2.8900e+00       9.3283e-01       2.1528e-03       1.5243e-02      -1.9247e-03       1.3494e-03
 1.0000e+01       2.8900e+00       9.4283e-01       2.0919e-03       1.5312e-02      -2.0203e-03       1.3709e-03
 1.0000e+01       2.8900e+00       9.5283e-01       2.0351e-03       1.5381e-02      -2.1151e-03       1.3907e-03
 1.0000e+01       2.8900e+00       9.6283e-01       1.9822e-03       1.5451e-02      -2.2090e-03       1.4088e-03
 1.0000e+01       2.8900e+00       9.7283e-01       1.9329e-03       1.5521e-02      -2.3021e-03       1.4253e-03
 1.0000e+01       2.8900e+00       9.8283e-01       1.8871e-03       1.5592e-02      -2.3942e-03       1.4401e-03
 1.0000e+01       2.8900e+00       9.9283e-01       1.8446e-03       1.5663e-02      -2.4852e-03       1.4534e-03
 1.0000e+01       2.8900e+00       1.0028e+00       1.8053e-03       1.5735e-02      -2.5753e-03       1.4651e-03
 1.0000e+01       2.8900e+00       1.0128e+00       1.7690e-03       1.5807e-02      -2.6642e-03       1.4752e-03
 1.0000e+01       2.8900e+00       1.0228e+00       1.7355e-03       1.5879e-02      -2.7520e-03       1.4838e-03
 1.0000e+01       2.8900e+00       1.0328e+00       1.7048e-03       1.5951e-02      -2.8386e-03       1.4909e-03
 1.0000e+01       2.8900e+00       1.0428e+00       1.6766e-03       1.6023e-02      -2.9240e-03       1.4965e-03
 1.0000e+01       2.8900e+00       1.0528e+00       1.6509e-03       1.6094e-02      -3.0082e-03       1.5007e-03
 1.0000e+01       2.8900e+00       1.0628e+00       1.6276e-03       1.6165e-02      -3.0911e-03       1.5034e-03
 1.0000e+01       2.8900e+00       1.0728e+00       1.6065e-03       1.6236e-02      -3.1728e-03       1.5047e-03
 1.0000e+01       2.8900e+00       1.0828e+00       1.5874e-03       1.6307e-02      -3.2532e-03       1.5047e-03
 1.0000e+01       2.8900e+00       1.0928e+00       1.5704e-03       1.6377e-02      -3.3322e-03       1.5033e-03
 1.0000e+01       2.8900e+00       1.1028e+00       1.5553e-03       1.6447e-02      -3.4100e-03       1.5006e-03
 1.0000e+01       2.8900e+00       1.1128e+00       1.5419e-03       1.6516e-02      -3.4864e-03       1.4967e-03
 1.0000e+01       2.8900e+00       1.1228e+00       1.5303e-03       1.6584e-02      -3.5614e-03       1.4915e-03
 1.0000e+01       2.8900e+00       1.1328e+00       1.5203e-03       1.6651e-02      -3.6351e-03       1.4851e-03
 1.0000e+01       2.8900e+00       1.1428e+00       1.5118e-03       1.6718e-02      -3.7074e-03       1.4775e-03
 1.0000e+01       2.8900e+00       1.1528e+00       1.5048e-03       1.6784e-02      -3.7783e-03       1.4688e-03
 1.0000e+01       2.8900e+00       1.1628e+00       1.4992e-03       1.6849e-02      -3.8478e-03       1.4590e-03
 1.0000e+01       2.8900e+00       1.1728e+00       1.4948e-03       1.6913e-02      -3.9160e-03       1.4481e-03
 1.0000e+01       2.8900e+00       1.1828e+00       1.4917e-03       1.6976e-02      -3.9828e-03       1.4361e-03
 1.0000e+01       2.8900e+00       1.1928e+00       1.4897e-03       1.7038e-02      -4.0482e-03       1.4232e-03
 1.0000e+01       2.8900e+00       1.2028e+00       1.4888e-03       1.7098e-02      -4.1121e-03       1.4093e-03
 1.0000e+01       2.8900e+00       1.2128e+00       1.4889e-03       1.7158e-02      -4.1747e-03       1.3945e-03
 1.0000e+01       2.8900e+00       1.2228e+00       1.4900e-03       1.7217e-02      -4.2360e-03       1.3788e-03
 1.0000e+01       2.8900e+00       1.2328e+00       1.4920e-03       1.7274e-02      -4.2958e-03       1.3622e-03
 1.0000e+01       2.8900e+00       1.2428e+00       1.4949e-03       1.7330e-02      -4.3542e-03       1.3448e-03
 1.0000e+01       2.8900e+00       1.2528e+00       1.4986e-03       1.7385e-02      -4.4113e-03       1.3266e-03
 1.0000e+01       2.8900e+00       1.2628e+00       1.5030e-03       1.7439e-02      -4.4670e-03       1.3077e-03
 1.0000e+01       2.8900e+00       1.2728e+00       1.5081e-03       1.7491e-02      -4.5213e-03       1.2880e-03
 1.0000e+01       2.8900e+00       1.2828e+00       1.5138e-03       1.7542e-02      -4.5743e-03       1.2676e-03
 1.0000e+01       2.8900e+00       1.2928e+00       1.5202e-03       1.7591e-02      -4.6260e-03       1.2465e-03
 1.0000e+01       2.8900e+00       1.3028e+00       1.5271e-03       1.7640e-02      -4.6762e-03       1.2249e-03
 1.0000e+01       2.8900e+00       1.3128e+00       1.5345e-03       1.7686e-02      -4.7252e-03       1.2026e-03
 1.0000e+01       2.8900e+00       1.3228e+00       1.5425e-03       1.7732e-02      -4.7728e-03       1.1798e-03
 1.0000e+01       2.8900e+00       1.3328e+00       1.5508e-03       1.7776e-02      -4.8191e-03       1.1564e-03
 1.0000e+01       2.8900e+00       1.3428e+00       1.5596e-03       1.7818e-02      -4.8641e-03       1.1326e-03
 1.0000e+01       2.8900e+00       1.3528e+00       1.5688e-03       1.7859e-02      -4.9078e-03       1.1082e-03
 1.0000e+01       2.8900e+00       1.3628e+00       1.5783e-03       1.7899e-02      -4.9502e-03       1.0834e-03
 1.0000e+01       2.8900e+00       1.3728e+00       1.5881e-03       1.7937e-02      -4.9914e-03       1.0583e-03
 1.0000e+01       2.8900e+00       1.3828e+00       1.5982e-03       1.7974e-02      -5.0313e-03       1.0327e-03
 1.0000e+01       2.8900e+00       1.3928e+00       1.6085e-03       1.8009e-02      -5.0699e-03       1.0068e-03
 1.0000e+01       2.8900e+00       1.4028e+00       1.6191e-03       1.8042e-02      -5.1073e-03       9.8050e-04
 1.0000e+01       2.8900e+00       1.4128e+00       1.6299e-03       1.8074e-02      -5.1435e-03       9.5395e-04
 1.0000e+01       2.8900e+00       1.4228e+00       1.6408e-03       1.8105e-02      -5.1785e-03       9.2713e-04
 1.0000e+01       2.8900e+00       1.4328e+00       1.6519e-03       1.8134e-02      -5.2122e-03       9.0007e-04
 1.0000e+01       2.8900e+00       1.4428e+00       1.6631e-03       1.8161e-02      -5.2448e-03       8.7279e-04
 1.0000e+01       2.8900e+00       1.4528e+00       1.6744e-03       1.8187e-02      -5.2762e-03       8.4531e-04
 1.0000e+01       2.8900e+00       1.4628e+00       1.6858e-03       1.8212e-02      -5.3065e-03       8.1767e-04
 1.0000e+01       2.8900e+00       1.4728e+00       1.6972e-03       1.8234e-02      -5.3356e-03       7.8988e-04
 1.0000e+01       2.8900e+00       1.4828e+00       1.7087e-03       1.8256e-02      -5.3636e-03       7.6198e-04
 1.0000e+01       2.8900e+00       1.4928e+00       1.7203e-03       1.8276e-02      -5.3904e-03       7.3398e-04
 1.0000e+01       2.8900e+00       1.5028e+00       1.7318e-03       1.8294e-02      -5.4162e-03       7.0590e-04
 1.0000e+01       2.8900e+00       1.5128e+00       1.7433e-03       1.8311e-02      -5.4409e-03       6.7778e-04
 1.0000e+01       2.8900e+00       1.5228e+00       1.7548e-03       1.8326e-02      -5.4645e-03       6.4963e-04
 1.0000e+01       2.8900e+00       1.5328e+00       1.7663e-03       1.8340e-02      -5.4870e-03       6.2146e-04
 1.0000e+01       2.8900e+00       1.5428e+00       1.7777e-03       1.8352e-02      -5.5086e-03       5.9332e-04
 1.0000e+01       2.8900e+00       1.5528e+00       1.7890e-03       1.8363e-02      -5.5291e-03       5.6520e-04
 1.0000e+01       2.8900e+00       1.5628e+00       1.8003e-03       1.8372e-02      -5.5485e-03       5.3714e-04
 1.0000e+01       2.8900e+00       1.5728e+00       1.8114e-03       1.8380e-02      -5.5670e-03       5.0914e-04
 1.0000e+01       2.8900e+00       1.5828e+00       1.8225e-03       1.8386e-02      -5.5845e-03       4.8124e-04
 1.0000e+01       2.8900e+00       1.5928e+00       1.8335e-03       1.8391e-02      -5.6011e-03       4.5344e-04
 1.0000e+01       2.8900e+00       1.6028e+00       1.8443e-03       1.8394e-02      -5.6167e-03       4.2577e-04
 1.0000e+01       2.8900e+00       1.6128e+00       1.8550e-03       1.8396e-02      -5.6313e-03       3.9825e-04
 1.0000e+01       2.8900e+00       1.6228e+00       1.8655e-03       1.8396e-02      -5.6451e-03       3.7087e-04
 1.0000e+01       2.8900e+00       1.6328e+00       1.8759e-03       1.8395e-02      -5.6579e-03       3.4368e-04
 1.0000e+01       2.8900e+00       1.6428e+00       1.8862e-03       1.8393e-02      -5.6699e-03       3.1667e-04
