 2.0000e+00       2.1000e+00       1.6314e-01       2.9624e+00       2.7147e+00       0.0000e+00       0.0000e+00       0.0000e+00
 2.0000e+00       2.1000e+00       1.7314e-01       2.7214e+00       2.6398e+00       7.2307e-02      -4.2701e-02       1.1261e-01
 2.0000e+00       2.1000e+00       1.8314e-01       2.5062e+00       2.5709e+00       8.8332e-02      -7.9081e-02       1.5550e-01
 2.0000e+00       2.1000e+00       1.9314e-01       2.3131e+00       2.5073e+00       9.2965e-02      -1.1006e-01       1.8595e-01
 2.0000e+00       2.1000e+00       2.0314e-01       2.1394e+00       2.4482e+00       9.1568e-02      -1.3638e-01       2.0965e-01
 2.0000e+00       2.1000e+00       2.1314e-01       1.9826e+00       2.3932e+00       8.6447e-02      -1.5868e-01       2.2887e-01
 2.0000e+00       2.1000e+00       2.2314e-01       1.8405e+00       2.3416e+00       7.8861e-02      -1.7747e-01       2.4482e-01
 2.0000e+00       2.1000e+00       2.3314e-01       1.7116e+00       2.2932e+00       6.9583e-02      -1.9319e-01       2.5823e-01
 2.0000e+00       2.1000e+00       2.4314e-01       1.5942e+00       2.2475e+00       5.9118e-02      -2.0621e-01       2.6958e-01
 2.0000e+00       2.1000e+00       2.5314e-01       1.4872e+00       2.2043e+00       4.7814e-02      -2.1686e-01       2.7924e-01
 2.0000e+00       2.1000e+00       2.6314e-01       1.3894e+00       2.1634e+00       3.5918e-02      -2.2540e-01       2.8745e-01
 2.0000e+00       2.1000e+00       2.7314e-01       1.2998e+00       2.1245e+00       2.3607e-02      -2.3208e-01       2.9443e-01
 2.0000e+00       2.1000e+00       2.8314e-01       1.2177e+00       2.0874e+00       1.1012e-02      -2.3710e-01       3.0035e-01
 2.0000e+00       2.1000e+00       2.9314e-01       1.1423e+00       2.0521e+00      -1.7672e-03      -2.4065e-01       3.0532e-01
 2.0000e+00       2.1000e+00       3.0314e-01       1.0730e+00       2.0183e+00      -1.4658e-02      -2.4289e-01       3.0946e-01
 2.0000e+00       2.1000e+00       3.1314e-01       1.0092e+00       1.9859e+00      -2.7603e-02      -2.4394e-01       3.1287e-01
 2.0000e+00       2.1000e+00       3.2314e-01       9.5045e-01       1.9549e+00      -4.0560e-02      -2.4395e-01       3.1561e-01
 2.0000e+00       2.1000e+00       3.3314e-01       8.9626e-01       1.9251e+00      -5.3496e-02      -2.4302e-01       3.1777e-01
 2.0000e+00       2.1000e+00       3.4314e-01       8.4625e-01       1.8965e+00      -6.6386e-02      -2.4126e-01       3.1939e-01
 2.0000e+00       2.1000e+00       3.5314e-01       8.0007e-01       1.8690e+00      -7.9210e-02      -2.3874e-01       3.2053e-01
 2.0000e+00       2.1000e+00       3.6314e-01       7.5741e-01       1.8425e+00      -9.1954e-02      -2.3555e-01       3.2123e-01
 2.0000e+00       2.1000e+00       3.7314e-01       7.1799e-01       1.8169e+00      -1.0461e-01      -2.3176e-01       3.2154e-01
 2.0000e+00       2.1000e+00       3.8314e-01       6.8155e-01       1.7923e+00      -1.1716e-01      -2.2744e-01       3.2149e-01
 2.0000e+00       2.1000e+00       3.9314e-01       6.4786e-01       1.7685e+00      -1.2960e-01      -2.2265e-01       3.2111e-01
 2.0000e+00       2.1000e+00       4.0314e-01       6.1671e-01       1.7455e+00      -1.4194e-01      -2.1743e-01       3.2043e-01
 2.0000e+00       2.1000e+00       4.1314e-01       5.8792e-01       1.7233e+00      -1.5416e-01      -2.1185e-01       3.1948e-01
 2.0000e+00       2.1000e+00       4.2314e-01       5.6131e-01       1.7018e+00      -1.6626e-01      -2.0593e-01       3.1828e-01
 2.0000e+00       2.1000e+00       4.3314e-01       5.3673e-01       1.6810e+00      -1.7825e-01      -1.9972e-01       3.1686e-01
 2.0000e+00       2.1000e+00       4.4314e-01       5.1403e-01       1.6609e+00      -1.9012e-01      -1.9326e-01       3.1523e-01
 2.0000e+00       2.1000e+00       4.5314e-01       4.9309e-01       1.6414e+00      -2.0187e-01      -1.8658e-01       3.1341e-01
 2.0000e+00       2.1000e+00       4.6314e-01       4.7378e-01       1.6225e+00      -2.1350e-01      -1.7971e-01       3.1141e-01
 2.0000e+00       2.1000e+00       4.7314e-01       4.5600e-01       1.6042e+00      -2.2501e-01      -1.7268e-01       3.0926e-01
 2.0000e+00       2.1000e+00       4.8314e-01       4.3964e-01       1.5864e+00      -2.3641e-01      -1.6551e-01       3.0696e-01
 2.0000e+00       2.1000e+00       4.9314e-01       4.2462e-01       1.5692e+00      -2.4769e-01      -1.5823e-01       3.0454e-01
 2.0000e+00       2.1000e+00       5.0314e-01       4.1085e-01       1.5525e+00      -2.5886e-01      -1.5085e-01       3.0199e-01
 2.0000e+00       2.1000e+00       5.1314e-01       3.9824e-01       1.5363e+00      -2.6992e-01      -1.4341e-01       2.9934e-01
 2.0000e+00       2.1000e+00       5.2314e-01       3.8673e-01       1.5205e+00      -2.8086e-01      -1.3591e-01       2.9659e-01
 2.0000e+00       2.1000e+00       5.3314e-01       3.7625e-01       1.5053e+00      -2.9170e-01      -1.2838e-01       2.9375e-01
 2.0000e+00       2.1000e+00       5.4314e-01       3.6674e-01       1.4904e+00      -3.0242e-01      -1.2082e-01       2.9083e-01
 2.0000e+00       2.1000e+00       5.5314e-01       3.5813e-01       1.4760e+00      -3.1304e-01      -1.1325e-01       2.8784e-01
 2.0000e+00       2.1000e+00       5.6314e-01       3.5038e-01       1.4621e+00      -3.2355e-01      -1.0569e-01       2.8478e-01
 2.0000e+00       2.1000e+00       5.7314e-01       3.4344e-01       1.4485e+00      -3.3396e-01      -9.8144e-02       2.8167e-01
 2.0000e+00       2.1000e+00       5.8314e-01       3.3725e-01       1.4353e+00      -3.4426e-01      -9.0625e-02       2.7850e-01
 2.0000e+00       2.1000e+00       5.9314e-01       3.3178e-01       1.4225e+00      -3.5447e-01      -8.3142e-02       2.7529e-01
 2.0000e+00       2.1000e+00       6.0314e-01       3.2699e-01       1.4100e+00      -3.6457e-01      -7.5706e-02       2.7204e-01
 2.0000e+00       2.1000e+00       6.1314e-01       3.2283e-01       1.3979e+00      -3.7457e-01      -6.8323e-02       2.6875e-01
 2.0000e+00       2.1000e+00       6.2314e-01       3.1927e-01       1.3861e+00      -3.8448e-01      -6.1002e-02       2.6544e-01
 2.0000e+00       2.1000e+00       6.3314e-01       3.1629e-01       1.3747e+00      -3.9428e-01      -5.3749e-02       2.6210e-01
 2.0000e+00       2.1000e+00       6.4314e-01       3.1384e-01       1.3636e+00      -4.0400e-01      -4.6571e-02       2.5874e-01
 2.0000e+00       2.1000e+00       6.5314e-01       3.1190e-01       1.3528e+00      -4.1362e-01      -3.9473e-02       2.5536e-01
 2.0000e+00       2.1000e+00       6.6314e-01       3.1044e-01       1.3423e+00      -4.2314e-01      -3.2461e-02       2.5197e-01
 2.0000e+00       2.1000e+00       6.7314e-01       3.0943e-01       1.3321e+00      -4.3257e-01      -2.5539e-02       2.4857e-01
 2.0000e+00       2.1000e+00       6.8314e-01       3.0886e-01       1.3222e+00      -4.4191e-01      -1.8712e-02       2.4516e-01
 2.0000e+00       2.1000e+00       6.9314e-01       3.0870e-01       1.3125e+00      -4.5117e-01      -1.1983e-02       2.4175e-01
 2.0000e+00       2.1000e+00       7.0314e-01       3.0893e-01       1.3032e+00      -4.6033e-01      -5.3567e-03       2.3834e-01
 2.0000e+00       2.1000e+00       7.1314e-01       3.0953e-01       1.2940e+00      -4.6940e-01       1.1649e-03       2.3492e-01
 2.0000e+00       2.1000e+00       7.2314e-01       3.1047e-01       1.2852e+00      -4.7839e-01       7.5786e-03       2.3151e-01
 2.0000e+00       2.1000e+00       7.3314e-01       3.1175e-01       1.2766e+00      -4.8729e-01       1.3882e-02       2.2811e-01
 2.0000e+00       2.1000e+00       7.4314e-01       3.1334e-01       1.2682e+00      -4.9610e-01       2.0073e-02       2.2472e-01
 2.0000e+00       2.1000e+00       7.5314e-01       3.1523e-01       1.2601e+00      -5.0483e-01       2.6150e-02       2.2133e-01
 2.0000e+00       2.1000e+00       7.6314e-01       3.1740e-01       1.2521e+00      -5.1347e-01       3.2110e-02       2.1796e-01
 2.0000e+00       2.1000e+00       7.7314e-01       3.1984e-01       1.2444e+00      -5.2203e-01       3.7954e-02       2.1460e-01
 2.0000e+00       2.1000e+00       7.8314e-01       3.2254e-01       1.2370e+00      -5.3051e-01       4.3678e-02       2.1126e-01
 2.0000e+00       2.1000e+00       7.9314e-01       3.2548e-01       1.2297e+00      -5.3890e-01       4.9283e-02       2.0793e-01
 2.0000e+00       2.1000e+00       8.0314e-01       3.2865e-01       1.2226e+00      -5.4722e-01       5.4768e-02       2.0462e-01
 2.0000e+00       2.1000e+00       8.1314e-01       3.3204e-01       1.2157e+00      -5.5545e-01       6.0132e-02       2.0132e-01
 2.0000e+00       2.1000e+00       8.2314e-01       3.3564e-01       1.2090e+00      -5.6360e-01       6.5374e-02       1.9805e-01
 2.0000e+00       2.1000e+00       8.3314e-01       3.3944e-01       1.2025e+00      -5.7167e-01       7.0495e-02       1.9480e-01
 2.0000e+00       2.1000e+00       8.4314e-01       3.4342e-01       1.1962e+00      -5.7967e-01       7.5494e-02       1.9157e-01
 2.0000e+00       2.1000e+00       8.5314e-01       3.4759e-01       1.1901e+00      -5.8758e-01       8.0371e-02       1.8837e-01
 2.0000e+00       2.1000e+00       8.6314e-01       3.5193e-01       1.1841e+00      -5.9542e-01       8.5126e-02       1.8519e-01
 2.0000e+00       2.1000e+00       8.7314e-01       3.5642e-01       1.1783e+00      -6.0318e-01       8.9760e-02       1.8203e-01
 2.0000e+00       2.1000e+00       8.8314e-01       3.6107e-01       1.1726e+00      -6.1086e-01       9.4272e-02       1.7890e-01
 2.0000e+00       2.1000e+00       8.9314e-01       3.6587e-01       1.1672e+00      -6.1847e-01       9.8664e-02       1.7579e-01
 2.0000e+00       2.1000e+00       9.0314e-01       3.7081e-01       1.1618e+00      -6.2600e-01       1.0294e-01       1.7271e-01
 2.0000e+00       2.1000e+00       9.1314e-01       3.7588e-01       1.1566e+00      -6.3345e-01       1.0709e-01       1.6966e-01
 2.0000e+00       2.1000e+00       9.2314e-01       3.8107e-01       1.1516e+00      -6.4083e-01       1.1112e-01       1.6664e-01
 2.0000e+00       2.1000e+00       9.3314e-01       3.8638e-01       1.1467e+00      -6.4813e-01       1.1504e-01       1.6364e-01
 2.0000e+00       2.1000e+00       9.4314e-01       3.9181e-01       1.1419e+00      -6.5536e-01       1.1883e-01       1.6067e-01
 2.0000e+00       2.1000e+00       9.5314e-01       3.9734e-01       1.1373e+00      -6.6252e-01       1.2251e-01       1.5773e-01
 2.0000e+00       2.1000e+00       9.6314e-01       4.0298e-01       1.1328e+00      -6.6960e-01       1.2608e-01       1.5482e-01
 2.0000e+00       2.1000e+00       9.7314e-01       4.0871e-01       1.1284e+00      -6.7661e-01       1.2953e-01       1.5194e-01
 2.0000e+00       2.1000e+00       9.8314e-01       4.1453e-01       1.1241e+00      -6.8355e-01       1.3287e-01       1.4909e-01
 2.0000e+00       2.1000e+00       9.9314e-01       4.2044e-01       1.1200e+00      -6.9041e-01       1.3609e-01       1.4627e-01
 2.0000e+00       2.1000e+00       1.0031e+00       4.2643e-01       1.1159e+00      -6.9720e-01       1.3921e-01       1.4348e-01
 2.0000e+00       2.1000e+00       1.0131e+00       4.3250e-01       1.1120e+00      -7.0392e-01       1.4221e-01       1.4072e-01
 2.0000e+00       2.1000e+00       1.0231e+00       4.3864e-01       1.1082e+00      -7.1057e-01       1.4511e-01       1.3799e-01
 2.0000e+00       2.1000e+00       1.0331e+00       4.4485e-01       1.1045e+00      -7.1715e-01       1.4790e-01       1.3529e-01
 2.0000e+00       2.1000e+00       1.0431e+00       4.5113e-01       1.1009e+00      -7.2366e-01       1.5058e-01       1.3263e-01
 2.0000e+00       2.1000e+00       1.0531e+00       4.5747e-01       1.0974e+00      -7.3010e-01       1.5316e-01       1.2999e-01
 2.0000e+00       2.1000e+00       1.0631e+00       4.6386e-01       1.0940e+00      -7.3647e-01       1.5563e-01       1.2738e-01
 2.0000e+00       2.1000e+00       1.0731e+00       4.7032e-01       1.0906e+00      -7.4276e-01       1.5800e-01       1.2481e-01
 2.0000e+00       2.1000e+00       1.0831e+00       4.7682e-01       1.0874e+00      -7.4899e-01       1.6027e-01       1.2226e-01
 2.0000e+00       2.1000e+00       1.0931e+00       4.8337e-01       1.0843e+00      -7.5515e-01       1.6244e-01       1.1975e-01
 2.0000e+00       2.1000e+00       1.1031e+00       4.8997e-01       1.0812e+00      -7.6125e-01       1.6452e-01       1.1727e-01
 2.0000e+00       2.1000e+00       1.1131e+00       4.9661e-01       1.0782e+00      -7.6727e-01       1.6649e-01       1.1482e-01
 2.0000e+00       2.1000e+00       1.1231e+00       5.0329e-01       1.0753e+00      -7.7323e-01       1.6838e-01       1.1240e-01
 2.0000e+00       2.1000e+00       1.1331e+00       5.1000e-01       1.0725e+00      -7.7912e-01       1.7016e-01       1.1001e-01
 2.0000e+00       2.1000e+00       1.1431e+00       5.1676e-01       1.0697e+00      -7.8494e-01       1.7186e-01       1.0765e-01
 2.0000e+00       2.1000e+00       1.1531e+00       5.2354e-01       1.0670e+00      -7.9069e-01       1.7346e-01       1.0532e-01
 2.0000e+00       2.1000e+00       1.1631e+00       5.3035e-01       1.0644e+00      -7.9638e-01       1.7498e-01       1.0302e-01
 2.0000e+00       2.1000e+00       1.1731e+00       5.3719e-01       1.0619e+00      -8.0200e-01       1.7641e-01       1.0075e-01
 2.0000e+00       2.1000e+00       1.1831e+00       5.4406e-01       1.0594e+00      -8.0756e-01       1.7775e-01       9.8518e-02
 2.0000e+00       2.1000e+00       1.1931e+00       5.5095e-01       1.0570e+00      -8.1305e-01       1.7900e-01       9.6312e-02
 2.0000e+00       2.1000e+00       1.2031e+00       5.5786e-01       1.0546e+00      -8.1847e-01       1.8017e-01       9.4136e-02
 2.0000e+00       2.1000e+00       1.2131e+00       5.6479e-01       1.0523e+00      -8.2383e-01       1.8127e-01       9.1990e-02
 2.0000e+00       2.1000e+00       1.2231e+00       5.7174e-01       1.0501e+00      -8.2912e-01       1.8227e-01       8.9875e-02
 2.0000e+00       2.1000e+00       1.2331e+00       5.7870e-01       1.0479e+00      -8.3435e-01       1.8320e-01       8.7789e-02
 2.0000e+00       2.1000e+00       1.2431e+00       5.8568e-01       1.0457e+00      -8.3952e-01       1.8406e-01       8.5733e-02
 2.0000e+00       2.1000e+00       1.2531e+00       5.9266e-01       1.0436e+00      -8.4462e-01       1.8483e-01       8.3706e-02
 2.0000e+00       2.1000e+00       1.2631e+00       5.9966e-01       1.0416e+00      -8.4966e-01       1.8553e-01       8.1709e-02
 2.0000e+00       2.1000e+00       1.2731e+00       6.0667e-01       1.0396e+00      -8.5463e-01       1.8616e-01       7.9741e-02
 2.0000e+00       2.1000e+00       1.2831e+00       6.1369e-01       1.0376e+00      -8.5954e-01       1.8672e-01       7.7803e-02
 2.0000e+00       2.1000e+00       1.2931e+00       6.2071e-01       1.0357e+00      -8.6439e-01       1.8720e-01       7.5893e-02
 2.0000e+00       2.1000e+00       1.3031e+00       6.2773e-01       1.0338e+00      -8.6918e-01       1.8762e-01       7.4012e-02
 2.0000e+00       2.1000e+00       1.3131e+00       6.3476e-01       1.0320e+00      -8.7390e-01       1.8797e-01       7.2160e-02
 2.0000e+00       2.1000e+00       1.3231e+00       6.4179e-01       1.0302e+00      -8.7856e-01       1.8825e-01       7.0336e-02
 2.0000e+00       2.1000e+00       1.3331e+00       6.4882e-01       1.0284e+00      -8.8316e-01       1.8846e-01       6.8541e-02
 2.0000e+00       2.1000e+00       1.3431e+00       6.5586e-01       1.0267e+00      -8.8770e-01       1.8862e-01       6.6773e-02
 2.0000e+00       2.1000e+00       1.3531e+00       6.6289e-01       1.0250e+00      -8.9217e-01       1.8871e-01       6.5034e-02
 2.0000e+00       2.1000e+00       1.3631e+00       6.6991e-01       1.0233e+00      -8.9659e-01       1.8874e-01       6.3322e-02
 2.0000e+00       2.1000e+00       1.3731e+00       6.7694e-01       1.0217e+00      -9.0094e-01       1.8871e-01       6.1639e-02
 2.0000e+00       2.1000e+00       1.3831e+00       6.8395e-01       1.0201e+00      -9.0524e-01       1.8862e-01       5.9982e-02
 2.0000e+00       2.1000e+00       1.3931e+00       6.9096e-01       1.0185e+00      -9.0947e-01       1.8847e-01       5.8353e-02
 2.0000e+00       2.1000e+00       1.4031e+00       6.9797e-01       1.0169e+00      -9.1364e-01       1.8827e-01       5.6750e-02
 2.0000e+00       2.1000e+00       1.4131e+00       7.0497e-01       1.0154e+00      -9.1776e-01       1.8801e-01       5.5175e-02
 2.0000e+00       2.1000e+00       1.4231e+00       7.1196e-01       1.0139e+00      -9.2181e-01       1.8771e-01       5.3626e-02
 2.0000e+00       2.1000e+00       1.4331e+00       7.1893e-01       1.0124e+00      -9.2581e-01       1.8734e-01       5.2104e-02
 2.0000e+00       2.1000e+00       1.4431e+00       7.2590e-01       1.0109e+00      -9.2975e-01       1.8693e-01       5.0608e-02
 2.0000e+00       2.1000e+00       1.4531e+00       7.3286e-01       1.0095e+00      -9.3363e-01       1.8647e-01       4.9139e-02
 2.0000e+00       2.1000e+00       1.4631e+00       7.3980e-01       1.0080e+00      -9.3745e-01       1.8596e-01       4.7695e-02
 2.0000e+00       2.1000e+00       1.4731e+00       7.4673e-01       1.0066e+00      -9.4121e-01       1.8540e-01       4.6277e-02
 2.0000e+00       2.1000e+00       1.4831e+00       7.5365e-01       1.0052e+00      -9.4491e-01       1.8480e-01       4.4884e-02
 2.0000e+00       2.1000e+00       1.4931e+00       7.6056e-01       1.0038e+00      -9.4856e-01       1.8416e-01       4.3517e-02
