 4.0000e+00       2.1000e+00       4.5481e-01       3.3159e-01       6.5255e-01       0.0000e+00       0.0000e+00       0.0000e+00
 4.0000e+00       2.1000e+00       4.6481e-01       3.1629e-01       6.4536e-01       2.9040e-03      -5.4589e-04       3.5936e-02
 4.0000e+00       2.1000e+00       4.7481e-01       3.0185e-01       6.3853e-01       2.9411e-03      -8.7472e-04       4.9906e-02
 4.0000e+00       2.1000e+00       4.8481e-01       2.8822e-01       6.3204e-01       2.2189e-03      -1.0047e-03       6.0021e-02
 4.0000e+00       2.1000e+00       4.9481e-01       2.7533e-01       6.2588e-01       1.0132e-03      -9.5270e-04       6.8058e-02
 4.0000e+00       2.1000e+00       5.0481e-01       2.6315e-01       6.2003e-01      -5.4795e-04      -7.3438e-04       7.4719e-02
 4.0000e+00       2.1000e+00       5.1481e-01       2.5165e-01       6.1447e-01      -2.3887e-03      -3.6426e-04       8.0375e-02
 4.0000e+00       2.1000e+00       5.2481e-01       2.4077e-01       6.0921e-01      -4.4578e-03       1.4417e-04       8.5247e-02
 4.0000e+00       2.1000e+00       5.3481e-01       2.3048e-01       6.0421e-01      -6.7185e-03       7.7836e-04       8.9487e-02
 4.0000e+00       2.1000e+00       5.4481e-01       2.2076e-01       5.9947e-01      -9.1423e-03       1.5266e-03       9.3200e-02
 4.0000e+00       2.1000e+00       5.5481e-01       2.1156e-01       5.9499e-01      -1.1707e-02       2.3781e-03       9.6463e-02
 4.0000e+00       2.1000e+00       5.6481e-01       2.0287e-01       5.9075e-01      -1.4395e-02       3.3226e-03       9.9339e-02
 4.0000e+00       2.1000e+00       5.7481e-01       1.9466e-01       5.8673e-01      -1.7190e-02       4.3508e-03       1.0188e-01
 4.0000e+00       2.1000e+00       5.8481e-01       1.8689e-01       5.8294e-01      -2.0081e-02       5.4538e-03       1.0411e-01
 4.0000e+00       2.1000e+00       5.9481e-01       1.7955e-01       5.7937e-01      -2.3056e-02       6.6233e-03       1.0608e-01
 4.0000e+00       2.1000e+00       6.0481e-01       1.7262e-01       5.7599e-01      -2.6107e-02       7.8518e-03       1.0780e-01
 4.0000e+00       2.1000e+00       6.1481e-01       1.6607e-01       5.7282e-01      -2.9225e-02       9.1319e-03       1.0931e-01
 4.0000e+00       2.1000e+00       6.2481e-01       1.5989e-01       5.6983e-01      -3.2403e-02       1.0457e-02       1.1062e-01
 4.0000e+00       2.1000e+00       6.3481e-01       1.5406e-01       5.6703e-01      -3.5636e-02       1.1821e-02       1.1175e-01
 4.0000e+00       2.1000e+00       6.4481e-01       1.4857e-01       5.6441e-01      -3.8916e-02       1.3218e-02       1.1271e-01
 4.0000e+00       2.1000e+00       6.5481e-01       1.4338e-01       5.6195e-01      -4.2240e-02       1.4642e-02       1.1352e-01
 4.0000e+00       2.1000e+00       6.6481e-01       1.3850e-01       5.5965e-01      -4.5602e-02       1.6089e-02       1.1419e-01
 4.0000e+00       2.1000e+00       6.7481e-01       1.3391e-01       5.5752e-01      -4.9000e-02       1.7553e-02       1.1473e-01
 4.0000e+00       2.1000e+00       6.8481e-01       1.2960e-01       5.5553e-01      -5.2428e-02       1.9030e-02       1.1515e-01
 4.0000e+00       2.1000e+00       6.9481e-01       1.2554e-01       5.5369e-01      -5.5884e-02       2.0516e-02       1.1545e-01
 4.0000e+00       2.1000e+00       7.0481e-01       1.2174e-01       5.5199e-01      -5.9364e-02       2.2007e-02       1.1566e-01
 4.0000e+00       2.1000e+00       7.1481e-01       1.1817e-01       5.5042e-01      -6.2866e-02       2.3499e-02       1.1576e-01
 4.0000e+00       2.1000e+00       7.2481e-01       1.1484e-01       5.4899e-01      -6.6387e-02       2.4990e-02       1.1578e-01
 4.0000e+00       2.1000e+00       7.3481e-01       1.1172e-01       5.4768e-01      -6.9924e-02       2.6475e-02       1.1571e-01
 4.0000e+00       2.1000e+00       7.4481e-01       1.0882e-01       5.4649e-01      -7.3475e-02       2.7952e-02       1.1556e-01
 4.0000e+00       2.1000e+00       7.5481e-01       1.0611e-01       5.4541e-01      -7.7038e-02       2.9418e-02       1.1534e-01
 4.0000e+00       2.1000e+00       7.6481e-01       1.0360e-01       5.4445e-01      -8.0610e-02       3.0871e-02       1.1505e-01
 4.0000e+00       2.1000e+00       7.7481e-01       1.0128e-01       5.4360e-01      -8.4191e-02       3.2308e-02       1.1470e-01
 4.0000e+00       2.1000e+00       7.8481e-01       9.9128e-02       5.4284e-01      -8.7778e-02       3.3727e-02       1.1428e-01
 4.0000e+00       2.1000e+00       7.9481e-01       9.7148e-02       5.4219e-01      -9.1370e-02       3.5126e-02       1.1381e-01
 4.0000e+00       2.1000e+00       8.0481e-01       9.5332e-02       5.4164e-01      -9.4964e-02       3.6503e-02       1.1328e-01
 4.0000e+00       2.1000e+00       8.1481e-01       9.3671e-02       5.4118e-01      -9.8560e-02       3.7856e-02       1.1271e-01
 4.0000e+00       2.1000e+00       8.2481e-01       9.2162e-02       5.4080e-01      -1.0216e-01       3.9184e-02       1.1209e-01
 4.0000e+00       2.1000e+00       8.3481e-01       9.0796e-02       5.4051e-01      -1.0575e-01       4.0485e-02       1.1142e-01
 4.0000e+00       2.1000e+00       8.4481e-01       8.9568e-02       5.4031e-01      -1.0934e-01       4.1759e-02       1.1072e-01
 4.0000e+00       2.1000e+00       8.5481e-01       8.8474e-02       5.4018e-01      -1.1293e-01       4.3002e-02       1.0997e-01
 4.0000e+00       2.1000e+00       8.6481e-01       8.7507e-02       5.4012e-01      -1.1651e-01       4.4215e-02       1.0919e-01
 4.0000e+00       2.1000e+00       8.7481e-01       8.6663e-02       5.4014e-01      -1.2009e-01       4.5397e-02       1.0838e-01
 4.0000e+00       2.1000e+00       8.8481e-01       8.5938e-02       5.4023e-01      -1.2366e-01       4.6546e-02       1.0753e-01
 4.0000e+00       2.1000e+00       8.9481e-01       8.5325e-02       5.4039e-01      -1.2722e-01       4.7661e-02       1.0665e-01
 4.0000e+00       2.1000e+00       9.0481e-01       8.4822e-02       5.4061e-01      -1.3077e-01       4.8743e-02       1.0575e-01
 4.0000e+00       2.1000e+00       9.1481e-01       8.4423e-02       5.4089e-01      -1.3431e-01       4.9789e-02       1.0482e-01
 4.0000e+00       2.1000e+00       9.2481e-01       8.4126e-02       5.4123e-01      -1.3784e-01       5.0800e-02       1.0386e-01
 4.0000e+00       2.1000e+00       9.3481e-01       8.3925e-02       5.4162e-01      -1.4136e-01       5.1775e-02       1.0288e-01
 4.0000e+00       2.1000e+00       9.4481e-01       8.3817e-02       5.4207e-01      -1.4487e-01       5.2713e-02       1.0188e-01
 4.0000e+00       2.1000e+00       9.5481e-01       8.3799e-02       5.4257e-01      -1.4836e-01       5.3615e-02       1.0086e-01
 4.0000e+00       2.1000e+00       9.6481e-01       8.3868e-02       5.4312e-01      -1.5184e-01       5.4479e-02       9.9824e-02
 4.0000e+00       2.1000e+00       9.7481e-01       8.4019e-02       5.4371e-01      -1.5530e-01       5.5306e-02       9.8769e-02
 4.0000e+00       2.1000e+00       9.8481e-01       8.4250e-02       5.4435e-01      -1.5875e-01       5.6095e-02       9.7697e-02
 4.0000e+00       2.1000e+00       9.9481e-01       8.4558e-02       5.4503e-01      -1.6218e-01       5.6847e-02       9.6610e-02
 4.0000e+00       2.1000e+00       1.0048e+00       8.4939e-02       5.4575e-01      -1.6559e-01       5.7560e-02       9.5510e-02
 4.0000e+00       2.1000e+00       1.0148e+00       8.5392e-02       5.4651e-01      -1.6898e-01       5.8235e-02       9.4396e-02
 4.0000e+00       2.1000e+00       1.0248e+00       8.5912e-02       5.4730e-01      -1.7236e-01       5.8872e-02       9.3271e-02
 4.0000e+00       2.1000e+00       1.0348e+00       8.6498e-02       5.4812e-01      -1.7572e-01       5.9470e-02       9.2136e-02
 4.0000e+00       2.1000e+00       1.0448e+00       8.7147e-02       5.4898e-01      -1.7905e-01       6.0031e-02       9.0990e-02
 4.0000e+00       2.1000e+00       1.0548e+00       8.7857e-02       5.4987e-01      -1.8237e-01       6.0554e-02       8.9835e-02
 4.0000e+00       2.1000e+00       1.0648e+00       8.8624e-02       5.5078e-01      -1.8566e-01       6.1039e-02       8.8672e-02
 4.0000e+00       2.1000e+00       1.0748e+00       8.9448e-02       5.5172e-01      -1.8894e-01       6.1486e-02       8.7502e-02
 4.0000e+00       2.1000e+00       1.0848e+00       9.0324e-02       5.5269e-01      -1.9219e-01       6.1896e-02       8.6325e-02
 4.0000e+00       2.1000e+00       1.0948e+00       9.1253e-02       5.5368e-01      -1.9542e-01       6.2268e-02       8.5142e-02
 4.0000e+00       2.1000e+00       1.1048e+00       9.2230e-02       5.5468e-01      -1.9863e-01       6.2603e-02       8.3954e-02
 4.0000e+00       2.1000e+00       1.1148e+00       9.3255e-02       5.5571e-01      -2.0181e-01       6.2902e-02       8.2761e-02
 4.0000e+00       2.1000e+00       1.1248e+00       9.4325e-02       5.5676e-01      -2.0497e-01       6.3164e-02       8.1564e-02
 4.0000e+00       2.1000e+00       1.1348e+00       9.5439e-02       5.5782e-01      -2.0810e-01       6.3390e-02       8.0364e-02
 4.0000e+00       2.1000e+00       1.1448e+00       9.6594e-02       5.5889e-01      -2.1121e-01       6.3580e-02       7.9161e-02
 4.0000e+00       2.1000e+00       1.1548e+00       9.7789e-02       5.5998e-01      -2.1430e-01       6.3735e-02       7.7956e-02
 4.0000e+00       2.1000e+00       1.1648e+00       9.9023e-02       5.6108e-01      -2.1736e-01       6.3855e-02       7.6749e-02
 4.0000e+00       2.1000e+00       1.1748e+00       1.0029e-01       5.6220e-01      -2.2039e-01       6.3940e-02       7.5540e-02
 4.0000e+00       2.1000e+00       1.1848e+00       1.0160e-01       5.6332e-01      -2.2340e-01       6.3991e-02       7.4331e-02
 4.0000e+00       2.1000e+00       1.1948e+00       1.0293e-01       5.6444e-01      -2.2638e-01       6.4009e-02       7.3122e-02
 4.0000e+00       2.1000e+00       1.2048e+00       1.0430e-01       5.6558e-01      -2.2934e-01       6.3993e-02       7.1912e-02
 4.0000e+00       2.1000e+00       1.2148e+00       1.0570e-01       5.6672e-01      -2.3226e-01       6.3944e-02       7.0703e-02
 4.0000e+00       2.1000e+00       1.2248e+00       1.0713e-01       5.6786e-01      -2.3516e-01       6.3863e-02       6.9495e-02
 4.0000e+00       2.1000e+00       1.2348e+00       1.0859e-01       5.6901e-01      -2.3804e-01       6.3750e-02       6.8289e-02
 4.0000e+00       2.1000e+00       1.2448e+00       1.1007e-01       5.7015e-01      -2.4088e-01       6.3606e-02       6.7083e-02
 4.0000e+00       2.1000e+00       1.2548e+00       1.1158e-01       5.7130e-01      -2.4369e-01       6.3431e-02       6.5880e-02
 4.0000e+00       2.1000e+00       1.2648e+00       1.1311e-01       5.7245e-01      -2.4648e-01       6.3226e-02       6.4680e-02
 4.0000e+00       2.1000e+00       1.2748e+00       1.1466e-01       5.7359e-01      -2.4924e-01       6.2991e-02       6.3481e-02
 4.0000e+00       2.1000e+00       1.2848e+00       1.1623e-01       5.7474e-01      -2.5197e-01       6.2727e-02       6.2286e-02
 4.0000e+00       2.1000e+00       1.2948e+00       1.1782e-01       5.7587e-01      -2.5467e-01       6.2435e-02       6.1094e-02
 4.0000e+00       2.1000e+00       1.3048e+00       1.1944e-01       5.7701e-01      -2.5733e-01       6.2114e-02       5.9906e-02
 4.0000e+00       2.1000e+00       1.3148e+00       1.2106e-01       5.7813e-01      -2.5997e-01       6.1766e-02       5.8721e-02
 4.0000e+00       2.1000e+00       1.3248e+00       1.2271e-01       5.7926e-01      -2.6258e-01       6.1391e-02       5.7541e-02
 4.0000e+00       2.1000e+00       1.3348e+00       1.2437e-01       5.8037e-01      -2.6516e-01       6.0990e-02       5.6364e-02
 4.0000e+00       2.1000e+00       1.3448e+00       1.2604e-01       5.8147e-01      -2.6771e-01       6.0563e-02       5.5193e-02
 4.0000e+00       2.1000e+00       1.3548e+00       1.2773e-01       5.8257e-01      -2.7023e-01       6.0111e-02       5.4025e-02
 4.0000e+00       2.1000e+00       1.3648e+00       1.2943e-01       5.8365e-01      -2.7272e-01       5.9635e-02       5.2863e-02
 4.0000e+00       2.1000e+00       1.3748e+00       1.3114e-01       5.8473e-01      -2.7518e-01       5.9134e-02       5.1707e-02
 4.0000e+00       2.1000e+00       1.3848e+00       1.3287e-01       5.8579e-01      -2.7760e-01       5.8610e-02       5.0555e-02
 4.0000e+00       2.1000e+00       1.3948e+00       1.3460e-01       5.8684e-01      -2.8000e-01       5.8064e-02       4.9409e-02
 4.0000e+00       2.1000e+00       1.4048e+00       1.3634e-01       5.8787e-01      -2.8236e-01       5.7495e-02       4.8269e-02
 4.0000e+00       2.1000e+00       1.4148e+00       1.3808e-01       5.8889e-01      -2.8469e-01       5.6905e-02       4.7135e-02
 4.0000e+00       2.1000e+00       1.4248e+00       1.3984e-01       5.8990e-01      -2.8699e-01       5.6294e-02       4.6006e-02
 4.0000e+00       2.1000e+00       1.4348e+00       1.4160e-01       5.9089e-01      -2.8926e-01       5.5662e-02       4.4884e-02
 4.0000e+00       2.1000e+00       1.4448e+00       1.4337e-01       5.9186e-01      -2.9150e-01       5.5011e-02       4.3769e-02
 4.0000e+00       2.1000e+00       1.4548e+00       1.4514e-01       5.9282e-01      -2.9370e-01       5.4341e-02       4.2660e-02
 4.0000e+00       2.1000e+00       1.4648e+00       1.4691e-01       5.9376e-01      -2.9588e-01       5.3652e-02       4.1557e-02
 4.0000e+00       2.1000e+00       1.4748e+00       1.4869e-01       5.9468e-01      -2.9802e-01       5.2945e-02       4.0462e-02
 4.0000e+00       2.1000e+00       1.4848e+00       1.5047e-01       5.9558e-01      -3.0013e-01       5.2221e-02       3.9373e-02
 4.0000e+00       2.1000e+00       1.4948e+00       1.5225e-01       5.9646e-01      -3.0221e-01       5.1480e-02       3.8292e-02
