 2.5000e+00       3.2800e+00       4.4990e-02       9.7564e-01       3.4854e-01       0.0000e+00       0.0000e+00 
 2.5000e+00       3.2800e+00       5.4990e-02       8.3634e-01       3.2290e-01       1.0078e-01      -1.9577e-02 
 2.5000e+00       3.2800e+00       6.4990e-02       7.2153e-01       3.0301e-01       1.1708e-01      -3.3310e-02 
 2.5000e+00       3.2800e+00       7.4990e-02       6.2647e-01       2.8690e-01       1.2021e-01      -4.3181e-02 
 2.5000e+00       3.2800e+00       8.4990e-02       5.4716e-01       2.7341e-01       1.1820e-01      -5.0373e-02 
 2.5000e+00       3.2800e+00       9.4990e-02       4.8043e-01       2.6182e-01       1.1393e-01      -5.5631e-02 
 2.5000e+00       3.2800e+00       1.0499e-01       4.2384e-01       2.5163e-01       1.0866e-01      -5.9451e-02 
 2.5000e+00       3.2800e+00       1.1499e-01       3.7548e-01       2.4253e-01       1.0302e-01      -6.2177e-02 
 2.5000e+00       3.2800e+00       1.2499e-01       3.3387e-01       2.3428e-01       9.7321e-02      -6.4053e-02 
 2.5000e+00       3.2800e+00       1.3499e-01       2.9786e-01       2.2671e-01       9.1721e-02      -6.5258e-02 
 2.5000e+00       3.2800e+00       1.4499e-01       2.6652e-01       2.1970e-01       8.6305e-02      -6.5929e-02 
 2.5000e+00       3.2800e+00       1.5499e-01       2.3911e-01       2.1316e-01       8.1114e-02      -6.6167e-02 
 2.5000e+00       3.2800e+00       1.6499e-01       2.1503e-01       2.0701e-01       7.6166e-02      -6.6054e-02 
 2.5000e+00       3.2800e+00       1.7499e-01       1.9379e-01       2.0121e-01       7.1463e-02      -6.5655e-02 
 2.5000e+00       3.2800e+00       1.8499e-01       1.7500e-01       1.9570e-01       6.7000e-02      -6.5020e-02 
 2.5000e+00       3.2800e+00       1.9499e-01       1.5831e-01       1.9045e-01       6.2768e-02      -6.4193e-02 
 2.5000e+00       3.2800e+00       2.0499e-01       1.4345e-01       1.8543e-01       5.8757e-02      -6.3206e-02 
 2.5000e+00       3.2800e+00       2.1499e-01       1.3018e-01       1.8062e-01       5.4955e-02      -6.2090e-02 
 2.5000e+00       3.2800e+00       2.2499e-01       1.1831e-01       1.7600e-01       5.1349e-02      -6.0867e-02 
 2.5000e+00       3.2800e+00       2.3499e-01       1.0767e-01       1.7155e-01       4.7929e-02      -5.9559e-02 
 2.5000e+00       3.2800e+00       2.4499e-01       9.8101e-02       1.6727e-01       4.4683e-02      -5.8182e-02 
 2.5000e+00       3.2800e+00       2.5499e-01       8.9492e-02       1.6313e-01       4.1600e-02      -5.6750e-02 
 2.5000e+00       3.2800e+00       2.6499e-01       8.1732e-02       1.5913e-01       3.8670e-02      -5.5277e-02 
 2.5000e+00       3.2800e+00       2.7499e-01       7.4729e-02       1.5526e-01       3.5885e-02      -5.3772e-02 
 2.5000e+00       3.2800e+00       2.8499e-01       6.8399e-02       1.5151e-01       3.3235e-02      -5.2245e-02 
 2.5000e+00       3.2800e+00       2.9499e-01       6.2673e-02       1.4788e-01       3.0713e-02      -5.0704e-02 
 2.5000e+00       3.2800e+00       3.0499e-01       5.7488e-02       1.4436e-01       2.8312e-02      -4.9155e-02 
 2.5000e+00       3.2800e+00       3.1499e-01       5.2788e-02       1.4094e-01       2.6023e-02      -4.7605e-02 
 2.5000e+00       3.2800e+00       3.2499e-01       4.8526e-02       1.3763e-01       2.3842e-02      -4.6059e-02 
 2.5000e+00       3.2800e+00       3.3499e-01       4.4659e-02       1.3441e-01       2.1761e-02      -4.4521e-02 
 2.5000e+00       3.2800e+00       3.4499e-01       4.1148e-02       1.3129e-01       1.9777e-02      -4.2994e-02 
 2.5000e+00       3.2800e+00       3.5499e-01       3.7959e-02       1.2825e-01       1.7882e-02      -4.1483e-02 
 2.5000e+00       3.2800e+00       3.6499e-01       3.5062e-02       1.2530e-01       1.6074e-02      -3.9990e-02 
 2.5000e+00       3.2800e+00       3.7499e-01       3.2430e-02       1.2243e-01       1.4346e-02      -3.8517e-02 
 2.5000e+00       3.2800e+00       3.8499e-01       3.0039e-02       1.1964e-01       1.2696e-02      -3.7066e-02 
 2.5000e+00       3.2800e+00       3.9499e-01       2.7866e-02       1.1693e-01       1.1119e-02      -3.5640e-02 
 2.5000e+00       3.2800e+00       4.0499e-01       2.5893e-02       1.1429e-01       9.6119e-03      -3.4239e-02 
 2.5000e+00       3.2800e+00       4.1499e-01       2.4100e-02       1.1173e-01       8.1709e-03      -3.2866e-02 
 2.5000e+00       3.2800e+00       4.2499e-01       2.2474e-02       1.0923e-01       6.7931e-03      -3.1520e-02 
 2.5000e+00       3.2800e+00       4.3499e-01       2.0998e-02       1.0681e-01       5.4754e-03      -3.0203e-02 
 2.5000e+00       3.2800e+00       4.4499e-01       1.9660e-02       1.0445e-01       4.2151e-03      -2.8915e-02 
 2.5000e+00       3.2800e+00       4.5499e-01       1.8447e-02       1.0215e-01       3.0095e-03      -2.7657e-02 
 2.5000e+00       3.2800e+00       4.6499e-01       1.7350e-02       9.9915e-02       1.8561e-03      -2.6429e-02 
 2.5000e+00       3.2800e+00       4.7499e-01       1.6359e-02       9.7740e-02       7.5272e-04      -2.5232e-02 
 2.5000e+00       3.2800e+00       4.8499e-01       1.5463e-02       9.5624e-02      -3.0297e-04      -2.4066e-02 
 2.5000e+00       3.2800e+00       4.9499e-01       1.4656e-02       9.3565e-02      -1.3130e-03      -2.2930e-02 
 2.5000e+00       3.2800e+00       5.0499e-01       1.3930e-02       9.1561e-02      -2.2794e-03      -2.1825e-02 
 2.5000e+00       3.2800e+00       5.1499e-01       1.3277e-02       8.9611e-02      -3.2040e-03      -2.0750e-02 
 2.5000e+00       3.2800e+00       5.2499e-01       1.2693e-02       8.7713e-02      -4.0885e-03      -1.9705e-02 
 2.5000e+00       3.2800e+00       5.3499e-01       1.2170e-02       8.5865e-02      -4.9347e-03      -1.8691e-02 
 2.5000e+00       3.2800e+00       5.4499e-01       1.1705e-02       8.4067e-02      -5.7440e-03      -1.7706e-02 
 2.5000e+00       3.2800e+00       5.5499e-01       1.1292e-02       8.2316e-02      -6.5181e-03      -1.6751e-02 
 2.5000e+00       3.2800e+00       5.6499e-01       1.0926e-02       8.0612e-02      -7.2584e-03      -1.5825e-02 
 2.5000e+00       3.2800e+00       5.7499e-01       1.0604e-02       7.8953e-02      -7.9662e-03      -1.4927e-02 
 2.5000e+00       3.2800e+00       5.8499e-01       1.0322e-02       7.7337e-02      -8.6428e-03      -1.4058e-02 
 2.5000e+00       3.2800e+00       5.9499e-01       1.0077e-02       7.5765e-02      -9.2895e-03      -1.3216e-02 
 2.5000e+00       3.2800e+00       6.0499e-01       9.8659e-03       7.4234e-02      -9.9074e-03      -1.2402e-02 
 2.5000e+00       3.2800e+00       6.1499e-01       9.6851e-03       7.2743e-02      -1.0498e-02      -1.1615e-02 
 2.5000e+00       3.2800e+00       6.2499e-01       9.5324e-03       7.1291e-02      -1.1061e-02      -1.0853e-02 
 2.5000e+00       3.2800e+00       6.3499e-01       9.4052e-03       6.9877e-02      -1.1600e-02      -1.0118e-02 
 2.5000e+00       3.2800e+00       6.4499e-01       9.3015e-03       6.8500e-02      -1.2113e-02      -9.4077e-03 
 2.5000e+00       3.2800e+00       6.5499e-01       9.2190e-03       6.7160e-02      -1.2603e-02      -8.7221e-03 
 2.5000e+00       3.2800e+00       6.6499e-01       9.1560e-03       6.5854e-02      -1.3070e-02      -8.0606e-03 
 2.5000e+00       3.2800e+00       6.7499e-01       9.1106e-03       6.4582e-02      -1.3516e-02      -7.4227e-03 
 2.5000e+00       3.2800e+00       6.8499e-01       9.0813e-03       6.3343e-02      -1.3940e-02      -6.8077e-03 
 2.5000e+00       3.2800e+00       6.9499e-01       9.0664e-03       6.2136e-02      -1.4344e-02      -6.2152e-03 
 2.5000e+00       3.2800e+00       7.0499e-01       9.0648e-03       6.0960e-02      -1.4729e-02      -5.6446e-03 
 2.5000e+00       3.2800e+00       7.1499e-01       9.0750e-03       5.9814e-02      -1.5095e-02      -5.0954e-03 
 2.5000e+00       3.2800e+00       7.2499e-01       9.0960e-03       5.8698e-02      -1.5443e-02      -4.5670e-03 
 2.5000e+00       3.2800e+00       7.3499e-01       9.1265e-03       5.7610e-02      -1.5773e-02      -4.0588e-03 
 2.5000e+00       3.2800e+00       7.4499e-01       9.1657e-03       5.6550e-02      -1.6087e-02      -3.5703e-03 
 2.5000e+00       3.2800e+00       7.5499e-01       9.2126e-03       5.5517e-02      -1.6384e-02      -3.1011e-03 
 2.5000e+00       3.2800e+00       7.6499e-01       9.2663e-03       5.4510e-02      -1.6666e-02      -2.6505e-03 
 2.5000e+00       3.2800e+00       7.7499e-01       9.3261e-03       5.3529e-02      -1.6933e-02      -2.2180e-03 
 2.5000e+00       3.2800e+00       7.8499e-01       9.3913e-03       5.2572e-02      -1.7185e-02      -1.8032e-03 
 2.5000e+00       3.2800e+00       7.9499e-01       9.4611e-03       5.1640e-02      -1.7424e-02      -1.4055e-03 
 2.5000e+00       3.2800e+00       8.0499e-01       9.5350e-03       5.0730e-02      -1.7649e-02      -1.0245e-03 
 2.5000e+00       3.2800e+00       8.1499e-01       9.6123e-03       4.9844e-02      -1.7861e-02      -6.5959e-04 
 2.5000e+00       3.2800e+00       8.2499e-01       9.6926e-03       4.8979e-02      -1.8060e-02      -3.1036e-04 
 2.5000e+00       3.2800e+00       8.3499e-01       9.7754e-03       4.8136e-02      -1.8248e-02       2.3675e-05 
 2.5000e+00       3.2800e+00       8.4499e-01       9.8602e-03       4.7313e-02      -1.8424e-02       3.4297e-04 
 2.5000e+00       3.2800e+00       8.5499e-01       9.9466e-03       4.6511e-02      -1.8589e-02       6.4797e-04 
 2.5000e+00       3.2800e+00       8.6499e-01       1.0034e-02       4.5728e-02      -1.8743e-02       9.3912e-04 
 2.5000e+00       3.2800e+00       8.7499e-01       1.0123e-02       4.4965e-02      -1.8886e-02       1.2169e-03 
 2.5000e+00       3.2800e+00       8.8499e-01       1.0212e-02       4.4220e-02      -1.9020e-02       1.4816e-03 
 2.5000e+00       3.2800e+00       8.9499e-01       1.0301e-02       4.3493e-02      -1.9144e-02       1.7338e-03 
 2.5000e+00       3.2800e+00       9.0499e-01       1.0391e-02       4.2783e-02      -1.9259e-02       1.9738e-03 
 2.5000e+00       3.2800e+00       9.1499e-01       1.0480e-02       4.2090e-02      -1.9365e-02       2.2020e-03 
 2.5000e+00       3.2800e+00       9.2499e-01       1.0569e-02       4.1414e-02      -1.9462e-02       2.4188e-03 
 2.5000e+00       3.2800e+00       9.3499e-01       1.0657e-02       4.0754e-02      -1.9551e-02       2.6247e-03 
 2.5000e+00       3.2800e+00       9.4499e-01       1.0745e-02       4.0109e-02      -1.9631e-02       2.8198e-03 
 2.5000e+00       3.2800e+00       9.5499e-01       1.0831e-02       3.9480e-02      -1.9704e-02       3.0047e-03 
 2.5000e+00       3.2800e+00       9.6499e-01       1.0916e-02       3.8865e-02      -1.9770e-02       3.1796e-03 
 2.5000e+00       3.2800e+00       9.7499e-01       1.1000e-02       3.8265e-02      -1.9828e-02       3.3450e-03 
 2.5000e+00       3.2800e+00       9.8499e-01       1.1083e-02       3.7678e-02      -1.9880e-02       3.5010e-03 
 2.5000e+00       3.2800e+00       9.9499e-01       1.1164e-02       3.7105e-02      -1.9925e-02       3.6481e-03 
