 9.5000e+00       2.8900e+00       5.7954e-01       1.0253e-02       1.7400e-02       0.0000e+00       0.0000e+00
 9.5000e+00       2.8900e+00       5.8954e-01       9.7544e-03       1.7279e-02       4.1660e-04       5.1387e-05
 9.5000e+00       2.8900e+00       5.9954e-01       9.2826e-03       1.7169e-02       5.3259e-04       1.0509e-04
 9.5000e+00       2.8900e+00       6.0954e-01       8.8364e-03       1.7070e-02       5.8544e-04       1.6071e-04
 9.5000e+00       2.8900e+00       6.1954e-01       8.4145e-03       1.6982e-02       6.0150e-04       2.1788e-04
 9.5000e+00       2.8900e+00       6.2954e-01       8.0155e-03       1.6903e-02       5.9206e-04       2.7628e-04
 9.5000e+00       2.8900e+00       6.3954e-01       7.6380e-03       1.6833e-02       5.6347e-04       3.3560e-04
 9.5000e+00       2.8900e+00       6.4954e-01       7.2810e-03       1.6773e-02       5.1983e-04       3.9555e-04
 9.5000e+00       2.8900e+00       6.5954e-01       6.9433e-03       1.6721e-02       4.6401e-04       4.5586e-04
 9.5000e+00       2.8900e+00       6.6954e-01       6.6238e-03       1.6677e-02       3.9816e-04       5.1631e-04
 9.5000e+00       2.8900e+00       6.7954e-01       6.3217e-03       1.6641e-02       3.2393e-04       5.7666e-04
 9.5000e+00       2.8900e+00       6.8954e-01       6.0359e-03       1.6612e-02       2.4265e-04       6.3672e-04
 9.5000e+00       2.8900e+00       6.9954e-01       5.7656e-03       1.6590e-02       1.5540e-04       6.9630e-04
 9.5000e+00       2.8900e+00       7.0954e-01       5.5100e-03       1.6575e-02       6.3079e-05       7.5523e-04
 9.5000e+00       2.8900e+00       7.1954e-01       5.2684e-03       1.6566e-02      -3.3544e-05       8.1336e-04
 9.5000e+00       2.8900e+00       7.2954e-01       5.0399e-03       1.6562e-02      -1.3382e-04       8.7055e-04
 9.5000e+00       2.8900e+00       7.3954e-01       4.8240e-03       1.6564e-02      -2.3719e-04       9.2667e-04
 9.5000e+00       2.8900e+00       7.4954e-01       4.6200e-03       1.6572e-02      -3.4316e-04       9.8160e-04
 9.5000e+00       2.8900e+00       7.5954e-01       4.4273e-03       1.6584e-02      -4.5130e-04       1.0352e-03
 9.5000e+00       2.8900e+00       7.6954e-01       4.2453e-03       1.6601e-02      -5.6124e-04       1.0875e-03
 9.5000e+00       2.8900e+00       7.7954e-01       4.0735e-03       1.6623e-02      -6.7263e-04       1.1383e-03
 9.5000e+00       2.8900e+00       7.8954e-01       3.9114e-03       1.6648e-02      -7.8517e-04       1.1876e-03
 9.5000e+00       2.8900e+00       7.9954e-01       3.7584e-03       1.6678e-02      -8.9861e-04       1.2352e-03
 9.5000e+00       2.8900e+00       8.0954e-01       3.6142e-03       1.6711e-02      -1.0127e-03       1.2812e-03
 9.5000e+00       2.8900e+00       8.1954e-01       3.4783e-03       1.6747e-02      -1.1272e-03       1.3255e-03
 9.5000e+00       2.8900e+00       8.2954e-01       3.3503e-03       1.6787e-02      -1.2419e-03       1.3680e-03
 9.5000e+00       2.8900e+00       8.3954e-01       3.2299e-03       1.6829e-02      -1.3567e-03       1.4087e-03
 9.5000e+00       2.8900e+00       8.4954e-01       3.1165e-03       1.6875e-02      -1.4714e-03       1.4477e-03
 9.5000e+00       2.8900e+00       8.5954e-01       3.0100e-03       1.6923e-02      -1.5859e-03       1.4847e-03
 9.5000e+00       2.8900e+00       8.6954e-01       2.9099e-03       1.6973e-02      -1.7000e-03       1.5200e-03
 9.5000e+00       2.8900e+00       8.7954e-01       2.8160e-03       1.7025e-02      -1.8135e-03       1.5533e-03
 9.5000e+00       2.8900e+00       8.8954e-01       2.7279e-03       1.7080e-02      -1.9265e-03       1.5848e-03
 9.5000e+00       2.8900e+00       8.9954e-01       2.6454e-03       1.7136e-02      -2.0387e-03       1.6143e-03
 9.5000e+00       2.8900e+00       9.0954e-01       2.5681e-03       1.7194e-02      -2.1502e-03       1.6420e-03
 9.5000e+00       2.8900e+00       9.1954e-01       2.4960e-03       1.7253e-02      -2.2607e-03       1.6678e-03
 9.5000e+00       2.8900e+00       9.2954e-01       2.4286e-03       1.7314e-02      -2.3703e-03       1.6918e-03
 9.5000e+00       2.8900e+00       9.3954e-01       2.3657e-03       1.7376e-02      -2.4789e-03       1.7138e-03
 9.5000e+00       2.8900e+00       9.4954e-01       2.3072e-03       1.7439e-02      -2.5863e-03       1.7340e-03
 9.5000e+00       2.8900e+00       9.5954e-01       2.2529e-03       1.7503e-02      -2.6926e-03       1.7524e-03
 9.5000e+00       2.8900e+00       9.6954e-01       2.2024e-03       1.7568e-02      -2.7977e-03       1.7689e-03
 9.5000e+00       2.8900e+00       9.7954e-01       2.1557e-03       1.7634e-02      -2.9016e-03       1.7837e-03
 9.5000e+00       2.8900e+00       9.8954e-01       2.1126e-03       1.7700e-02      -3.0041e-03       1.7966e-03
 9.5000e+00       2.8900e+00       9.9954e-01       2.0728e-03       1.7766e-02      -3.1053e-03       1.8078e-03
 9.5000e+00       2.8900e+00       1.0095e+00       2.0363e-03       1.7833e-02      -3.2052e-03       1.8173e-03
 9.5000e+00       2.8900e+00       1.0195e+00       2.0027e-03       1.7900e-02      -3.3036e-03       1.8251e-03
 9.5000e+00       2.8900e+00       1.0295e+00       1.9721e-03       1.7968e-02      -3.4006e-03       1.8312e-03
 9.5000e+00       2.8900e+00       1.0395e+00       1.9443e-03       1.8035e-02      -3.4962e-03       1.8356e-03
 9.5000e+00       2.8900e+00       1.0495e+00       1.9190e-03       1.8102e-02      -3.5903e-03       1.8385e-03
 9.5000e+00       2.8900e+00       1.0595e+00       1.8963e-03       1.8169e-02      -3.6829e-03       1.8398e-03
 9.5000e+00       2.8900e+00       1.0695e+00       1.8759e-03       1.8236e-02      -3.7739e-03       1.8395e-03
 9.5000e+00       2.8900e+00       1.0795e+00       1.8577e-03       1.8303e-02      -3.8634e-03       1.8377e-03
 9.5000e+00       2.8900e+00       1.0895e+00       1.8416e-03       1.8369e-02      -3.9514e-03       1.8345e-03
 9.5000e+00       2.8900e+00       1.0995e+00       1.8276e-03       1.8434e-02      -4.0379e-03       1.8298e-03
 9.5000e+00       2.8900e+00       1.1095e+00       1.8155e-03       1.8499e-02      -4.1227e-03       1.8238e-03
 9.5000e+00       2.8900e+00       1.1195e+00       1.8051e-03       1.8564e-02      -4.2060e-03       1.8163e-03
 9.5000e+00       2.8900e+00       1.1295e+00       1.7965e-03       1.8628e-02      -4.2877e-03       1.8076e-03
 9.5000e+00       2.8900e+00       1.1395e+00       1.7895e-03       1.8691e-02      -4.3679e-03       1.7975e-03
 9.5000e+00       2.8900e+00       1.1495e+00       1.7840e-03       1.8753e-02      -4.4464e-03       1.7863e-03
 9.5000e+00       2.8900e+00       1.1595e+00       1.7799e-03       1.8815e-02      -4.5234e-03       1.7738e-03
 9.5000e+00       2.8900e+00       1.1695e+00       1.7772e-03       1.8875e-02      -4.5987e-03       1.7601e-03
 9.5000e+00       2.8900e+00       1.1795e+00       1.7758e-03       1.8935e-02      -4.6725e-03       1.7453e-03
 9.5000e+00       2.8900e+00       1.1895e+00       1.7756e-03       1.8994e-02      -4.7447e-03       1.7294e-03
 9.5000e+00       2.8900e+00       1.1995e+00       1.7766e-03       1.9051e-02      -4.8153e-03       1.7125e-03
 9.5000e+00       2.8900e+00       1.2095e+00       1.7786e-03       1.9108e-02      -4.8844e-03       1.6945e-03
 9.5000e+00       2.8900e+00       1.2195e+00       1.7816e-03       1.9163e-02      -4.9518e-03       1.6756e-03
 9.5000e+00       2.8900e+00       1.2295e+00       1.7855e-03       1.9217e-02      -5.0177e-03       1.6557e-03
 9.5000e+00       2.8900e+00       1.2395e+00       1.7903e-03       1.9270e-02      -5.0821e-03       1.6349e-03
 9.5000e+00       2.8900e+00       1.2495e+00       1.7960e-03       1.9322e-02      -5.1448e-03       1.6133e-03
 9.5000e+00       2.8900e+00       1.2595e+00       1.8024e-03       1.9373e-02      -5.2061e-03       1.5908e-03
 9.5000e+00       2.8900e+00       1.2695e+00       1.8096e-03       1.9422e-02      -5.2658e-03       1.5676e-03
 9.5000e+00       2.8900e+00       1.2795e+00       1.8174e-03       1.9470e-02      -5.3240e-03       1.5435e-03
 9.5000e+00       2.8900e+00       1.2895e+00       1.8258e-03       1.9516e-02      -5.3806e-03       1.5188e-03
 9.5000e+00       2.8900e+00       1.2995e+00       1.8348e-03       1.9562e-02      -5.4358e-03       1.4934e-03
 9.5000e+00       2.8900e+00       1.3095e+00       1.8443e-03       1.9605e-02      -5.4895e-03       1.4674e-03
 9.5000e+00       2.8900e+00       1.3195e+00       1.8543e-03       1.9648e-02      -5.5417e-03       1.4407e-03
 9.5000e+00       2.8900e+00       1.3295e+00       1.8648e-03       1.9689e-02      -5.5924e-03       1.4135e-03
 9.5000e+00       2.8900e+00       1.3395e+00       1.8756e-03       1.9728e-02      -5.6417e-03       1.3857e-03
 9.5000e+00       2.8900e+00       1.3495e+00       1.8869e-03       1.9766e-02      -5.6895e-03       1.3574e-03
 9.5000e+00       2.8900e+00       1.3595e+00       1.8984e-03       1.9803e-02      -5.7359e-03       1.3286e-03
 9.5000e+00       2.8900e+00       1.3695e+00       1.9103e-03       1.9838e-02      -5.7809e-03       1.2994e-03
 9.5000e+00       2.8900e+00       1.3795e+00       1.9225e-03       1.9871e-02      -5.8244e-03       1.2698e-03
 9.5000e+00       2.8900e+00       1.3895e+00       1.9349e-03       1.9903e-02      -5.8666e-03       1.2398e-03
 9.5000e+00       2.8900e+00       1.3995e+00       1.9475e-03       1.9934e-02      -5.9074e-03       1.2095e-03
 9.5000e+00       2.8900e+00       1.4095e+00       1.9602e-03       1.9963e-02      -5.9469e-03       1.1788e-03
 9.5000e+00       2.8900e+00       1.4195e+00       1.9732e-03       1.9990e-02      -5.9850e-03       1.1479e-03
 9.5000e+00       2.8900e+00       1.4295e+00       1.9862e-03       2.0016e-02      -6.0218e-03       1.1167e-03
 9.5000e+00       2.8900e+00       1.4395e+00       1.9994e-03       2.0040e-02      -6.0573e-03       1.0852e-03
 9.5000e+00       2.8900e+00       1.4495e+00       2.0127e-03       2.0063e-02      -6.0915e-03       1.0536e-03
 9.5000e+00       2.8900e+00       1.4595e+00       2.0260e-03       2.0084e-02      -6.1244e-03       1.0218e-03
 9.5000e+00       2.8900e+00       1.4695e+00       2.0393e-03       2.0104e-02      -6.1561e-03       9.8979e-04
 9.5000e+00       2.8900e+00       1.4795e+00       2.0527e-03       2.0122e-02      -6.1865e-03       9.5771e-04
 9.5000e+00       2.8900e+00       1.4895e+00       2.0661e-03       2.0138e-02      -6.2156e-03       9.2552e-04
 9.5000e+00       2.8900e+00       1.4995e+00       2.0794e-03       2.0153e-02      -6.2436e-03       8.9326e-04
 9.5000e+00       2.8900e+00       1.5095e+00       2.0927e-03       2.0167e-02      -6.2704e-03       8.6096e-04
 9.5000e+00       2.8900e+00       1.5195e+00       2.1060e-03       2.0178e-02      -6.2960e-03       8.2863e-04
 9.5000e+00       2.8900e+00       1.5295e+00       2.1192e-03       2.0189e-02      -6.3204e-03       7.9630e-04
 9.5000e+00       2.8900e+00       1.5395e+00       2.1323e-03       2.0197e-02      -6.3437e-03       7.6399e-04
 9.5000e+00       2.8900e+00       1.5495e+00       2.1453e-03       2.0205e-02      -6.3658e-03       7.3172e-04
 9.5000e+00       2.8900e+00       1.5595e+00       2.1582e-03       2.0210e-02      -6.3869e-03       6.9952e-04
 9.5000e+00       2.8900e+00       1.5695e+00       2.1710e-03       2.0215e-02      -6.4068e-03       6.6740e-04
 9.5000e+00       2.8900e+00       1.5795e+00       2.1837e-03       2.0217e-02      -6.4257e-03       6.3539e-04
 9.5000e+00       2.8900e+00       1.5895e+00       2.1962e-03       2.0218e-02      -6.4435e-03       6.0350e-04
 9.5000e+00       2.8900e+00       1.5995e+00       2.2085e-03       2.0218e-02      -6.4603e-03       5.7176e-04
 9.5000e+00       2.8900e+00       1.6095e+00       2.2207e-03       2.0216e-02      -6.4760e-03       5.4017e-04
 9.5000e+00       2.8900e+00       1.6195e+00       2.2327e-03       2.0213e-02      -6.4908e-03       5.0877e-04
 9.5000e+00       2.8900e+00       1.6295e+00       2.2445e-03       2.0208e-02      -6.5045e-03       4.7756e-04
 9.5000e+00       2.8900e+00       1.6395e+00       2.2562e-03       2.0202e-02      -6.5173e-03       4.4656e-04
 9.5000e+00       2.8900e+00       1.6495e+00       2.2676e-03       2.0194e-02      -6.5291e-03       4.1579e-04
