 9.0000e+00       3.2800e+00       3.6378e-01       1.7421e-02       1.5497e-02       0.0000e+00       0.0000e+00       0.0000e+00
 9.0000e+00       3.2800e+00       3.7378e-01       1.6362e-02       1.5163e-02       1.1017e-03      -3.1671e-05       1.4648e-03
 9.0000e+00       3.2800e+00       3.8378e-01       1.5377e-02       1.4846e-02       1.4637e-03      -5.2874e-05       2.0210e-03
 9.0000e+00       3.2800e+00       3.9378e-01       1.4460e-02       1.4546e-02       1.6834e-03      -6.4732e-05       2.4147e-03
 9.0000e+00       3.2800e+00       4.0378e-01       1.3605e-02       1.4262e-02       1.8242e-03      -6.8265e-05       2.7201e-03
 9.0000e+00       3.2800e+00       4.1378e-01       1.2808e-02       1.3992e-02       1.9128e-03      -6.4398e-05       2.9668e-03
 9.0000e+00       3.2800e+00       4.2378e-01       1.2064e-02       1.3736e-02       1.9636e-03      -5.3972e-05       3.1705e-03
 9.0000e+00       3.2800e+00       4.3378e-01       1.1369e-02       1.3493e-02       1.9858e-03      -3.7753e-05       3.3407e-03
 9.0000e+00       3.2800e+00       4.4378e-01       1.0720e-02       1.3263e-02       1.9855e-03      -1.6440e-05       3.4839e-03
 9.0000e+00       3.2800e+00       4.5378e-01       1.0112e-02       1.3045e-02       1.9674e-03       9.3338e-06       3.6046e-03
 9.0000e+00       3.2800e+00       4.6378e-01       9.5443e-03       1.2838e-02       1.9347e-03       3.8987e-05       3.7065e-03
 9.0000e+00       3.2800e+00       4.7378e-01       9.0124e-03       1.2642e-02       1.8901e-03       7.1993e-05       3.7920e-03
 9.0000e+00       3.2800e+00       4.8378e-01       8.5143e-03       1.2456e-02       1.8357e-03       1.0787e-04       3.8633e-03
 9.0000e+00       3.2800e+00       4.9378e-01       8.0476e-03       1.2280e-02       1.7732e-03       1.4617e-04       3.9223e-03
 9.0000e+00       3.2800e+00       5.0378e-01       7.6101e-03       1.2113e-02       1.7040e-03       1.8651e-04       3.9702e-03
 9.0000e+00       3.2800e+00       5.1378e-01       7.1998e-03       1.1955e-02       1.6292e-03       2.2851e-04       4.0084e-03
 9.0000e+00       3.2800e+00       5.2378e-01       6.8150e-03       1.1805e-02       1.5499e-03       2.7184e-04       4.0378e-03
 9.0000e+00       3.2800e+00       5.3378e-01       6.4539e-03       1.1664e-02       1.4667e-03       3.1620e-04       4.0595e-03
 9.0000e+00       3.2800e+00       5.4378e-01       6.1149e-03       1.1530e-02       1.3804e-03       3.6131e-04       4.0740e-03
 9.0000e+00       3.2800e+00       5.5378e-01       5.7967e-03       1.1403e-02       1.2917e-03       4.0693e-04       4.0822e-03
 9.0000e+00       3.2800e+00       5.6378e-01       5.4979e-03       1.1283e-02       1.2010e-03       4.5282e-04       4.0847e-03
 9.0000e+00       3.2800e+00       5.7378e-01       5.2172e-03       1.1170e-02       1.1087e-03       4.9878e-04       4.0819e-03
 9.0000e+00       3.2800e+00       5.8378e-01       4.9535e-03       1.1064e-02       1.0152e-03       5.4462e-04       4.0743e-03
 9.0000e+00       3.2800e+00       5.9378e-01       4.7058e-03       1.0963e-02       9.2100e-04       5.9017e-04       4.0625e-03
 9.0000e+00       3.2800e+00       6.0378e-01       4.4730e-03       1.0868e-02       8.2622e-04       6.3529e-04       4.0467e-03
 9.0000e+00       3.2800e+00       6.1378e-01       4.2542e-03       1.0778e-02       7.3118e-04       6.7983e-04       4.0273e-03
 9.0000e+00       3.2800e+00       6.2378e-01       4.0486e-03       1.0694e-02       6.3609e-04       7.2367e-04       4.0047e-03
 9.0000e+00       3.2800e+00       6.3378e-01       3.8554e-03       1.0615e-02       5.4115e-04       7.6670e-04       3.9791e-03
 9.0000e+00       3.2800e+00       6.4378e-01       3.6738e-03       1.0540e-02       4.4654e-04       8.0882e-04       3.9509e-03
 9.0000e+00       3.2800e+00       6.5378e-01       3.5031e-03       1.0470e-02       3.5241e-04       8.4996e-04       3.9202e-03
 9.0000e+00       3.2800e+00       6.6378e-01       3.3427e-03       1.0404e-02       2.5889e-04       8.9002e-04       3.8872e-03
 9.0000e+00       3.2800e+00       6.7378e-01       3.1920e-03       1.0342e-02       1.6611e-04       9.2895e-04       3.8522e-03
 9.0000e+00       3.2800e+00       6.8378e-01       3.0503e-03       1.0284e-02       7.4168e-05       9.6668e-04       3.8154e-03
 9.0000e+00       3.2800e+00       6.9378e-01       2.9173e-03       1.0229e-02      -1.6846e-05       1.0032e-03       3.7770e-03
 9.0000e+00       3.2800e+00       7.0378e-01       2.7923e-03       1.0178e-02      -1.0685e-04       1.0384e-03       3.7370e-03
 9.0000e+00       3.2800e+00       7.1378e-01       2.6749e-03       1.0131e-02      -1.9577e-04       1.0723e-03       3.6957e-03
 9.0000e+00       3.2800e+00       7.2378e-01       2.5647e-03       1.0086e-02      -2.8356e-04       1.1048e-03       3.6532e-03
 9.0000e+00       3.2800e+00       7.3378e-01       2.4612e-03       1.0044e-02      -3.7014e-04       1.1359e-03       3.6096e-03
 9.0000e+00       3.2800e+00       7.4378e-01       2.3641e-03       1.0006e-02      -4.5548e-04       1.1657e-03       3.5651e-03
 9.0000e+00       3.2800e+00       7.5378e-01       2.2730e-03       9.9694e-03      -5.3954e-04       1.1940e-03       3.5197e-03
 9.0000e+00       3.2800e+00       7.6378e-01       2.1876e-03       9.9358e-03      -6.2228e-04       1.2210e-03       3.4735e-03
 9.0000e+00       3.2800e+00       7.7378e-01       2.1075e-03       9.9045e-03      -7.0367e-04       1.2465e-03       3.4267e-03
 9.0000e+00       3.2800e+00       7.8378e-01       2.0325e-03       9.8754e-03      -7.8369e-04       1.2706e-03       3.3794e-03
 9.0000e+00       3.2800e+00       7.9378e-01       1.9622e-03       9.8485e-03      -8.6232e-04       1.2932e-03       3.3315e-03
 9.0000e+00       3.2800e+00       8.0378e-01       1.8965e-03       9.8235e-03      -9.3953e-04       1.3145e-03       3.2833e-03
 9.0000e+00       3.2800e+00       8.1378e-01       1.8349e-03       9.8004e-03      -1.0153e-03       1.3343e-03       3.2347e-03
 9.0000e+00       3.2800e+00       8.2378e-01       1.7774e-03       9.7790e-03      -1.0897e-03       1.3527e-03       3.1859e-03
 9.0000e+00       3.2800e+00       8.3378e-01       1.7236e-03       9.7593e-03      -1.1626e-03       1.3698e-03       3.1368e-03
 9.0000e+00       3.2800e+00       8.4378e-01       1.6734e-03       9.7411e-03      -1.2341e-03       1.3855e-03       3.0876e-03
 9.0000e+00       3.2800e+00       8.5378e-01       1.6266e-03       9.7244e-03      -1.3041e-03       1.3998e-03       3.0384e-03
 9.0000e+00       3.2800e+00       8.6378e-01       1.5829e-03       9.7090e-03      -1.3727e-03       1.4128e-03       2.9890e-03
 9.0000e+00       3.2800e+00       8.7378e-01       1.5423e-03       9.6949e-03      -1.4398e-03       1.4245e-03       2.9397e-03
 9.0000e+00       3.2800e+00       8.8378e-01       1.5045e-03       9.6819e-03      -1.5054e-03       1.4349e-03       2.8905e-03
 9.0000e+00       3.2800e+00       8.9378e-01       1.4693e-03       9.6700e-03      -1.5697e-03       1.4440e-03       2.8413e-03
 9.0000e+00       3.2800e+00       9.0378e-01       1.4367e-03       9.6591e-03      -1.6325e-03       1.4519e-03       2.7923e-03
 9.0000e+00       3.2800e+00       9.1378e-01       1.4064e-03       9.6491e-03      -1.6938e-03       1.4586e-03       2.7434e-03
 9.0000e+00       3.2800e+00       9.2378e-01       1.3785e-03       9.6399e-03      -1.7538e-03       1.4641e-03       2.6947e-03
 9.0000e+00       3.2800e+00       9.3378e-01       1.3526e-03       9.6315e-03      -1.8123e-03       1.4684e-03       2.6463e-03
 9.0000e+00       3.2800e+00       9.4378e-01       1.3287e-03       9.6239e-03      -1.8694e-03       1.4716e-03       2.5981e-03
 9.0000e+00       3.2800e+00       9.5378e-01       1.3067e-03       9.6169e-03      -1.9252e-03       1.4737e-03       2.5502e-03
 9.0000e+00       3.2800e+00       9.6378e-01       1.2865e-03       9.6104e-03      -1.9795e-03       1.4747e-03       2.5026e-03
 9.0000e+00       3.2800e+00       9.7378e-01       1.2680e-03       9.6045e-03      -2.0325e-03       1.4747e-03       2.4553e-03
 9.0000e+00       3.2800e+00       9.8378e-01       1.2510e-03       9.5990e-03      -2.0842e-03       1.4736e-03       2.4084e-03
 9.0000e+00       3.2800e+00       9.9378e-01       1.2355e-03       9.5939e-03      -2.1345e-03       1.4716e-03       2.3618e-03
 9.0000e+00       3.2800e+00       1.0038e+00       1.2215e-03       9.5892e-03      -2.1835e-03       1.4686e-03       2.3157e-03
 9.0000e+00       3.2800e+00       1.0138e+00       1.2087e-03       9.5848e-03      -2.2311e-03       1.4646e-03       2.2699e-03
 9.0000e+00       3.2800e+00       1.0238e+00       1.1972e-03       9.5807e-03      -2.2775e-03       1.4598e-03       2.2246e-03
 9.0000e+00       3.2800e+00       1.0338e+00       1.1868e-03       9.5767e-03      -2.3226e-03       1.4541e-03       2.1797e-03
 9.0000e+00       3.2800e+00       1.0438e+00       1.1776e-03       9.5730e-03      -2.3665e-03       1.4475e-03       2.1352e-03
 9.0000e+00       3.2800e+00       1.0538e+00       1.1693e-03       9.5693e-03      -2.4090e-03       1.4402e-03       2.0912e-03
 9.0000e+00       3.2800e+00       1.0638e+00       1.1621e-03       9.5658e-03      -2.4504e-03       1.4320e-03       2.0477e-03
 9.0000e+00       3.2800e+00       1.0738e+00       1.1557e-03       9.5623e-03      -2.4905e-03       1.4231e-03       2.0046e-03
 9.0000e+00       3.2800e+00       1.0838e+00       1.1502e-03       9.5588e-03      -2.5295e-03       1.4135e-03       1.9620e-03
 9.0000e+00       3.2800e+00       1.0938e+00       1.1455e-03       9.5553e-03      -2.5673e-03       1.4032e-03       1.9199e-03
 9.0000e+00       3.2800e+00       1.1038e+00       1.1415e-03       9.5517e-03      -2.6039e-03       1.3922e-03       1.8784e-03
 9.0000e+00       3.2800e+00       1.1138e+00       1.1382e-03       9.5481e-03      -2.6393e-03       1.3806e-03       1.8373e-03
 9.0000e+00       3.2800e+00       1.1238e+00       1.1356e-03       9.5443e-03      -2.6736e-03       1.3684e-03       1.7967e-03
 9.0000e+00       3.2800e+00       1.1338e+00       1.1335e-03       9.5405e-03      -2.7068e-03       1.3556e-03       1.7566e-03
 9.0000e+00       3.2800e+00       1.1438e+00       1.1321e-03       9.5364e-03      -2.7390e-03       1.3423e-03       1.7171e-03
 9.0000e+00       3.2800e+00       1.1538e+00       1.1311e-03       9.5322e-03      -2.7700e-03       1.3284e-03       1.6781e-03
 9.0000e+00       3.2800e+00       1.1638e+00       1.1307e-03       9.5277e-03      -2.8000e-03       1.3140e-03       1.6396e-03
 9.0000e+00       3.2800e+00       1.1738e+00       1.1307e-03       9.5231e-03      -2.8289e-03       1.2991e-03       1.6016e-03
 9.0000e+00       3.2800e+00       1.1838e+00       1.1311e-03       9.5182e-03      -2.8568e-03       1.2838e-03       1.5642e-03
 9.0000e+00       3.2800e+00       1.1938e+00       1.1318e-03       9.5130e-03      -2.8837e-03       1.2680e-03       1.5273e-03
 9.0000e+00       3.2800e+00       1.2038e+00       1.1330e-03       9.5075e-03      -2.9096e-03       1.2519e-03       1.4909e-03
 9.0000e+00       3.2800e+00       1.2138e+00       1.1345e-03       9.5017e-03      -2.9346e-03       1.2353e-03       1.4550e-03
 9.0000e+00       3.2800e+00       1.2238e+00       1.1362e-03       9.4956e-03      -2.9585e-03       1.2184e-03       1.4197e-03
 9.0000e+00       3.2800e+00       1.2338e+00       1.1383e-03       9.4891e-03      -2.9816e-03       1.2012e-03       1.3849e-03
 9.0000e+00       3.2800e+00       1.2438e+00       1.1406e-03       9.4823e-03      -3.0037e-03       1.1837e-03       1.3507e-03
 9.0000e+00       3.2800e+00       1.2538e+00       1.1431e-03       9.4752e-03      -3.0249e-03       1.1659e-03       1.3169e-03
 9.0000e+00       3.2800e+00       1.2638e+00       1.1458e-03       9.4676e-03      -3.0452e-03       1.1478e-03       1.2837e-03
 9.0000e+00       3.2800e+00       1.2738e+00       1.1487e-03       9.4597e-03      -3.0646e-03       1.1294e-03       1.2510e-03
 9.0000e+00       3.2800e+00       1.2838e+00       1.1518e-03       9.4514e-03      -3.0832e-03       1.1108e-03       1.2189e-03
 9.0000e+00       3.2800e+00       1.2938e+00       1.1550e-03       9.4426e-03      -3.1009e-03       1.0921e-03       1.1872e-03
 9.0000e+00       3.2800e+00       1.3038e+00       1.1583e-03       9.4335e-03      -3.1178e-03       1.0731e-03       1.1561e-03
 9.0000e+00       3.2800e+00       1.3138e+00       1.1618e-03       9.4240e-03      -3.1339e-03       1.0540e-03       1.1255e-03
 9.0000e+00       3.2800e+00       1.3238e+00       1.1653e-03       9.4140e-03      -3.1492e-03       1.0347e-03       1.0954e-03
 9.0000e+00       3.2800e+00       1.3338e+00       1.1689e-03       9.4035e-03      -3.1637e-03       1.0153e-03       1.0658e-03
 9.0000e+00       3.2800e+00       1.3438e+00       1.1726e-03       9.3927e-03      -3.1775e-03       9.9573e-04       1.0367e-03
 9.0000e+00       3.2800e+00       1.3538e+00       1.1764e-03       9.3814e-03      -3.1905e-03       9.7609e-04       1.0081e-03
 9.0000e+00       3.2800e+00       1.3638e+00       1.1802e-03       9.3696e-03      -3.2028e-03       9.5637e-04       9.8004e-04
 9.0000e+00       3.2800e+00       1.3738e+00       1.1840e-03       9.3574e-03      -3.2143e-03       9.3659e-04       9.5244e-04
 9.0000e+00       3.2800e+00       1.3838e+00       1.1878e-03       9.3448e-03      -3.2252e-03       9.1675e-04       9.2533e-04
 9.0000e+00       3.2800e+00       1.3938e+00       1.1917e-03       9.3317e-03      -3.2353e-03       8.9687e-04       8.9870e-04
