 5.0000e-01       2.1000e+00       1.6273e-02       2.4786e+01       1.0521e+01       0.0000e+00       0.0000e+00       0.0000e+00
 5.0000e-01       2.1000e+00       2.6273e-02       2.1411e+01       8.8325e+00       1.9744e+00      -1.5313e+00       1.6199e-01
 5.0000e-01       2.1000e+00       3.6273e-02       1.8124e+01       7.8755e+00       1.5312e+00      -2.3302e+00       2.1724e-01
 5.0000e-01       2.1000e+00       4.6273e-02       1.5348e+01       7.2559e+00       1.0553e+00      -2.7911e+00       2.5205e-01
 5.0000e-01       2.1000e+00       5.6273e-02       1.3069e+01       6.8157e+00       6.7456e-01      -3.0723e+00       2.7542e-01
 5.0000e-01       2.1000e+00       6.6273e-02       1.1201e+01       6.4804e+00       3.8473e-01      -3.2485e+00       2.9112e-01
 5.0000e-01       2.1000e+00       7.6273e-02       9.6606e+00       6.2114e+00       1.6567e-01      -3.3584e+00       3.0119e-01
 5.0000e-01       2.1000e+00       8.6273e-02       8.3802e+00       5.9865e+00      -7.4370e-04      -3.4245e+00       3.0691e-01
 5.0000e-01       2.1000e+00       9.6273e-02       7.3069e+00       5.7925e+00      -1.2825e-01      -3.4601e+00       3.0918e-01
 5.0000e-01       2.1000e+00       1.0627e-01       6.4003e+00       5.6208e+00      -2.2686e-01      -3.4739e+00       3.0864e-01
 5.0000e-01       2.1000e+00       1.1627e-01       5.6291e+00       5.4659e+00      -3.0384e-01      -3.4717e+00       3.0579e-01
 5.0000e-01       2.1000e+00       1.2627e-01       4.9690e+00       5.3239e+00      -3.6447e-01      -3.4574e+00       3.0101e-01
 5.0000e-01       2.1000e+00       1.3627e-01       4.4010e+00       5.1921e+00      -4.1263e-01      -3.4339e+00       2.9462e-01
 5.0000e-01       2.1000e+00       1.4627e-01       3.9098e+00       5.0686e+00      -4.5119e-01      -3.4033e+00       2.8688e-01
 5.0000e-01       2.1000e+00       1.5627e-01       3.4835e+00       4.9519e+00      -4.8232e-01      -3.3670e+00       2.7800e-01
 5.0000e-01       2.1000e+00       1.6627e-01       3.1120e+00       4.8409e+00      -5.0765e-01      -3.3263e+00       2.6815e-01
 5.0000e-01       2.1000e+00       1.7627e-01       2.7876e+00       4.7347e+00      -5.2844e-01      -3.2822e+00       2.5750e-01
 5.0000e-01       2.1000e+00       1.8627e-01       2.5034e+00       4.6328e+00      -5.4565e-01      -3.2352e+00       2.4618e-01
 5.0000e-01       2.1000e+00       1.9627e-01       2.2541e+00       4.5346e+00      -5.6002e-01      -3.1861e+00       2.3429e-01
 5.0000e-01       2.1000e+00       2.0627e-01       2.0351e+00       4.4397e+00      -5.7216e-01      -3.1353e+00       2.2195e-01
 5.0000e-01       2.1000e+00       2.1627e-01       1.8424e+00       4.3478e+00      -5.8252e-01      -3.0832e+00       2.0923e-01
 5.0000e-01       2.1000e+00       2.2627e-01       1.6729e+00       4.2586e+00      -5.9146e-01      -3.0301e+00       1.9621e-01
 5.0000e-01       2.1000e+00       2.3627e-01       1.5237e+00       4.1719e+00      -5.9929e-01      -2.9762e+00       1.8296e-01
 5.0000e-01       2.1000e+00       2.4627e-01       1.3924e+00       4.0876e+00      -6.0623e-01      -2.9219e+00       1.6953e-01
 5.0000e-01       2.1000e+00       2.5627e-01       1.2770e+00       4.0054e+00      -6.1247e-01      -2.8672e+00       1.5598e-01
 5.0000e-01       2.1000e+00       2.6627e-01       1.1757e+00       3.9252e+00      -6.1816e-01      -2.8123e+00       1.4235e-01
 5.0000e-01       2.1000e+00       2.7627e-01       1.0869e+00       3.8469e+00      -6.2343e-01      -2.7574e+00       1.2869e-01
 5.0000e-01       2.1000e+00       2.8627e-01       1.0094e+00       3.7705e+00      -6.2836e-01      -2.7027e+00       1.1503e-01
 5.0000e-01       2.1000e+00       2.9627e-01       9.4186e-01       3.6958e+00      -6.3304e-01      -2.6481e+00       1.0140e-01
 5.0000e-01       2.1000e+00       3.0627e-01       8.8331e-01       3.6228e+00      -6.3753e-01      -2.5937e+00       8.7825e-02
 5.0000e-01       2.1000e+00       3.1627e-01       8.3283e-01       3.5514e+00      -6.4189e-01      -2.5398e+00       7.4335e-02
 5.0000e-01       2.1000e+00       3.2627e-01       7.8960e-01       3.4816e+00      -6.4615e-01      -2.4862e+00       6.0951e-02
 5.0000e-01       2.1000e+00       3.3627e-01       7.5290e-01       3.4132e+00      -6.5034e-01      -2.4332e+00       4.7692e-02
 5.0000e-01       2.1000e+00       3.4627e-01       7.2211e-01       3.3463e+00      -6.5450e-01      -2.3806e+00       3.4574e-02
 5.0000e-01       2.1000e+00       3.5627e-01       6.9665e-01       3.2808e+00      -6.5865e-01      -2.3286e+00       2.1611e-02
 5.0000e-01       2.1000e+00       3.6627e-01       6.7601e-01       3.2167e+00      -6.6279e-01      -2.2772e+00       8.8184e-03
 5.0000e-01       2.1000e+00       3.7627e-01       6.5973e-01       3.1539e+00      -6.6695e-01      -2.2264e+00      -3.7944e-03
 5.0000e-01       2.1000e+00       3.8627e-01       6.4741e-01       3.0924e+00      -6.7113e-01      -2.1763e+00      -1.6217e-02
 5.0000e-01       2.1000e+00       3.9627e-01       6.3867e-01       3.0322e+00      -6.7534e-01      -2.1269e+00      -2.8442e-02
 5.0000e-01       2.1000e+00       4.0627e-01       6.3320e-01       2.9732e+00      -6.7959e-01      -2.0781e+00      -4.0462e-02
 5.0000e-01       2.1000e+00       4.1627e-01       6.3068e-01       2.9154e+00      -6.8388e-01      -2.0301e+00      -5.2270e-02
 5.0000e-01       2.1000e+00       4.2627e-01       6.3085e-01       2.8588e+00      -6.8821e-01      -1.9828e+00      -6.3863e-02
 5.0000e-01       2.1000e+00       4.3627e-01       6.3346e-01       2.8034e+00      -6.9258e-01      -1.9362e+00      -7.5236e-02
 5.0000e-01       2.1000e+00       4.4627e-01       6.3829e-01       2.7491e+00      -6.9699e-01      -1.8903e+00      -8.6385e-02
 5.0000e-01       2.1000e+00       4.5627e-01       6.4514e-01       2.6959e+00      -7.0145e-01      -1.8452e+00      -9.7309e-02
 5.0000e-01       2.1000e+00       4.6627e-01       6.5383e-01       2.6438e+00      -7.0595e-01      -1.8008e+00      -1.0801e-01
 5.0000e-01       2.1000e+00       4.7627e-01       6.6418e-01       2.5927e+00      -7.1050e-01      -1.7572e+00      -1.1847e-01
 5.0000e-01       2.1000e+00       4.8627e-01       6.7606e-01       2.5427e+00      -7.1508e-01      -1.7143e+00      -1.2871e-01
 5.0000e-01       2.1000e+00       4.9627e-01       6.8931e-01       2.4937e+00      -7.1970e-01      -1.6722e+00      -1.3872e-01
 5.0000e-01       2.1000e+00       5.0627e-01       7.0381e-01       2.4458e+00      -7.2435e-01      -1.6309e+00      -1.4851e-01
 5.0000e-01       2.1000e+00       5.1627e-01       7.1945e-01       2.3988e+00      -7.2903e-01      -1.5902e+00      -1.5806e-01
 5.0000e-01       2.1000e+00       5.2627e-01       7.3611e-01       2.3527e+00      -7.3375e-01      -1.5504e+00      -1.6739e-01
 5.0000e-01       2.1000e+00       5.3627e-01       7.5371e-01       2.3077e+00      -7.3849e-01      -1.5112e+00      -1.7649e-01
 5.0000e-01       2.1000e+00       5.4627e-01       7.7216e-01       2.2635e+00      -7.4326e-01      -1.4728e+00      -1.8537e-01
 5.0000e-01       2.1000e+00       5.5627e-01       7.9136e-01       2.2203e+00      -7.4805e-01      -1.4351e+00      -1.9402e-01
 5.0000e-01       2.1000e+00       5.6627e-01       8.1125e-01       2.1779e+00      -7.5286e-01      -1.3982e+00      -2.0246e-01
 5.0000e-01       2.1000e+00       5.7627e-01       8.3176e-01       2.1364e+00      -7.5769e-01      -1.3619e+00      -2.1068e-01
 5.0000e-01       2.1000e+00       5.8627e-01       8.5283e-01       2.0958e+00      -7.6253e-01      -1.3264e+00      -2.1869e-01
 5.0000e-01       2.1000e+00       5.9627e-01       8.7439e-01       2.0560e+00      -7.6738e-01      -1.2916e+00      -2.2649e-01
 5.0000e-01       2.1000e+00       6.0627e-01       8.9639e-01       2.0171e+00      -7.7225e-01      -1.2574e+00      -2.3407e-01
 5.0000e-01       2.1000e+00       6.1627e-01       9.1879e-01       1.9789e+00      -7.7712e-01      -1.2240e+00      -2.4146e-01
 5.0000e-01       2.1000e+00       6.2627e-01       9.4155e-01       1.9415e+00      -7.8199e-01      -1.1912e+00      -2.4864e-01
 5.0000e-01       2.1000e+00       6.3627e-01       9.6461e-01       1.9050e+00      -7.8687e-01      -1.1591e+00      -2.5562e-01
 5.0000e-01       2.1000e+00       6.4627e-01       9.8794e-01       1.8692e+00      -7.9175e-01      -1.1276e+00      -2.6240e-01
 5.0000e-01       2.1000e+00       6.5627e-01       1.0115e+00       1.8341e+00      -7.9663e-01      -1.0968e+00      -2.6900e-01
 5.0000e-01       2.1000e+00       6.6627e-01       1.0353e+00       1.7998e+00      -8.0150e-01      -1.0667e+00      -2.7540e-01
 5.0000e-01       2.1000e+00       6.7627e-01       1.0592e+00       1.7662e+00      -8.0637e-01      -1.0371e+00      -2.8162e-01
 5.0000e-01       2.1000e+00       6.8627e-01       1.0833e+00       1.7333e+00      -8.1123e-01      -1.0082e+00      -2.8766e-01
 5.0000e-01       2.1000e+00       6.9627e-01       1.1075e+00       1.7011e+00      -8.1608e-01      -9.7991e-01      -2.9352e-01
 5.0000e-01       2.1000e+00       7.0627e-01       1.1318e+00       1.6695e+00      -8.2092e-01      -9.5221e-01      -2.9920e-01
 5.0000e-01       2.1000e+00       7.1627e-01       1.1562e+00       1.6387e+00      -8.2575e-01      -9.2510e-01      -3.0472e-01
 5.0000e-01       2.1000e+00       7.2627e-01       1.1806e+00       1.6085e+00      -8.3056e-01      -8.9858e-01      -3.1006e-01
 5.0000e-01       2.1000e+00       7.3627e-01       1.2051e+00       1.5789e+00      -8.3536e-01      -8.7262e-01      -3.1525e-01
 5.0000e-01       2.1000e+00       7.4627e-01       1.2296e+00       1.5499e+00      -8.4015e-01      -8.4723e-01      -3.2027e-01
 5.0000e-01       2.1000e+00       7.5627e-01       1.2541e+00       1.5216e+00      -8.4491e-01      -8.2240e-01      -3.2513e-01
 5.0000e-01       2.1000e+00       7.6627e-01       1.2786e+00       1.4939e+00      -8.4965e-01      -7.9811e-01      -3.2984e-01
 5.0000e-01       2.1000e+00       7.7627e-01       1.3031e+00       1.4668e+00      -8.5438e-01      -7.7435e-01      -3.3441e-01
 5.0000e-01       2.1000e+00       7.8627e-01       1.3275e+00       1.4402e+00      -8.5908e-01      -7.5112e-01      -3.3882e-01
 5.0000e-01       2.1000e+00       7.9627e-01       1.3519e+00       1.4142e+00      -8.6376e-01      -7.2841e-01      -3.4309e-01
 5.0000e-01       2.1000e+00       8.0627e-01       1.3763e+00       1.3888e+00      -8.6841e-01      -7.0620e-01      -3.4722e-01
 5.0000e-01       2.1000e+00       8.1627e-01       1.4006e+00       1.3639e+00      -8.7304e-01      -6.8449e-01      -3.5122e-01
 5.0000e-01       2.1000e+00       8.2627e-01       1.4248e+00       1.3396e+00      -8.7765e-01      -6.6326e-01      -3.5508e-01
 5.0000e-01       2.1000e+00       8.3627e-01       1.4489e+00       1.3157e+00      -8.8222e-01      -6.4252e-01      -3.5881e-01
 5.0000e-01       2.1000e+00       8.4627e-01       1.4730e+00       1.2924e+00      -8.8677e-01      -6.2225e-01      -3.6241e-01
 5.0000e-01       2.1000e+00       8.5627e-01       1.4970e+00       1.2696e+00      -8.9129e-01      -6.0244e-01      -3.6589e-01
 5.0000e-01       2.1000e+00       8.6627e-01       1.5209e+00       1.2473e+00      -8.9578e-01      -5.8308e-01      -3.6925e-01
 5.0000e-01       2.1000e+00       8.7627e-01       1.5447e+00       1.2254e+00      -9.0024e-01      -5.6416e-01      -3.7249e-01
 5.0000e-01       2.1000e+00       8.8627e-01       1.5683e+00       1.2041e+00      -9.0467e-01      -5.4568e-01      -3.7562e-01
 5.0000e-01       2.1000e+00       8.9627e-01       1.5919e+00       1.1832e+00      -9.0907e-01      -5.2763e-01      -3.7863e-01
 5.0000e-01       2.1000e+00       9.0627e-01       1.6154e+00       1.1627e+00      -9.1343e-01      -5.0999e-01      -3.8153e-01
 5.0000e-01       2.1000e+00       9.1627e-01       1.6387e+00       1.1427e+00      -9.1776e-01      -4.9277e-01      -3.8433e-01
 5.0000e-01       2.1000e+00       9.2627e-01       1.6620e+00       1.1231e+00      -9.2206e-01      -4.7595e-01      -3.8703e-01
 5.0000e-01       2.1000e+00       9.3627e-01       1.6851e+00       1.1040e+00      -9.2632e-01      -4.5952e-01      -3.8962e-01
 5.0000e-01       2.1000e+00       9.4627e-01       1.7081e+00       1.0853e+00      -9.3055e-01      -4.4348e-01      -3.9212e-01
 5.0000e-01       2.1000e+00       9.5627e-01       1.7310e+00       1.0669e+00      -9.3475e-01      -4.2781e-01      -3.9452e-01
 5.0000e-01       2.1000e+00       9.6627e-01       1.7537e+00       1.0490e+00      -9.3891e-01      -4.1252e-01      -3.9682e-01
 5.0000e-01       2.1000e+00       9.7627e-01       1.7764e+00       1.0315e+00      -9.4303e-01      -3.9759e-01      -3.9904e-01
 5.0000e-01       2.1000e+00       9.8627e-01       1.7989e+00       1.0143e+00      -9.4711e-01      -3.8302e-01      -4.0117e-01
 5.0000e-01       2.1000e+00       9.9627e-01       1.8213e+00       9.9756e-01      -9.5116e-01      -3.6879e-01      -4.0321e-01
 5.0000e-01       2.1000e+00       1.0063e+00       1.8435e+00       9.8116e-01      -9.5517e-01      -3.5491e-01      -4.0517e-01
 5.0000e-01       2.1000e+00       1.0163e+00       1.8657e+00       9.6512e-01      -9.5915e-01      -3.4136e-01      -4.0704e-01
 5.0000e-01       2.1000e+00       1.0263e+00       1.8877e+00       9.4942e-01      -9.6308e-01      -3.2814e-01      -4.0884e-01
 5.0000e-01       2.1000e+00       1.0363e+00       1.9096e+00       9.3408e-01      -9.6698e-01      -3.1523e-01      -4.1056e-01
 5.0000e-01       2.1000e+00       1.0463e+00       1.9313e+00       9.1907e-01      -9.7084e-01      -3.0265e-01      -4.1221e-01
 5.0000e-01       2.1000e+00       1.0563e+00       1.9530e+00       9.0439e-01      -9.7466e-01      -2.9036e-01      -4.1378e-01
 5.0000e-01       2.1000e+00       1.0663e+00       1.9745e+00       8.9003e-01      -9.7845e-01      -2.7838e-01      -4.1528e-01
 5.0000e-01       2.1000e+00       1.0763e+00       1.9959e+00       8.7599e-01      -9.8219e-01      -2.6670e-01      -4.1671e-01
 5.0000e-01       2.1000e+00       1.0863e+00       2.0171e+00       8.6226e-01      -9.8589e-01      -2.5530e-01      -4.1808e-01
 5.0000e-01       2.1000e+00       1.0963e+00       2.0383e+00       8.4883e-01      -9.8956e-01      -2.4419e-01      -4.1938e-01
 5.0000e-01       2.1000e+00       1.1063e+00       2.0593e+00       8.3570e-01      -9.9318e-01      -2.3335e-01      -4.2061e-01
 5.0000e-01       2.1000e+00       1.1163e+00       2.0802e+00       8.2286e-01      -9.9676e-01      -2.2278e-01      -4.2179e-01
 5.0000e-01       2.1000e+00       1.1263e+00       2.1010e+00       8.1030e-01      -1.0003e+00      -2.1247e-01      -4.2290e-01
 5.0000e-01       2.1000e+00       1.1363e+00       2.1217e+00       7.9802e-01      -1.0038e+00      -2.0243e-01      -4.2396e-01
 5.0000e-01       2.1000e+00       1.1463e+00       2.1423e+00       7.8602e-01      -1.0073e+00      -1.9263e-01      -4.2496e-01
 5.0000e-01       2.1000e+00       1.1563e+00       2.1627e+00       7.7427e-01      -1.0107e+00      -1.8309e-01      -4.2590e-01
 5.0000e-01       2.1000e+00       1.1663e+00       2.1831e+00       7.6279e-01      -1.0141e+00      -1.7378e-01      -4.2679e-01
 5.0000e-01       2.1000e+00       1.1763e+00       2.2033e+00       7.5156e-01      -1.0174e+00      -1.6471e-01      -4.2763e-01
 5.0000e-01       2.1000e+00       1.1863e+00       2.2235e+00       7.4059e-01      -1.0207e+00      -1.5588e-01      -4.2841e-01
 5.0000e-01       2.1000e+00       1.1963e+00       2.2435e+00       7.2985e-01      -1.0240e+00      -1.4727e-01      -4.2915e-01
 5.0000e-01       2.1000e+00       1.2063e+00       2.2634e+00       7.1935e-01      -1.0272e+00      -1.3888e-01      -4.2984e-01
 5.0000e-01       2.1000e+00       1.2163e+00       2.2832e+00       7.0909e-01      -1.0304e+00      -1.3071e-01      -4.3048e-01
 5.0000e-01       2.1000e+00       1.2263e+00       2.3029e+00       6.9905e-01      -1.0335e+00      -1.2276e-01      -4.3108e-01
 5.0000e-01       2.1000e+00       1.2363e+00       2.3225e+00       6.8923e-01      -1.0366e+00      -1.1500e-01      -4.3163e-01
 5.0000e-01       2.1000e+00       1.2463e+00       2.3421e+00       6.7964e-01      -1.0397e+00      -1.0746e-01      -4.3214e-01
 5.0000e-01       2.1000e+00       1.2563e+00       2.3615e+00       6.7025e-01      -1.0427e+00      -1.0011e-01      -4.3260e-01
 5.0000e-01       2.1000e+00       1.2663e+00       2.3808e+00       6.6107e-01      -1.0457e+00      -9.2952e-02      -4.3303e-01
 5.0000e-01       2.1000e+00       1.2763e+00       2.4000e+00       6.5210e-01      -1.0486e+00      -8.5986e-02      -4.3341e-01
 5.0000e-01       2.1000e+00       1.2863e+00       2.4192e+00       6.4333e-01      -1.0515e+00      -7.9206e-02      -4.3376e-01
 5.0000e-01       2.1000e+00       1.2963e+00       2.4383e+00       6.3475e-01      -1.0543e+00      -7.2607e-02      -4.3407e-01
 5.0000e-01       2.1000e+00       1.3063e+00       2.4572e+00       6.2636e-01      -1.0571e+00      -6.6185e-02      -4.3434e-01
 5.0000e-01       2.1000e+00       1.3163e+00       2.4761e+00       6.1815e-01      -1.0599e+00      -5.9936e-02      -4.3458e-01
 5.0000e-01       2.1000e+00       1.3263e+00       2.4949e+00       6.1013e-01      -1.0626e+00      -5.3857e-02      -4.3478e-01
 5.0000e-01       2.1000e+00       1.3363e+00       2.5137e+00       6.0228e-01      -1.0653e+00      -4.7944e-02      -4.3494e-01
 5.0000e-01       2.1000e+00       1.3463e+00       2.5323e+00       5.9461e-01      -1.0680e+00      -4.2192e-02      -4.3508e-01
 5.0000e-01       2.1000e+00       1.3563e+00       2.5509e+00       5.8711e-01      -1.0706e+00      -3.6599e-02      -4.3518e-01
 5.0000e-01       2.1000e+00       1.3663e+00       2.5694e+00       5.7977e-01      -1.0731e+00      -3.1160e-02      -4.3524e-01
 5.0000e-01       2.1000e+00       1.3763e+00       2.5878e+00       5.7260e-01      -1.0757e+00      -2.5873e-02      -4.3528e-01
 5.0000e-01       2.1000e+00       1.3863e+00       2.6062e+00       5.6558e-01      -1.0782e+00      -2.0733e-02      -4.3529e-01
 5.0000e-01       2.1000e+00       1.3963e+00       2.6245e+00       5.5872e-01      -1.0806e+00      -1.5738e-02      -4.3527e-01
 5.0000e-01       2.1000e+00       1.4063e+00       2.6427e+00       5.5201e-01      -1.0830e+00      -1.0884e-02      -4.3522e-01
 5.0000e-01       2.1000e+00       1.4163e+00       2.6609e+00       5.4544e-01      -1.0854e+00      -6.1679e-03      -4.3514e-01
 5.0000e-01       2.1000e+00       1.4263e+00       2.6790e+00       5.3902e-01      -1.0877e+00      -1.5868e-03      -4.3503e-01
 5.0000e-01       2.1000e+00       1.4363e+00       2.6971e+00       5.3275e-01      -1.0900e+00       2.8624e-03      -4.3490e-01
 5.0000e-01       2.1000e+00       1.4463e+00       2.7150e+00       5.2661e-01      -1.0922e+00       7.1828e-03      -4.3474e-01
 5.0000e-01       2.1000e+00       1.4563e+00       2.7330e+00       5.2060e-01      -1.0944e+00       1.1377e-02      -4.3455e-01
 5.0000e-01       2.1000e+00       1.4663e+00       2.7509e+00       5.1472e-01      -1.0966e+00       1.5449e-02      -4.3434e-01
 5.0000e-01       2.1000e+00       1.4763e+00       2.7687e+00       5.0898e-01      -1.0987e+00       1.9400e-02      -4.3411e-01
 5.0000e-01       2.1000e+00       1.4863e+00       2.7865e+00       5.0336e-01      -1.1008e+00       2.3233e-02      -4.3385e-01
 5.0000e-01       2.1000e+00       1.4963e+00       2.8042e+00       4.9786e-01      -1.1028e+00       2.6952e-02      -4.3356e-01
