 1.0000e+00       3.2800e+00       8.6530e-03       2.2245e+00       9.8427e-01       0.0000e+00       0.0000e+00 
 1.0000e+00       3.2800e+00       1.8653e-02       2.2552e+00       8.0097e-01       5.5430e-01      -1.6243e-01 
 1.0000e+00       3.2800e+00       2.8653e-02       1.9827e+00       7.0519e-01       5.0190e-01      -2.3740e-01 
 1.0000e+00       3.2800e+00       3.8653e-02       1.6929e+00       6.4511e-01       4.2845e-01      -2.7678e-01 
 1.0000e+00       3.2800e+00       4.8653e-02       1.4386e+00       6.0267e-01       3.6500e-01      -2.9862e-01 
 1.0000e+00       3.2800e+00       5.8653e-02       1.2254e+00       5.7012e-01       3.1350e-01      -3.1070e-01 
 1.0000e+00       3.2800e+00       6.8653e-02       1.0484e+00       5.4364e-01       2.7185e-01      -3.1685e-01 
 1.0000e+00       3.2800e+00       7.8653e-02       9.0115e-01       5.2114e-01       2.3783e-01      -3.1918e-01 
 1.0000e+00       3.2800e+00       8.8653e-02       7.7813e-01       5.0141e-01       2.0967e-01      -3.1892e-01 
 1.0000e+00       3.2800e+00       9.8653e-02       6.7470e-01       4.8367e-01       1.8603e-01      -3.1687e-01 
 1.0000e+00       3.2800e+00       1.0865e-01       5.8717e-01       4.6744e-01       1.6594e-01      -3.1352e-01 
 1.0000e+00       3.2800e+00       1.1865e-01       5.1267e-01       4.5238e-01       1.4866e-01      -3.0923e-01 
 1.0000e+00       3.2800e+00       1.2865e-01       4.4891e-01       4.3826e-01       1.3366e-01      -3.0424e-01 
 1.0000e+00       3.2800e+00       1.3865e-01       3.9406e-01       4.2491e-01       1.2051e-01      -2.9874e-01 
 1.0000e+00       3.2800e+00       1.4865e-01       3.4668e-01       4.1222e-01       1.0888e-01      -2.9286e-01 
 1.0000e+00       3.2800e+00       1.5865e-01       3.0558e-01       4.0008e-01       9.8537e-02      -2.8670e-01 
 1.0000e+00       3.2800e+00       1.6865e-01       2.6981e-01       3.8844e-01       8.9271e-02      -2.8035e-01 
 1.0000e+00       3.2800e+00       1.7865e-01       2.3858e-01       3.7723e-01       8.0924e-02      -2.7386e-01 
 1.0000e+00       3.2800e+00       1.8865e-01       2.1124e-01       3.6642e-01       7.3367e-02      -2.6728e-01 
 1.0000e+00       3.2800e+00       1.9865e-01       1.8724e-01       3.5597e-01       6.6495e-02      -2.6065e-01 
 1.0000e+00       3.2800e+00       2.0865e-01       1.6615e-01       3.4585e-01       6.0220e-02      -2.5402e-01 
 1.0000e+00       3.2800e+00       2.1865e-01       1.4756e-01       3.3605e-01       5.4470e-02      -2.4739e-01 
 1.0000e+00       3.2800e+00       2.2865e-01       1.3117e-01       3.2654e-01       4.9184e-02      -2.4080e-01 
 1.0000e+00       3.2800e+00       2.3865e-01       1.1669e-01       3.1732e-01       4.4311e-02      -2.3426e-01 
 1.0000e+00       3.2800e+00       2.4865e-01       1.0388e-01       3.0836e-01       3.9807e-02      -2.2778e-01 
 1.0000e+00       3.2800e+00       2.5865e-01       9.2556e-02       2.9965e-01       3.5634e-02      -2.2139e-01 
 1.0000e+00       3.2800e+00       2.6865e-01       8.2527e-02       2.9119e-01       3.1760e-02      -2.1508e-01 
 1.0000e+00       3.2800e+00       2.7865e-01       7.3646e-02       2.8296e-01       2.8156e-02      -2.0887e-01 
 1.0000e+00       3.2800e+00       2.8865e-01       6.5781e-02       2.7497e-01       2.4798e-02      -2.0277e-01 
 1.0000e+00       3.2800e+00       2.9865e-01       5.8817e-02       2.6719e-01       2.1665e-02      -1.9677e-01 
 1.0000e+00       3.2800e+00       3.0865e-01       5.2653e-02       2.5963e-01       1.8738e-02      -1.9089e-01 
 1.0000e+00       3.2800e+00       3.1865e-01       4.7200e-02       2.5228e-01       1.5999e-02      -1.8513e-01 
 1.0000e+00       3.2800e+00       3.2865e-01       4.2381e-02       2.4513e-01       1.3434e-02      -1.7949e-01 
 1.0000e+00       3.2800e+00       3.3865e-01       3.8127e-02       2.3818e-01       1.1029e-02      -1.7397e-01 
 1.0000e+00       3.2800e+00       3.4865e-01       3.4378e-02       2.3142e-01       8.7733e-03      -1.6857e-01 
 1.0000e+00       3.2800e+00       3.5865e-01       3.1079e-02       2.2484e-01       6.6550e-03      -1.6330e-01 
 1.0000e+00       3.2800e+00       3.6865e-01       2.8183e-02       2.1845e-01       4.6647e-03      -1.5816e-01 
 1.0000e+00       3.2800e+00       3.7865e-01       2.5648e-02       2.1224e-01       2.7936e-03      -1.5314e-01 
 1.0000e+00       3.2800e+00       3.8865e-01       2.3435e-02       2.0619e-01       1.0337e-03      -1.4824e-01 
 1.0000e+00       3.2800e+00       3.9865e-01       2.1511e-02       2.0032e-01      -6.2224e-04      -1.4347e-01 
 1.0000e+00       3.2800e+00       4.0865e-01       1.9846e-02       1.9461e-01      -2.1810e-03      -1.3882e-01 
 1.0000e+00       3.2800e+00       4.1865e-01       1.8412e-02       1.8907e-01      -3.6485e-03      -1.3429e-01 
 1.0000e+00       3.2800e+00       4.2865e-01       1.7185e-02       1.8367e-01      -5.0306e-03      -1.2988e-01 
 1.0000e+00       3.2800e+00       4.3865e-01       1.6145e-02       1.7844e-01      -6.3322e-03      -1.2559e-01 
 1.0000e+00       3.2800e+00       4.4865e-01       1.5270e-02       1.7335e-01      -7.5582e-03      -1.2142e-01 
 1.0000e+00       3.2800e+00       4.5865e-01       1.4544e-02       1.6840e-01      -8.7130e-03      -1.1737e-01 
 1.0000e+00       3.2800e+00       4.6865e-01       1.3951e-02       1.6359e-01      -9.8006e-03      -1.1342e-01 
 1.0000e+00       3.2800e+00       4.7865e-01       1.3477e-02       1.5893e-01      -1.0825e-02      -1.0959e-01 
 1.0000e+00       3.2800e+00       4.8865e-01       1.3108e-02       1.5439e-01      -1.1789e-02      -1.0587e-01 
 1.0000e+00       3.2800e+00       4.9865e-01       1.2834e-02       1.4999e-01      -1.2697e-02      -1.0226e-01 
 1.0000e+00       3.2800e+00       5.0865e-01       1.2644e-02       1.4571e-01      -1.3552e-02      -9.8751e-02 
 1.0000e+00       3.2800e+00       5.1865e-01       1.2528e-02       1.4156e-01      -1.4355e-02      -9.5346e-02 
 1.0000e+00       3.2800e+00       5.2865e-01       1.2478e-02       1.3753e-01      -1.5111e-02      -9.2042e-02 
 1.0000e+00       3.2800e+00       5.3865e-01       1.2486e-02       1.3361e-01      -1.5821e-02      -8.8837e-02 
 1.0000e+00       3.2800e+00       5.4865e-01       1.2545e-02       1.2981e-01      -1.6488e-02      -8.5728e-02 
 1.0000e+00       3.2800e+00       5.5865e-01       1.2650e-02       1.2612e-01      -1.7115e-02      -8.2713e-02 
 1.0000e+00       3.2800e+00       5.6865e-01       1.2794e-02       1.2254e-01      -1.7702e-02      -7.9791e-02 
 1.0000e+00       3.2800e+00       5.7865e-01       1.2972e-02       1.1906e-01      -1.8252e-02      -7.6958e-02 
 1.0000e+00       3.2800e+00       5.8865e-01       1.3180e-02       1.1569e-01      -1.8768e-02      -7.4212e-02 
 1.0000e+00       3.2800e+00       5.9865e-01       1.3413e-02       1.1241e-01      -1.9250e-02      -7.1552e-02 
 1.0000e+00       3.2800e+00       6.0865e-01       1.3668e-02       1.0923e-01      -1.9700e-02      -6.8975e-02 
 1.0000e+00       3.2800e+00       6.1865e-01       1.3941e-02       1.0614e-01      -2.0121e-02      -6.6479e-02 
 1.0000e+00       3.2800e+00       6.2865e-01       1.4230e-02       1.0315e-01      -2.0512e-02      -6.4061e-02 
 1.0000e+00       3.2800e+00       6.3865e-01       1.4531e-02       1.0024e-01      -2.0876e-02      -6.1721e-02 
 1.0000e+00       3.2800e+00       6.4865e-01       1.4842e-02       9.7417e-02      -2.1215e-02      -5.9455e-02 
 1.0000e+00       3.2800e+00       6.5865e-01       1.5160e-02       9.4679e-02      -2.1528e-02      -5.7261e-02 
 1.0000e+00       3.2800e+00       6.6865e-01       1.5484e-02       9.2022e-02      -2.1818e-02      -5.5138e-02 
 1.0000e+00       3.2800e+00       6.7865e-01       1.5812e-02       8.9444e-02      -2.2086e-02      -5.3084e-02 
 1.0000e+00       3.2800e+00       6.8865e-01       1.6142e-02       8.6942e-02      -2.2332e-02      -5.1097e-02 
 1.0000e+00       3.2800e+00       6.9865e-01       1.6473e-02       8.4515e-02      -2.2558e-02      -4.9174e-02 
 1.0000e+00       3.2800e+00       7.0865e-01       1.6803e-02       8.2160e-02      -2.2764e-02      -4.7315e-02 
 1.0000e+00       3.2800e+00       7.1865e-01       1.7132e-02       7.9874e-02      -2.2952e-02      -4.5516e-02 
 1.0000e+00       3.2800e+00       7.2865e-01       1.7458e-02       7.7657e-02      -2.3123e-02      -4.3777e-02 
 1.0000e+00       3.2800e+00       7.3865e-01       1.7780e-02       7.5506e-02      -2.3276e-02      -4.2095e-02 
 1.0000e+00       3.2800e+00       7.4865e-01       1.8097e-02       7.3419e-02      -2.3414e-02      -4.0470e-02 
 1.0000e+00       3.2800e+00       7.5865e-01       1.8409e-02       7.1393e-02      -2.3536e-02      -3.8898e-02 
 1.0000e+00       3.2800e+00       7.6865e-01       1.8716e-02       6.9429e-02      -2.3643e-02      -3.7380e-02 
 1.0000e+00       3.2800e+00       7.7865e-01       1.9016e-02       6.7522e-02      -2.3737e-02      -3.5912e-02 
 1.0000e+00       3.2800e+00       7.8865e-01       1.9309e-02       6.5673e-02      -2.3818e-02      -3.4494e-02 
 1.0000e+00       3.2800e+00       7.9865e-01       1.9595e-02       6.3878e-02      -2.3886e-02      -3.3124e-02 
 1.0000e+00       3.2800e+00       8.0865e-01       1.9873e-02       6.2137e-02      -2.3942e-02      -3.1800e-02 
 1.0000e+00       3.2800e+00       8.1865e-01       2.0143e-02       6.0448e-02      -2.3986e-02      -3.0521e-02 
 1.0000e+00       3.2800e+00       8.2865e-01       2.0405e-02       5.8809e-02      -2.4020e-02      -2.9287e-02 
 1.0000e+00       3.2800e+00       8.3865e-01       2.0659e-02       5.7219e-02      -2.4043e-02      -2.8094e-02 
 1.0000e+00       3.2800e+00       8.4865e-01       2.0904e-02       5.5676e-02      -2.4057e-02      -2.6943e-02 
 1.0000e+00       3.2800e+00       8.5865e-01       2.1141e-02       5.4179e-02      -2.4061e-02      -2.5831e-02 
 1.0000e+00       3.2800e+00       8.6865e-01       2.1368e-02       5.2726e-02      -2.4056e-02      -2.4758e-02 
 1.0000e+00       3.2800e+00       8.7865e-01       2.1587e-02       5.1317e-02      -2.4042e-02      -2.3722e-02 
 1.0000e+00       3.2800e+00       8.8865e-01       2.1797e-02       4.9949e-02      -2.4021e-02      -2.2722e-02 
 1.0000e+00       3.2800e+00       8.9865e-01       2.1999e-02       4.8622e-02      -2.3991e-02      -2.1757e-02 
 1.0000e+00       3.2800e+00       9.0865e-01       2.2191e-02       4.7334e-02      -2.3955e-02      -2.0827e-02 
 1.0000e+00       3.2800e+00       9.1865e-01       2.2375e-02       4.6085e-02      -2.3911e-02      -1.9928e-02 
 1.0000e+00       3.2800e+00       9.2865e-01       2.2550e-02       4.4872e-02      -2.3861e-02      -1.9062e-02 
 1.0000e+00       3.2800e+00       9.3865e-01       2.2716e-02       4.3696e-02      -2.3804e-02      -1.8226e-02 
 1.0000e+00       3.2800e+00       9.4865e-01       2.2874e-02       4.2554e-02      -2.3742e-02      -1.7420e-02 
 1.0000e+00       3.2800e+00       9.5865e-01       2.3023e-02       4.1446e-02      -2.3673e-02      -1.6643e-02 
 1.0000e+00       3.2800e+00       9.6865e-01       2.3164e-02       4.0370e-02      -2.3600e-02      -1.5894e-02 
 1.0000e+00       3.2800e+00       9.7865e-01       2.3296e-02       3.9326e-02      -2.3521e-02      -1.5171e-02 
 1.0000e+00       3.2800e+00       9.8865e-01       2.3420e-02       3.8313e-02      -2.3437e-02      -1.4475e-02 
 1.0000e+00       3.2800e+00       9.9865e-01       2.3537e-02       3.7330e-02      -2.3349e-02      -1.3803e-02 
