 9.5000e+00       3.2800e+00       3.9425e-01       1.3601e-02       1.2665e-02       0.0000e+00       0.0000e+00       0.0000e+00
 9.5000e+00       3.2800e+00       4.0425e-01       1.2802e-02       1.2410e-02       8.4382e-04      -1.2024e-05       1.2495e-03
 9.5000e+00       3.2800e+00       4.1425e-01       1.2056e-02       1.2169e-02       1.1209e-03      -1.6805e-05       1.7241e-03
 9.5000e+00       3.2800e+00       4.2425e-01       1.1359e-02       1.1941e-02       1.2885e-03      -1.5133e-05       2.0602e-03
 9.5000e+00       3.2800e+00       4.3425e-01       1.0708e-02       1.1726e-02       1.3954e-03      -7.7300e-06       2.3210e-03
 9.5000e+00       3.2800e+00       4.4425e-01       1.0099e-02       1.1522e-02       1.4618e-03       4.7456e-06       2.5317e-03
 9.5000e+00       3.2800e+00       4.5425e-01       9.5298e-03       1.1329e-02       1.4988e-03       2.1693e-05       2.7058e-03
 9.5000e+00       3.2800e+00       4.6425e-01       8.9966e-03       1.1147e-02       1.5133e-03       4.2565e-05       2.8512e-03
 9.5000e+00       3.2800e+00       4.7425e-01       8.4972e-03       1.0974e-02       1.5103e-03       6.6859e-05       2.9737e-03
 9.5000e+00       3.2800e+00       4.8425e-01       8.0291e-03       1.0812e-02       1.4931e-03       9.4119e-05       3.0770e-03
 9.5000e+00       3.2800e+00       4.9425e-01       7.5902e-03       1.0658e-02       1.4645e-03       1.2393e-04       3.1641e-03
 9.5000e+00       3.2800e+00       5.0425e-01       7.1786e-03       1.0513e-02       1.4263e-03       1.5590e-04       3.2372e-03
 9.5000e+00       3.2800e+00       5.1425e-01       6.7923e-03       1.0376e-02       1.3803e-03       1.8969e-04       3.2983e-03
 9.5000e+00       3.2800e+00       5.2425e-01       6.4298e-03       1.0247e-02       1.3278e-03       2.2498e-04       3.3487e-03
 9.5000e+00       3.2800e+00       5.3425e-01       6.0893e-03       1.0126e-02       1.2699e-03       2.6147e-04       3.3897e-03
 9.5000e+00       3.2800e+00       5.4425e-01       5.7695e-03       1.0011e-02       1.2074e-03       2.9891e-04       3.4224e-03
 9.5000e+00       3.2800e+00       5.5425e-01       5.4690e-03       9.9032e-03       1.1412e-03       3.3705e-04       3.4476e-03
 9.5000e+00       3.2800e+00       5.6425e-01       5.1866e-03       9.8018e-03       1.0718e-03       3.7567e-04       3.4661e-03
 9.5000e+00       3.2800e+00       5.7425e-01       4.9212e-03       9.7066e-03       9.9996e-04       4.1458e-04       3.4785e-03
 9.5000e+00       3.2800e+00       5.8425e-01       4.6716e-03       9.6171e-03       9.2599e-04       4.5358e-04       3.4855e-03
 9.5000e+00       3.2800e+00       5.9425e-01       4.4369e-03       9.5332e-03       8.5036e-04       4.9252e-04       3.4875e-03
 9.5000e+00       3.2800e+00       6.0425e-01       4.2162e-03       9.4546e-03       7.7343e-04       5.3124e-04       3.4850e-03
 9.5000e+00       3.2800e+00       6.1425e-01       4.0086e-03       9.3810e-03       6.9550e-04       5.6962e-04       3.4784e-03
 9.5000e+00       3.2800e+00       6.2425e-01       3.8133e-03       9.3121e-03       6.1686e-04       6.0752e-04       3.4681e-03
 9.5000e+00       3.2800e+00       6.3425e-01       3.6296e-03       9.2478e-03       5.3773e-04       6.4485e-04       3.4545e-03
 9.5000e+00       3.2800e+00       6.4425e-01       3.4568e-03       9.1878e-03       4.5835e-04       6.8150e-04       3.4378e-03
 9.5000e+00       3.2800e+00       6.5425e-01       3.2942e-03       9.1319e-03       3.7888e-04       7.1738e-04       3.4182e-03
 9.5000e+00       3.2800e+00       6.6425e-01       3.1413e-03       9.0798e-03       2.9949e-04       7.5243e-04       3.3961e-03
 9.5000e+00       3.2800e+00       6.7425e-01       2.9974e-03       9.0315e-03       2.2034e-04       7.8657e-04       3.3717e-03
 9.5000e+00       3.2800e+00       6.8425e-01       2.8620e-03       8.9867e-03       1.4154e-04       8.1973e-04       3.3452e-03
 9.5000e+00       3.2800e+00       6.9425e-01       2.7347e-03       8.9452e-03       6.3213e-05       8.5188e-04       3.3167e-03
 9.5000e+00       3.2800e+00       7.0425e-01       2.6150e-03       8.9068e-03      -1.4541e-05       8.8296e-04       3.2865e-03
 9.5000e+00       3.2800e+00       7.1425e-01       2.5024e-03       8.8715e-03      -9.1633e-05       9.1293e-04       3.2547e-03
 9.5000e+00       3.2800e+00       7.2425e-01       2.3966e-03       8.8389e-03      -1.6799e-04       9.4176e-04       3.2215e-03
 9.5000e+00       3.2800e+00       7.3425e-01       2.2971e-03       8.8091e-03      -2.4353e-04       9.6943e-04       3.1869e-03
 9.5000e+00       3.2800e+00       7.4425e-01       2.2036e-03       8.7817e-03      -3.1820e-04       9.9590e-04       3.1512e-03
 9.5000e+00       3.2800e+00       7.5425e-01       2.1158e-03       8.7567e-03      -3.9195e-04       1.0212e-03       3.1145e-03
 9.5000e+00       3.2800e+00       7.6425e-01       2.0333e-03       8.7340e-03      -4.6472e-04       1.0452e-03       3.0768e-03
 9.5000e+00       3.2800e+00       7.7425e-01       1.9558e-03       8.7134e-03      -5.3648e-04       1.0681e-03       3.0383e-03
 9.5000e+00       3.2800e+00       7.8425e-01       1.8831e-03       8.6948e-03      -6.0719e-04       1.0896e-03       2.9990e-03
 9.5000e+00       3.2800e+00       7.9425e-01       1.8150e-03       8.6781e-03      -6.7682e-04       1.1100e-03       2.9591e-03
 9.5000e+00       3.2800e+00       8.0425e-01       1.7510e-03       8.6631e-03      -7.4534e-04       1.1291e-03       2.9186e-03
 9.5000e+00       3.2800e+00       8.1425e-01       1.6911e-03       8.6498e-03      -8.1272e-04       1.1470e-03       2.8776e-03
 9.5000e+00       3.2800e+00       8.2425e-01       1.6349e-03       8.6380e-03      -8.7896e-04       1.1637e-03       2.8362e-03
 9.5000e+00       3.2800e+00       8.3425e-01       1.5824e-03       8.6277e-03      -9.4403e-04       1.1791e-03       2.7945e-03
 9.5000e+00       3.2800e+00       8.4425e-01       1.5332e-03       8.6187e-03      -1.0079e-03       1.1934e-03       2.7524e-03
 9.5000e+00       3.2800e+00       8.5425e-01       1.4872e-03       8.6109e-03      -1.0706e-03       1.2064e-03       2.7102e-03
 9.5000e+00       3.2800e+00       8.6425e-01       1.4442e-03       8.6044e-03      -1.1321e-03       1.2183e-03       2.6677e-03
 9.5000e+00       3.2800e+00       8.7425e-01       1.4041e-03       8.5989e-03      -1.1924e-03       1.2290e-03       2.6251e-03
 9.5000e+00       3.2800e+00       8.8425e-01       1.3667e-03       8.5943e-03      -1.2515e-03       1.2386e-03       2.5824e-03
 9.5000e+00       3.2800e+00       8.9425e-01       1.3318e-03       8.5908e-03      -1.3093e-03       1.2470e-03       2.5397e-03
 9.5000e+00       3.2800e+00       9.0425e-01       1.2993e-03       8.5880e-03      -1.3660e-03       1.2543e-03       2.4970e-03
 9.5000e+00       3.2800e+00       9.1425e-01       1.2691e-03       8.5860e-03      -1.4214e-03       1.2606e-03       2.4543e-03
 9.5000e+00       3.2800e+00       9.2425e-01       1.2411e-03       8.5847e-03      -1.4757e-03       1.2658e-03       2.4117e-03
 9.5000e+00       3.2800e+00       9.3425e-01       1.2150e-03       8.5841e-03      -1.5287e-03       1.2700e-03       2.3692e-03
 9.5000e+00       3.2800e+00       9.4425e-01       1.1909e-03       8.5840e-03      -1.5805e-03       1.2731e-03       2.3269e-03
 9.5000e+00       3.2800e+00       9.5425e-01       1.1686e-03       8.5844e-03      -1.6311e-03       1.2753e-03       2.2847e-03
 9.5000e+00       3.2800e+00       9.6425e-01       1.1480e-03       8.5853e-03      -1.6806e-03       1.2764e-03       2.2427e-03
 9.5000e+00       3.2800e+00       9.7425e-01       1.1290e-03       8.5866e-03      -1.7288e-03       1.2767e-03       2.2009e-03
 9.5000e+00       3.2800e+00       9.8425e-01       1.1116e-03       8.5882e-03      -1.7759e-03       1.2760e-03       2.1594e-03
 9.5000e+00       3.2800e+00       9.9425e-01       1.0955e-03       8.5901e-03      -1.8218e-03       1.2745e-03       2.1181e-03
 9.5000e+00       3.2800e+00       1.0043e+00       1.0808e-03       8.5923e-03      -1.8666e-03       1.2720e-03       2.0771e-03
 9.5000e+00       3.2800e+00       1.0143e+00       1.0674e-03       8.5946e-03      -1.9102e-03       1.2688e-03       2.0365e-03
 9.5000e+00       3.2800e+00       1.0243e+00       1.0552e-03       8.5971e-03      -1.9527e-03       1.2647e-03       1.9961e-03
 9.5000e+00       3.2800e+00       1.0343e+00       1.0441e-03       8.5998e-03      -1.9940e-03       1.2598e-03       1.9561e-03
 9.5000e+00       3.2800e+00       1.0443e+00       1.0341e-03       8.6025e-03      -2.0343e-03       1.2542e-03       1.9164e-03
 9.5000e+00       3.2800e+00       1.0543e+00       1.0250e-03       8.6052e-03      -2.0734e-03       1.2479e-03       1.8771e-03
 9.5000e+00       3.2800e+00       1.0643e+00       1.0170e-03       8.6079e-03      -2.1115e-03       1.2408e-03       1.8381e-03
 9.5000e+00       3.2800e+00       1.0743e+00       1.0098e-03       8.6106e-03      -2.1484e-03       1.2331e-03       1.7996e-03
 9.5000e+00       3.2800e+00       1.0843e+00       1.0034e-03       8.6133e-03      -2.1844e-03       1.2247e-03       1.7614e-03
 9.5000e+00       3.2800e+00       1.0943e+00       9.9778e-04       8.6158e-03      -2.2192e-03       1.2157e-03       1.7237e-03
 9.5000e+00       3.2800e+00       1.1043e+00       9.9291e-04       8.6182e-03      -2.2531e-03       1.2060e-03       1.6863e-03
 9.5000e+00       3.2800e+00       1.1143e+00       9.8872e-04       8.6205e-03      -2.2859e-03       1.1958e-03       1.6494e-03
 9.5000e+00       3.2800e+00       1.1243e+00       9.8518e-04       8.6225e-03      -2.3177e-03       1.1851e-03       1.6129e-03
 9.5000e+00       3.2800e+00       1.1343e+00       9.8223e-04       8.6244e-03      -2.3485e-03       1.1738e-03       1.5768e-03
 9.5000e+00       3.2800e+00       1.1443e+00       9.7984e-04       8.6260e-03      -2.3784e-03       1.1620e-03       1.5412e-03
 9.5000e+00       3.2800e+00       1.1543e+00       9.7798e-04       8.6274e-03      -2.4072e-03       1.1497e-03       1.5060e-03
 9.5000e+00       3.2800e+00       1.1643e+00       9.7660e-04       8.6286e-03      -2.4352e-03       1.1370e-03       1.4713e-03
 9.5000e+00       3.2800e+00       1.1743e+00       9.7567e-04       8.6294e-03      -2.4621e-03       1.1238e-03       1.4370e-03
 9.5000e+00       3.2800e+00       1.1843e+00       9.7516e-04       8.6299e-03      -2.4882e-03       1.1102e-03       1.4032e-03
 9.5000e+00       3.2800e+00       1.1943e+00       9.7504e-04       8.6301e-03      -2.5134e-03       1.0962e-03       1.3698e-03
 9.5000e+00       3.2800e+00       1.2043e+00       9.7528e-04       8.6299e-03      -2.5376e-03       1.0819e-03       1.3369e-03
 9.5000e+00       3.2800e+00       1.2143e+00       9.7586e-04       8.6294e-03      -2.5610e-03       1.0672e-03       1.3044e-03
 9.5000e+00       3.2800e+00       1.2243e+00       9.7674e-04       8.6285e-03      -2.5835e-03       1.0521e-03       1.2725e-03
 9.5000e+00       3.2800e+00       1.2343e+00       9.7791e-04       8.6272e-03      -2.6052e-03       1.0368e-03       1.2409e-03
 9.5000e+00       3.2800e+00       1.2443e+00       9.7934e-04       8.6256e-03      -2.6260e-03       1.0212e-03       1.2099e-03
 9.5000e+00       3.2800e+00       1.2543e+00       9.8100e-04       8.6235e-03      -2.6461e-03       1.0053e-03       1.1793e-03
 9.5000e+00       3.2800e+00       1.2643e+00       9.8288e-04       8.6210e-03      -2.6653e-03       9.8920e-04       1.1491e-03
 9.5000e+00       3.2800e+00       1.2743e+00       9.8495e-04       8.6181e-03      -2.6837e-03       9.7285e-04       1.1194e-03
 9.5000e+00       3.2800e+00       1.2843e+00       9.8721e-04       8.6147e-03      -2.7013e-03       9.5629e-04       1.0902e-03
 9.5000e+00       3.2800e+00       1.2943e+00       9.8962e-04       8.6109e-03      -2.7182e-03       9.3954e-04       1.0615e-03
 9.5000e+00       3.2800e+00       1.3043e+00       9.9218e-04       8.6066e-03      -2.7343e-03       9.2261e-04       1.0332e-03
 9.5000e+00       3.2800e+00       1.3143e+00       9.9486e-04       8.6019e-03      -2.7497e-03       9.0553e-04       1.0053e-03
 9.5000e+00       3.2800e+00       1.3243e+00       9.9765e-04       8.5967e-03      -2.7643e-03       8.8831e-04       9.7793e-04
 9.5000e+00       3.2800e+00       1.3343e+00       1.0005e-03       8.5910e-03      -2.7783e-03       8.7096e-04       9.5100e-04
 9.5000e+00       3.2800e+00       1.3443e+00       1.0035e-03       8.5849e-03      -2.7915e-03       8.5351e-04       9.2451e-04
 9.5000e+00       3.2800e+00       1.3543e+00       1.0066e-03       8.5783e-03      -2.8041e-03       8.3596e-04       8.9847e-04
 9.5000e+00       3.2800e+00       1.3643e+00       1.0097e-03       8.5712e-03      -2.8160e-03       8.1834e-04       8.7287e-04
 9.5000e+00       3.2800e+00       1.3743e+00       1.0128e-03       8.5636e-03      -2.8273e-03       8.0065e-04       8.4772e-04
 9.5000e+00       3.2800e+00       1.3843e+00       1.0160e-03       8.5556e-03      -2.8379e-03       7.8291e-04       8.2300e-04
 9.5000e+00       3.2800e+00       1.3943e+00       1.0192e-03       8.5470e-03      -2.8478e-03       7.6514e-04       7.9872e-04
