 5.5000e+00       3.2800e+00       1.6952e-01       1.2011e-01       7.0874e-02       0.0000e+00       0.0000e+00 
 5.5000e+00       3.2800e+00       1.7952e-01       1.0973e-01       6.8625e-02       8.5607e-03      -9.9016e-04 
 5.5000e+00       3.2800e+00       1.8952e-01       1.0046e-01       6.6538e-02       1.1132e-02      -1.8133e-03 
 5.5000e+00       3.2800e+00       1.9952e-01       9.2151e-02       6.4592e-02       1.2561e-02      -2.4936e-03 
 5.5000e+00       3.2800e+00       2.0952e-01       8.4677e-02       6.2769e-02       1.3387e-02      -3.0510e-03 
 5.5000e+00       3.2800e+00       2.1952e-01       7.7936e-02       6.1056e-02       1.3835e-02      -3.5024e-03 
 5.5000e+00       3.2800e+00       2.2952e-01       7.1840e-02       5.9440e-02       1.4027e-02      -3.8618e-03 
 5.5000e+00       3.2800e+00       2.3952e-01       6.6314e-02       5.7913e-02       1.4037e-02      -4.1413e-03 
 5.5000e+00       3.2800e+00       2.4952e-01       6.1292e-02       5.6465e-02       1.3915e-02      -4.3512e-03 
 5.5000e+00       3.2800e+00       2.5952e-01       5.6721e-02       5.5090e-02       1.3696e-02      -4.5005e-03 
 5.5000e+00       3.2800e+00       2.6952e-01       5.2550e-02       5.3781e-02       1.3404e-02      -4.5968e-03 
 5.5000e+00       3.2800e+00       2.7952e-01       4.8740e-02       5.2532e-02       1.3057e-02      -4.6468e-03 
 5.5000e+00       3.2800e+00       2.8952e-01       4.5251e-02       5.1340e-02       1.2669e-02      -4.6565e-03 
 5.5000e+00       3.2800e+00       2.9952e-01       4.2054e-02       5.0200e-02       1.2251e-02      -4.6309e-03 
 5.5000e+00       3.2800e+00       3.0952e-01       3.9119e-02       4.9109e-02       1.1811e-02      -4.5747e-03 
 5.5000e+00       3.2800e+00       3.1952e-01       3.6421e-02       4.8063e-02       1.1355e-02      -4.4918e-03 
 5.5000e+00       3.2800e+00       3.2952e-01       3.3938e-02       4.7060e-02       1.0888e-02      -4.3857e-03 
 5.5000e+00       3.2800e+00       3.3952e-01       3.1651e-02       4.6096e-02       1.0415e-02      -4.2597e-03 
 5.5000e+00       3.2800e+00       3.4952e-01       2.9542e-02       4.5171e-02       9.9375e-03      -4.1166e-03 
 5.5000e+00       3.2800e+00       3.5952e-01       2.7595e-02       4.4281e-02       9.4595e-03      -3.9589e-03 
 5.5000e+00       3.2800e+00       3.6952e-01       2.5797e-02       4.3424e-02       8.9826e-03      -3.7887e-03 
 5.5000e+00       3.2800e+00       3.7952e-01       2.4134e-02       4.2600e-02       8.5085e-03      -3.6082e-03 
 5.5000e+00       3.2800e+00       3.8952e-01       2.2595e-02       4.1805e-02       8.0385e-03      -3.4190e-03 
 5.5000e+00       3.2800e+00       3.9952e-01       2.1171e-02       4.1040e-02       7.5738e-03      -3.2229e-03 
 5.5000e+00       3.2800e+00       4.0952e-01       1.9851e-02       4.0302e-02       7.1152e-03      -3.0212e-03 
 5.5000e+00       3.2800e+00       4.1952e-01       1.8627e-02       3.9590e-02       6.6633e-03      -2.8152e-03 
 5.5000e+00       3.2800e+00       4.2952e-01       1.7493e-02       3.8904e-02       6.2187e-03      -2.6061e-03 
 5.5000e+00       3.2800e+00       4.3952e-01       1.6440e-02       3.8241e-02       5.7819e-03      -2.3949e-03 
 5.5000e+00       3.2800e+00       4.4952e-01       1.5463e-02       3.7601e-02       5.3532e-03      -2.1825e-03 
 5.5000e+00       3.2800e+00       4.5952e-01       1.4555e-02       3.6984e-02       4.9328e-03      -1.9698e-03 
 5.5000e+00       3.2800e+00       4.6952e-01       1.3712e-02       3.6387e-02       4.5208e-03      -1.7575e-03 
 5.5000e+00       3.2800e+00       4.7952e-01       1.2929e-02       3.5810e-02       4.1175e-03      -1.5462e-03 
 5.5000e+00       3.2800e+00       4.8952e-01       1.2202e-02       3.5253e-02       3.7229e-03      -1.3366e-03 
 5.5000e+00       3.2800e+00       4.9952e-01       1.1525e-02       3.4714e-02       3.3371e-03      -1.1292e-03 
 5.5000e+00       3.2800e+00       5.0952e-01       1.0896e-02       3.4193e-02       2.9599e-03      -9.2432e-04 
 5.5000e+00       3.2800e+00       5.1952e-01       1.0312e-02       3.3690e-02       2.5915e-03      -7.2251e-04 
 5.5000e+00       3.2800e+00       5.2952e-01       9.7687e-03       3.3203e-02       2.2318e-03      -5.2408e-04 
 5.5000e+00       3.2800e+00       5.3952e-01       9.2636e-03       3.2731e-02       1.8806e-03      -3.2934e-04 
 5.5000e+00       3.2800e+00       5.4952e-01       8.7941e-03       3.2275e-02       1.5380e-03      -1.3857e-04 
 5.5000e+00       3.2800e+00       5.5952e-01       8.3577e-03       3.1833e-02       1.2038e-03       4.7988e-05 
 5.5000e+00       3.2800e+00       5.6952e-01       7.9522e-03       3.1406e-02       8.7799e-04       2.3015e-04 
 5.5000e+00       3.2800e+00       5.7952e-01       7.5754e-03       3.0992e-02       5.6036e-04       4.0773e-04 
 5.5000e+00       3.2800e+00       5.8952e-01       7.2254e-03       3.0591e-02       2.5083e-04       5.8059e-04 
 5.5000e+00       3.2800e+00       5.9952e-01       6.9004e-03       3.0203e-02      -5.0718e-05       7.4861e-04 
 5.5000e+00       3.2800e+00       6.0952e-01       6.5987e-03       2.9827e-02      -3.4442e-04       9.1170e-04 
 5.5000e+00       3.2800e+00       6.1952e-01       6.3188e-03       2.9462e-02      -6.3040e-04       1.0698e-03 
 5.5000e+00       3.2800e+00       6.2952e-01       6.0592e-03       2.9109e-02      -9.0879e-04       1.2228e-03 
 5.5000e+00       3.2800e+00       6.3952e-01       5.8186e-03       2.8767e-02      -1.1797e-03       1.3707e-03 
 5.5000e+00       3.2800e+00       6.4952e-01       5.5957e-03       2.8435e-02      -1.4434e-03       1.5135e-03 
 5.5000e+00       3.2800e+00       6.5952e-01       5.3893e-03       2.8112e-02      -1.6998e-03       1.6512e-03 
 5.5000e+00       3.2800e+00       6.6952e-01       5.1985e-03       2.7800e-02      -1.9492e-03       1.7837e-03 
 5.5000e+00       3.2800e+00       6.7952e-01       5.0221e-03       2.7497e-02      -2.1917e-03       1.9111e-03 
 5.5000e+00       3.2800e+00       6.8952e-01       4.8593e-03       2.7203e-02      -2.4274e-03       2.0334e-03 
 5.5000e+00       3.2800e+00       6.9952e-01       4.7091e-03       2.6917e-02      -2.6565e-03       2.1507e-03 
 5.5000e+00       3.2800e+00       7.0952e-01       4.5707e-03       2.6640e-02      -2.8791e-03       2.2630e-03 
 5.5000e+00       3.2800e+00       7.1952e-01       4.4434e-03       2.6370e-02      -3.0954e-03       2.3703e-03 
 5.5000e+00       3.2800e+00       7.2952e-01       4.3264e-03       2.6109e-02      -3.3054e-03       2.4728e-03 
 5.5000e+00       3.2800e+00       7.3952e-01       4.2192e-03       2.5854e-02      -3.5092e-03       2.5704e-03 
 5.5000e+00       3.2800e+00       7.4952e-01       4.1209e-03       2.5607e-02      -3.7071e-03       2.6633e-03 
 5.5000e+00       3.2800e+00       7.5952e-01       4.0311e-03       2.5367e-02      -3.8992e-03       2.7514e-03 
 5.5000e+00       3.2800e+00       7.6952e-01       3.9492e-03       2.5133e-02      -4.0855e-03       2.8350e-03 
 5.5000e+00       3.2800e+00       7.7952e-01       3.8747e-03       2.4906e-02      -4.2662e-03       2.9140e-03 
 5.5000e+00       3.2800e+00       7.8952e-01       3.8072e-03       2.4685e-02      -4.4415e-03       2.9886e-03 
 5.5000e+00       3.2800e+00       7.9952e-01       3.7460e-03       2.4469e-02      -4.6113e-03       3.0589e-03 
 5.5000e+00       3.2800e+00       8.0952e-01       3.6909e-03       2.4260e-02      -4.7759e-03       3.1249e-03 
 5.5000e+00       3.2800e+00       8.1952e-01       3.6414e-03       2.4055e-02      -4.9354e-03       3.1868e-03 
 5.5000e+00       3.2800e+00       8.2952e-01       3.5972e-03       2.3856e-02      -5.0898e-03       3.2445e-03 
 5.5000e+00       3.2800e+00       8.3952e-01       3.5579e-03       2.3662e-02      -5.2394e-03       3.2983e-03 
 5.5000e+00       3.2800e+00       8.4952e-01       3.5231e-03       2.3473e-02      -5.3841e-03       3.3483e-03 
 5.5000e+00       3.2800e+00       8.5952e-01       3.4926e-03       2.3288e-02      -5.5241e-03       3.3944e-03 
 5.5000e+00       3.2800e+00       8.6952e-01       3.4661e-03       2.3108e-02      -5.6596e-03       3.4368e-03 
 5.5000e+00       3.2800e+00       8.7952e-01       3.4433e-03       2.2932e-02      -5.7905e-03       3.4757e-03 
 5.5000e+00       3.2800e+00       8.8952e-01       3.4239e-03       2.2761e-02      -5.9170e-03       3.5111e-03 
 5.5000e+00       3.2800e+00       8.9952e-01       3.4077e-03       2.2593e-02      -6.0393e-03       3.5431e-03 
 5.5000e+00       3.2800e+00       9.0952e-01       3.3945e-03       2.2429e-02      -6.1573e-03       3.5718e-03 
 5.5000e+00       3.2800e+00       9.1952e-01       3.3840e-03       2.2269e-02      -6.2713e-03       3.5973e-03 
 5.5000e+00       3.2800e+00       9.2952e-01       3.3761e-03       2.2112e-02      -6.3812e-03       3.6197e-03 
 5.5000e+00       3.2800e+00       9.3952e-01       3.3705e-03       2.1958e-02      -6.4873e-03       3.6391e-03 
 5.5000e+00       3.2800e+00       9.4952e-01       3.3672e-03       2.1808e-02      -6.5895e-03       3.6555e-03 
 5.5000e+00       3.2800e+00       9.5952e-01       3.3659e-03       2.1661e-02      -6.6879e-03       3.6692e-03 
 5.5000e+00       3.2800e+00       9.6952e-01       3.3664e-03       2.1517e-02      -6.7827e-03       3.6801e-03 
 5.5000e+00       3.2800e+00       9.7952e-01       3.3686e-03       2.1376e-02      -6.8740e-03       3.6884e-03 
 5.5000e+00       3.2800e+00       9.8952e-01       3.3725e-03       2.1238e-02      -6.9617e-03       3.6942e-03 
 5.5000e+00       3.2800e+00       9.9952e-01       3.3777e-03       2.1102e-02      -7.0461e-03       3.6974e-03 
