 6.5000e+00       2.8900e+00       3.3386e-01       5.9283e-02       6.4318e-02       0.0000e+00       0.0000e+00
 6.5000e+00       2.8900e+00       3.4386e-01       5.5693e-02       6.3019e-02       3.5246e-03      -2.1561e-04
 6.5000e+00       2.8900e+00       3.5386e-01       5.2357e-02       6.1784e-02       4.6629e-03      -3.8491e-04
 6.5000e+00       2.8900e+00       3.6386e-01       4.9256e-02       6.0610e-02       5.3390e-03      -5.1261e-04
 6.5000e+00       2.8900e+00       3.7386e-01       4.6369e-02       5.9494e-02       5.7591e-03      -6.0297e-04
 6.5000e+00       2.8900e+00       3.8386e-01       4.3679e-02       5.8431e-02       6.0095e-03      -6.5983e-04
 6.5000e+00       2.8900e+00       3.9386e-01       4.1171e-02       5.7420e-02       6.1372e-03      -6.8667e-04
 6.5000e+00       2.8900e+00       4.0386e-01       3.8830e-02       5.6456e-02       6.1721e-03      -6.8666e-04
 6.5000e+00       2.8900e+00       4.1386e-01       3.6644e-02       5.5538e-02       6.1343e-03      -6.6268e-04
 6.5000e+00       2.8900e+00       4.2386e-01       3.4601e-02       5.4663e-02       6.0385e-03      -6.1735e-04
 6.5000e+00       2.8900e+00       4.3386e-01       3.2691e-02       5.3829e-02       5.8957e-03      -5.5305e-04
 6.5000e+00       2.8900e+00       4.4386e-01       3.0903e-02       5.3034e-02       5.7145e-03      -4.7196e-04
 6.5000e+00       2.8900e+00       4.5386e-01       2.9230e-02       5.2276e-02       5.5016e-03      -3.7606e-04
 6.5000e+00       2.8900e+00       4.6386e-01       2.7663e-02       5.1553e-02       5.2624e-03      -2.6718e-04
 6.5000e+00       2.8900e+00       4.7386e-01       2.6195e-02       5.0864e-02       5.0014e-03      -1.4697e-04
 6.5000e+00       2.8900e+00       4.8386e-01       2.4819e-02       5.0207e-02       4.7223e-03      -1.6956e-05
 6.5000e+00       2.8900e+00       4.9386e-01       2.3528e-02       4.9580e-02       4.4281e-03       1.2148e-04
 6.5000e+00       2.8900e+00       5.0386e-01       2.2318e-02       4.8982e-02       4.1216e-03       2.6707e-04
 6.5000e+00       2.8900e+00       5.1386e-01       2.1182e-02       4.8413e-02       3.8048e-03       4.1864e-04
 6.5000e+00       2.8900e+00       5.2386e-01       2.0116e-02       4.7869e-02       3.4796e-03       5.7513e-04
 6.5000e+00       2.8900e+00       5.3386e-01       1.9115e-02       4.7352e-02       3.1478e-03       7.3557e-04
 6.5000e+00       2.8900e+00       5.4386e-01       1.8176e-02       4.6858e-02       2.8107e-03       8.9907e-04
 6.5000e+00       2.8900e+00       5.5386e-01       1.7294e-02       4.6388e-02       2.4695e-03       1.0648e-03
 6.5000e+00       2.8900e+00       5.6386e-01       1.6466e-02       4.5940e-02       2.1253e-03       1.2321e-03
 6.5000e+00       2.8900e+00       5.7386e-01       1.5689e-02       4.5513e-02       1.7790e-03       1.4001e-03
 6.5000e+00       2.8900e+00       5.8386e-01       1.4959e-02       4.5106e-02       1.4315e-03       1.5684e-03
 6.5000e+00       2.8900e+00       5.9386e-01       1.4273e-02       4.4719e-02       1.0834e-03       1.7363e-03
 6.5000e+00       2.8900e+00       6.0386e-01       1.3629e-02       4.4350e-02       7.3537e-04       1.9033e-03
 6.5000e+00       2.8900e+00       6.1386e-01       1.3025e-02       4.4000e-02       3.8796e-04       2.0691e-03
 6.5000e+00       2.8900e+00       6.2386e-01       1.2458e-02       4.3666e-02       4.1692e-05       2.2330e-03
 6.5000e+00       2.8900e+00       6.3386e-01       1.1926e-02       4.3349e-02      -3.0306e-04       2.3948e-03
 6.5000e+00       2.8900e+00       6.4386e-01       1.1426e-02       4.3047e-02      -6.4586e-04       2.5541e-03
 6.5000e+00       2.8900e+00       6.5386e-01       1.0958e-02       4.2760e-02      -9.8640e-04       2.7107e-03
 6.5000e+00       2.8900e+00       6.6386e-01       1.0519e-02       4.2488e-02      -1.3244e-03       2.8641e-03
 6.5000e+00       2.8900e+00       6.7386e-01       1.0107e-02       4.2229e-02      -1.6595e-03       3.0143e-03
 6.5000e+00       2.8900e+00       6.8386e-01       9.7212e-03       4.1983e-02      -1.9915e-03       3.1609e-03
 6.5000e+00       2.8900e+00       6.9386e-01       9.3600e-03       4.1750e-02      -2.3203e-03       3.3038e-03
 6.5000e+00       2.8900e+00       7.0386e-01       9.0220e-03       4.1528e-02      -2.6456e-03       3.4428e-03
 6.5000e+00       2.8900e+00       7.1386e-01       8.7058e-03       4.1318e-02      -2.9673e-03       3.5777e-03
 6.5000e+00       2.8900e+00       7.2386e-01       8.4103e-03       4.1119e-02      -3.2852e-03       3.7084e-03
 6.5000e+00       2.8900e+00       7.3386e-01       8.1344e-03       4.0931e-02      -3.5993e-03       3.8349e-03
 6.5000e+00       2.8900e+00       7.4386e-01       7.8769e-03       4.0752e-02      -3.9093e-03       3.9569e-03
 6.5000e+00       2.8900e+00       7.5386e-01       7.6368e-03       4.0583e-02      -4.2152e-03       4.0745e-03
 6.5000e+00       2.8900e+00       7.6386e-01       7.4132e-03       4.0423e-02      -4.5169e-03       4.1876e-03
 6.5000e+00       2.8900e+00       7.7386e-01       7.2051e-03       4.0272e-02      -4.8144e-03       4.2961e-03
 6.5000e+00       2.8900e+00       7.8386e-01       7.0119e-03       4.0129e-02      -5.1076e-03       4.3999e-03
 6.5000e+00       2.8900e+00       7.9386e-01       6.8325e-03       3.9994e-02      -5.3964e-03       4.4992e-03
 6.5000e+00       2.8900e+00       8.0386e-01       6.6664e-03       3.9866e-02      -5.6808e-03       4.5937e-03
 6.5000e+00       2.8900e+00       8.1386e-01       6.5127e-03       3.9745e-02      -5.9607e-03       4.6837e-03
 6.5000e+00       2.8900e+00       8.2386e-01       6.3708e-03       3.9631e-02      -6.2362e-03       4.7689e-03
 6.5000e+00       2.8900e+00       8.3386e-01       6.2401e-03       3.9524e-02      -6.5072e-03       4.8496e-03
 6.5000e+00       2.8900e+00       8.4386e-01       6.1199e-03       3.9422e-02      -6.7737e-03       4.9256e-03
 6.5000e+00       2.8900e+00       8.5386e-01       6.0097e-03       3.9327e-02      -7.0356e-03       4.9970e-03
 6.5000e+00       2.8900e+00       8.6386e-01       5.9090e-03       3.9237e-02      -7.2931e-03       5.0639e-03
 6.5000e+00       2.8900e+00       8.7386e-01       5.8172e-03       3.9152e-02      -7.5460e-03       5.1263e-03
 6.5000e+00       2.8900e+00       8.8386e-01       5.7338e-03       3.9072e-02      -7.7944e-03       5.1842e-03
 6.5000e+00       2.8900e+00       8.9386e-01       5.6584e-03       3.8997e-02      -8.0383e-03       5.2377e-03
 6.5000e+00       2.8900e+00       9.0386e-01       5.5906e-03       3.8926e-02      -8.2776e-03       5.2869e-03
 6.5000e+00       2.8900e+00       9.1386e-01       5.5299e-03       3.8859e-02      -8.5125e-03       5.3317e-03
 6.5000e+00       2.8900e+00       9.2386e-01       5.4759e-03       3.8796e-02      -8.7429e-03       5.3724e-03
 6.5000e+00       2.8900e+00       9.3386e-01       5.4283e-03       3.8737e-02      -8.9689e-03       5.4089e-03
 6.5000e+00       2.8900e+00       9.4386e-01       5.3867e-03       3.8681e-02      -9.1904e-03       5.4412e-03
 6.5000e+00       2.8900e+00       9.5386e-01       5.3509e-03       3.8629e-02      -9.4076e-03       5.4696e-03
 6.5000e+00       2.8900e+00       9.6386e-01       5.3203e-03       3.8579e-02      -9.6203e-03       5.4940e-03
 6.5000e+00       2.8900e+00       9.7386e-01       5.2948e-03       3.8532e-02      -9.8287e-03       5.5146e-03
 6.5000e+00       2.8900e+00       9.8386e-01       5.2741e-03       3.8488e-02      -1.0033e-02       5.5313e-03
 6.5000e+00       2.8900e+00       9.9386e-01       5.2579e-03       3.8447e-02      -1.0233e-02       5.5444e-03
 6.5000e+00       2.8900e+00       1.0039e+00       5.2459e-03       3.8407e-02      -1.0428e-02       5.5539e-03
 6.5000e+00       2.8900e+00       1.0139e+00       5.2379e-03       3.8370e-02      -1.0619e-02       5.5598e-03
 6.5000e+00       2.8900e+00       1.0239e+00       5.2336e-03       3.8335e-02      -1.0807e-02       5.5622e-03
 6.5000e+00       2.8900e+00       1.0339e+00       5.2328e-03       3.8301e-02      -1.0990e-02       5.5613e-03
 6.5000e+00       2.8900e+00       1.0439e+00       5.2354e-03       3.8269e-02      -1.1168e-02       5.5571e-03
 6.5000e+00       2.8900e+00       1.0539e+00       5.2410e-03       3.8238e-02      -1.1343e-02       5.5497e-03
 6.5000e+00       2.8900e+00       1.0639e+00       5.2496e-03       3.8209e-02      -1.1514e-02       5.5393e-03
 6.5000e+00       2.8900e+00       1.0739e+00       5.2609e-03       3.8181e-02      -1.1681e-02       5.5257e-03
 6.5000e+00       2.8900e+00       1.0839e+00       5.2747e-03       3.8154e-02      -1.1843e-02       5.5093e-03
 6.5000e+00       2.8900e+00       1.0939e+00       5.2909e-03       3.8128e-02      -1.2002e-02       5.4900e-03
 6.5000e+00       2.8900e+00       1.1039e+00       5.3094e-03       3.8103e-02      -1.2157e-02       5.4679e-03
 6.5000e+00       2.8900e+00       1.1139e+00       5.3299e-03       3.8078e-02      -1.2308e-02       5.4432e-03
 6.5000e+00       2.8900e+00       1.1239e+00       5.3523e-03       3.8054e-02      -1.2456e-02       5.4159e-03
 6.5000e+00       2.8900e+00       1.1339e+00       5.3765e-03       3.8030e-02      -1.2599e-02       5.3861e-03
 6.5000e+00       2.8900e+00       1.1439e+00       5.4024e-03       3.8007e-02      -1.2739e-02       5.3538e-03
 6.5000e+00       2.8900e+00       1.1539e+00       5.4298e-03       3.7984e-02      -1.2875e-02       5.3193e-03
 6.5000e+00       2.8900e+00       1.1639e+00       5.4586e-03       3.7961e-02      -1.3008e-02       5.2824e-03
 6.5000e+00       2.8900e+00       1.1739e+00       5.4887e-03       3.7938e-02      -1.3137e-02       5.2434e-03
 6.5000e+00       2.8900e+00       1.1839e+00       5.5200e-03       3.7915e-02      -1.3263e-02       5.2024e-03
 6.5000e+00       2.8900e+00       1.1939e+00       5.5524e-03       3.7893e-02      -1.3385e-02       5.1593e-03
 6.5000e+00       2.8900e+00       1.2039e+00       5.5858e-03       3.7869e-02      -1.3503e-02       5.1143e-03
 6.5000e+00       2.8900e+00       1.2139e+00       5.6201e-03       3.7846e-02      -1.3618e-02       5.0674e-03
 6.5000e+00       2.8900e+00       1.2239e+00       5.6551e-03       3.7823e-02      -1.3730e-02       5.0188e-03
 6.5000e+00       2.8900e+00       1.2339e+00       5.6909e-03       3.7798e-02      -1.3839e-02       4.9684e-03
 6.5000e+00       2.8900e+00       1.2439e+00       5.7274e-03       3.7774e-02      -1.3944e-02       4.9165e-03
 6.5000e+00       2.8900e+00       1.2539e+00       5.7644e-03       3.7749e-02      -1.4046e-02       4.8630e-03
 6.5000e+00       2.8900e+00       1.2639e+00       5.8019e-03       3.7723e-02      -1.4145e-02       4.8080e-03
 6.5000e+00       2.8900e+00       1.2739e+00       5.8398e-03       3.7697e-02      -1.4240e-02       4.7517e-03
 6.5000e+00       2.8900e+00       1.2839e+00       5.8781e-03       3.7670e-02      -1.4333e-02       4.6940e-03
 6.5000e+00       2.8900e+00       1.2939e+00       5.9166e-03       3.7643e-02      -1.4423e-02       4.6350e-03
 6.5000e+00       2.8900e+00       1.3039e+00       5.9554e-03       3.7614e-02      -1.4509e-02       4.5749e-03
 6.5000e+00       2.8900e+00       1.3139e+00       5.9944e-03       3.7585e-02      -1.4593e-02       4.5137e-03
 6.5000e+00       2.8900e+00       1.3239e+00       6.0335e-03       3.7555e-02      -1.4673e-02       4.4513e-03
 6.5000e+00       2.8900e+00       1.3339e+00       6.0727e-03       3.7524e-02      -1.4751e-02       4.3880e-03
 6.5000e+00       2.8900e+00       1.3439e+00       6.1119e-03       3.7492e-02      -1.4826e-02       4.3238e-03
 6.5000e+00       2.8900e+00       1.3539e+00       6.1511e-03       3.7459e-02      -1.4898e-02       4.2587e-03
 6.5000e+00       2.8900e+00       1.3639e+00       6.1902e-03       3.7425e-02      -1.4968e-02       4.1928e-03
 6.5000e+00       2.8900e+00       1.3739e+00       6.2292e-03       3.7389e-02      -1.5035e-02       4.1261e-03
 6.5000e+00       2.8900e+00       1.3839e+00       6.2681e-03       3.7353e-02      -1.5099e-02       4.0588e-03
 6.5000e+00       2.8900e+00       1.3939e+00       6.3067e-03       3.7316e-02      -1.5160e-02       3.9908e-03
 6.5000e+00       2.8900e+00       1.4039e+00       6.3452e-03       3.7278e-02      -1.5219e-02       3.9222e-03
 6.5000e+00       2.8900e+00       1.4139e+00       6.3834e-03       3.7238e-02      -1.5275e-02       3.8531e-03
 6.5000e+00       2.8900e+00       1.4239e+00       6.4213e-03       3.7197e-02      -1.5329e-02       3.7836e-03
 6.5000e+00       2.8900e+00       1.4339e+00       6.4589e-03       3.7155e-02      -1.5381e-02       3.7136e-03
 6.5000e+00       2.8900e+00       1.4439e+00       6.4962e-03       3.7112e-02      -1.5429e-02       3.6433e-03
 6.5000e+00       2.8900e+00       1.4539e+00       6.5331e-03       3.7067e-02      -1.5476e-02       3.5726e-03
 6.5000e+00       2.8900e+00       1.4639e+00       6.5696e-03       3.7022e-02      -1.5520e-02       3.5017e-03
 6.5000e+00       2.8900e+00       1.4739e+00       6.6057e-03       3.6975e-02      -1.5562e-02       3.4305e-03
 6.5000e+00       2.8900e+00       1.4839e+00       6.6413e-03       3.6926e-02      -1.5602e-02       3.3592e-03
 6.5000e+00       2.8900e+00       1.4939e+00       6.6765e-03       3.6877e-02      -1.5639e-02       3.2877e-03
 6.5000e+00       2.8900e+00       1.5039e+00       6.7112e-03       3.6826e-02      -1.5675e-02       3.2162e-03
 6.5000e+00       2.8900e+00       1.5139e+00       6.7454e-03       3.6773e-02      -1.5708e-02       3.1446e-03
 6.5000e+00       2.8900e+00       1.5239e+00       6.7791e-03       3.6720e-02      -1.5739e-02       3.0729e-03
 6.5000e+00       2.8900e+00       1.5339e+00       6.8123e-03       3.6665e-02      -1.5768e-02       3.0013e-03
 6.5000e+00       2.8900e+00       1.5439e+00       6.8450e-03       3.6609e-02      -1.5795e-02       2.9298e-03
 6.5000e+00       2.8900e+00       1.5539e+00       6.8770e-03       3.6551e-02      -1.5820e-02       2.8584e-03
 6.5000e+00       2.8900e+00       1.5639e+00       6.9085e-03       3.6492e-02      -1.5843e-02       2.7871e-03
 6.5000e+00       2.8900e+00       1.5739e+00       6.9395e-03       3.6432e-02      -1.5864e-02       2.7160e-03
 6.5000e+00       2.8900e+00       1.5839e+00       6.9698e-03       3.6371e-02      -1.5883e-02       2.6451e-03
 6.5000e+00       2.8900e+00       1.5939e+00       6.9995e-03       3.6308e-02      -1.5900e-02       2.5745e-03
 6.5000e+00       2.8900e+00       1.6039e+00       7.0287e-03       3.6243e-02      -1.5916e-02       2.5041e-03
 6.5000e+00       2.8900e+00       1.6139e+00       7.0572e-03       3.6178e-02      -1.5929e-02       2.4341e-03
 6.5000e+00       2.8900e+00       1.6239e+00       7.0851e-03       3.6111e-02      -1.5941e-02       2.3643e-03
