 1.5000e+00       2.1000e+00       1.0359e-01       5.9644e+00       4.0960e+00       0.0000e+00       0.0000e+00       0.0000e+00
 1.5000e+00       2.1000e+00       1.1359e-01       5.3421e+00       3.9330e+00       1.7540e-01      -1.1416e-01       1.4641e-01
 1.5000e+00       2.1000e+00       1.2359e-01       4.8067e+00       3.7903e+00       2.0805e-01      -2.0727e-01       2.0137e-01
 1.5000e+00       2.1000e+00       1.3359e-01       4.3424e+00       3.6639e+00       2.1380e-01      -2.8364e-01       2.3987e-01
 1.5000e+00       2.1000e+00       1.4359e-01       3.9371e+00       3.5506e+00       2.0671e-01      -3.4646e-01       2.6938e-01
 1.5000e+00       2.1000e+00       1.5359e-01       3.5813e+00       3.4481e+00       1.9260e-01      -3.9820e-01       2.9293e-01
 1.5000e+00       2.1000e+00       1.6359e-01       3.2673e+00       3.3545e+00       1.7442e-01      -4.4074e-01       3.1210e-01
 1.5000e+00       2.1000e+00       1.7359e-01       2.9888e+00       3.2685e+00       1.5386e-01      -4.7558e-01       3.2788e-01
 1.5000e+00       2.1000e+00       1.8359e-01       2.7409e+00       3.1888e+00       1.3196e-01      -5.0392e-01       3.4093e-01
 1.5000e+00       2.1000e+00       1.9359e-01       2.5193e+00       3.1147e+00       1.0934e-01      -5.2672e-01       3.5172e-01
 1.5000e+00       2.1000e+00       2.0359e-01       2.3206e+00       3.0454e+00       8.6424e-02      -5.4479e-01       3.6061e-01
 1.5000e+00       2.1000e+00       2.1359e-01       2.1420e+00       2.9803e+00       6.3471e-02      -5.5877e-01       3.6787e-01
 1.5000e+00       2.1000e+00       2.2359e-01       1.9810e+00       2.9188e+00       4.0657e-02      -5.6921e-01       3.7372e-01
 1.5000e+00       2.1000e+00       2.3359e-01       1.8354e+00       2.8606e+00       1.8099e-02      -5.7659e-01       3.7835e-01
 1.5000e+00       2.1000e+00       2.4359e-01       1.7037e+00       2.8054e+00      -4.1317e-03      -5.8129e-01       3.8190e-01
 1.5000e+00       2.1000e+00       2.5359e-01       1.5841e+00       2.7528e+00      -2.5988e-02      -5.8364e-01       3.8450e-01
 1.5000e+00       2.1000e+00       2.6359e-01       1.4755e+00       2.7026e+00      -4.7445e-02      -5.8395e-01       3.8626e-01
 1.5000e+00       2.1000e+00       2.7359e-01       1.3767e+00       2.6545e+00      -6.8487e-02      -5.8245e-01       3.8726e-01
 1.5000e+00       2.1000e+00       2.8359e-01       1.2866e+00       2.6085e+00      -8.9111e-02      -5.7937e-01       3.8760e-01
 1.5000e+00       2.1000e+00       2.9359e-01       1.2045e+00       2.5643e+00      -1.0932e-01      -5.7489e-01       3.8733e-01
 1.5000e+00       2.1000e+00       3.0359e-01       1.1296e+00       2.5217e+00      -1.2911e-01      -5.6918e-01       3.8652e-01
 1.5000e+00       2.1000e+00       3.1359e-01       1.0611e+00       2.4807e+00      -1.4851e-01      -5.6240e-01       3.8522e-01
 1.5000e+00       2.1000e+00       3.2359e-01       9.9860e-01       2.4412e+00      -1.6751e-01      -5.5466e-01       3.8349e-01
 1.5000e+00       2.1000e+00       3.3359e-01       9.4143e-01       2.4030e+00      -1.8613e-01      -5.4608e-01       3.8137e-01
 1.5000e+00       2.1000e+00       3.4359e-01       8.8916e-01       2.3661e+00      -2.0438e-01      -5.3678e-01       3.7889e-01
 1.5000e+00       2.1000e+00       3.5359e-01       8.4137e-01       2.3304e+00      -2.2228e-01      -5.2683e-01       3.7610e-01
 1.5000e+00       2.1000e+00       3.6359e-01       7.9769e-01       2.2959e+00      -2.3983e-01      -5.1633e-01       3.7302e-01
 1.5000e+00       2.1000e+00       3.7359e-01       7.5777e-01       2.2623e+00      -2.5705e-01      -5.0534e-01       3.6968e-01
 1.5000e+00       2.1000e+00       3.8359e-01       7.2132e-01       2.2298e+00      -2.7395e-01      -4.9393e-01       3.6612e-01
 1.5000e+00       2.1000e+00       3.9359e-01       6.8807e-01       2.1983e+00      -2.9054e-01      -4.8217e-01       3.6234e-01
 1.5000e+00       2.1000e+00       4.0359e-01       6.5775e-01       2.1677e+00      -3.0684e-01      -4.7010e-01       3.5838e-01
 1.5000e+00       2.1000e+00       4.1359e-01       6.3015e-01       2.1379e+00      -3.2284e-01      -4.5777e-01       3.5426e-01
 1.5000e+00       2.1000e+00       4.2359e-01       6.0507e-01       2.1090e+00      -3.3857e-01      -4.4524e-01       3.4998e-01
 1.5000e+00       2.1000e+00       4.3359e-01       5.8231e-01       2.0809e+00      -3.5403e-01      -4.3253e-01       3.4558e-01
 1.5000e+00       2.1000e+00       4.4359e-01       5.6170e-01       2.0535e+00      -3.6923e-01      -4.1968e-01       3.4106e-01
 1.5000e+00       2.1000e+00       4.5359e-01       5.4310e-01       2.0269e+00      -3.8418e-01      -4.0674e-01       3.3645e-01
 1.5000e+00       2.1000e+00       4.6359e-01       5.2636e-01       2.0010e+00      -3.9889e-01      -3.9372e-01       3.3174e-01
 1.5000e+00       2.1000e+00       4.7359e-01       5.1135e-01       1.9758e+00      -4.1337e-01      -3.8066e-01       3.2696e-01
 1.5000e+00       2.1000e+00       4.8359e-01       4.9794e-01       1.9512e+00      -4.2761e-01      -3.6757e-01       3.2211e-01
 1.5000e+00       2.1000e+00       4.9359e-01       4.8604e-01       1.9272e+00      -4.4164e-01      -3.5449e-01       3.1721e-01
 1.5000e+00       2.1000e+00       5.0359e-01       4.7554e-01       1.9039e+00      -4.5545e-01      -3.4142e-01       3.1226e-01
 1.5000e+00       2.1000e+00       5.1359e-01       4.6635e-01       1.8811e+00      -4.6906e-01      -3.2840e-01       3.0728e-01
 1.5000e+00       2.1000e+00       5.2359e-01       4.5837e-01       1.8590e+00      -4.8246e-01      -3.1543e-01       3.0226e-01
 1.5000e+00       2.1000e+00       5.3359e-01       4.5154e-01       1.8373e+00      -4.9567e-01      -3.0254e-01       2.9723e-01
 1.5000e+00       2.1000e+00       5.4359e-01       4.4578e-01       1.8163e+00      -5.0869e-01      -2.8973e-01       2.9217e-01
 1.5000e+00       2.1000e+00       5.5359e-01       4.4101e-01       1.7957e+00      -5.2152e-01      -2.7702e-01       2.8711e-01
 1.5000e+00       2.1000e+00       5.6359e-01       4.3719e-01       1.7756e+00      -5.3417e-01      -2.6443e-01       2.8205e-01
 1.5000e+00       2.1000e+00       5.7359e-01       4.3424e-01       1.7561e+00      -5.4664e-01      -2.5195e-01       2.7698e-01
 1.5000e+00       2.1000e+00       5.8359e-01       4.3211e-01       1.7370e+00      -5.5894e-01      -2.3959e-01       2.7193e-01
 1.5000e+00       2.1000e+00       5.9359e-01       4.3076e-01       1.7183e+00      -5.7108e-01      -2.2738e-01       2.6688e-01
 1.5000e+00       2.1000e+00       6.0359e-01       4.3014e-01       1.7001e+00      -5.8304e-01      -2.1531e-01       2.6185e-01
 1.5000e+00       2.1000e+00       6.1359e-01       4.3019e-01       1.6824e+00      -5.9485e-01      -2.0340e-01       2.5684e-01
 1.5000e+00       2.1000e+00       6.2359e-01       4.3088e-01       1.6650e+00      -6.0650e-01      -1.9163e-01       2.5185e-01
 1.5000e+00       2.1000e+00       6.3359e-01       4.3219e-01       1.6481e+00      -6.1800e-01      -1.8004e-01       2.4689e-01
 1.5000e+00       2.1000e+00       6.4359e-01       4.3405e-01       1.6316e+00      -6.2935e-01      -1.6861e-01       2.4195e-01
 1.5000e+00       2.1000e+00       6.5359e-01       4.3645e-01       1.6155e+00      -6.4055e-01      -1.5736e-01       2.3705e-01
 1.5000e+00       2.1000e+00       6.6359e-01       4.3935e-01       1.5997e+00      -6.5161e-01      -1.4627e-01       2.3218e-01
 1.5000e+00       2.1000e+00       6.7359e-01       4.4272e-01       1.5844e+00      -6.6252e-01      -1.3537e-01       2.2734e-01
 1.5000e+00       2.1000e+00       6.8359e-01       4.4653e-01       1.5694e+00      -6.7330e-01      -1.2465e-01       2.2254e-01
 1.5000e+00       2.1000e+00       6.9359e-01       4.5077e-01       1.5547e+00      -6.8393e-01      -1.1411e-01       2.1779e-01
 1.5000e+00       2.1000e+00       7.0359e-01       4.5540e-01       1.5404e+00      -6.9444e-01      -1.0375e-01       2.1307e-01
 1.5000e+00       2.1000e+00       7.1359e-01       4.6039e-01       1.5264e+00      -7.0481e-01      -9.3585e-02       2.0839e-01
 1.5000e+00       2.1000e+00       7.2359e-01       4.6574e-01       1.5128e+00      -7.1506e-01      -8.3605e-02       2.0377e-01
 1.5000e+00       2.1000e+00       7.3359e-01       4.7142e-01       1.4994e+00      -7.2518e-01      -7.3813e-02       1.9918e-01
 1.5000e+00       2.1000e+00       7.4359e-01       4.7741e-01       1.4864e+00      -7.3517e-01      -6.4211e-02       1.9464e-01
 1.5000e+00       2.1000e+00       7.5359e-01       4.8370e-01       1.4737e+00      -7.4504e-01      -5.4799e-02       1.9015e-01
 1.5000e+00       2.1000e+00       7.6359e-01       4.9026e-01       1.4612e+00      -7.5479e-01      -4.5577e-02       1.8571e-01
 1.5000e+00       2.1000e+00       7.7359e-01       4.9708e-01       1.4491e+00      -7.6441e-01      -3.6544e-02       1.8132e-01
 1.5000e+00       2.1000e+00       7.8359e-01       5.0414e-01       1.4372e+00      -7.7393e-01      -2.7701e-02       1.7698e-01
 1.5000e+00       2.1000e+00       7.9359e-01       5.1144e-01       1.4257e+00      -7.8332e-01      -1.9047e-02       1.7269e-01
 1.5000e+00       2.1000e+00       8.0359e-01       5.1895e-01       1.4143e+00      -7.9261e-01      -1.0581e-02       1.6845e-01
 1.5000e+00       2.1000e+00       8.1359e-01       5.2667e-01       1.4033e+00      -8.0178e-01      -2.3026e-03       1.6426e-01
 1.5000e+00       2.1000e+00       8.2359e-01       5.3458e-01       1.3925e+00      -8.1083e-01       5.7891e-03       1.6012e-01
 1.5000e+00       2.1000e+00       8.3359e-01       5.4267e-01       1.3819e+00      -8.1978e-01       1.3695e-02       1.5604e-01
 1.5000e+00       2.1000e+00       8.4359e-01       5.5093e-01       1.3716e+00      -8.2863e-01       2.1417e-02       1.5200e-01
 1.5000e+00       2.1000e+00       8.5359e-01       5.5935e-01       1.3615e+00      -8.3736e-01       2.8956e-02       1.4802e-01
 1.5000e+00       2.1000e+00       8.6359e-01       5.6793e-01       1.3517e+00      -8.4599e-01       3.6313e-02       1.4410e-01
 1.5000e+00       2.1000e+00       8.7359e-01       5.7665e-01       1.3420e+00      -8.5452e-01       4.3490e-02       1.4022e-01
 1.5000e+00       2.1000e+00       8.8359e-01       5.8550e-01       1.3326e+00      -8.6294e-01       5.0489e-02       1.3640e-01
 1.5000e+00       2.1000e+00       8.9359e-01       5.9447e-01       1.3234e+00      -8.7126e-01       5.7311e-02       1.3263e-01
 1.5000e+00       2.1000e+00       9.0359e-01       6.0357e-01       1.3145e+00      -8.7949e-01       6.3958e-02       1.2892e-01
 1.5000e+00       2.1000e+00       9.1359e-01       6.1277e-01       1.3057e+00      -8.8761e-01       7.0431e-02       1.2525e-01
 1.5000e+00       2.1000e+00       9.2359e-01       6.2208e-01       1.2971e+00      -8.9564e-01       7.6734e-02       1.2164e-01
 1.5000e+00       2.1000e+00       9.3359e-01       6.3149e-01       1.2887e+00      -9.0357e-01       8.2866e-02       1.1808e-01
 1.5000e+00       2.1000e+00       9.4359e-01       6.4098e-01       1.2805e+00      -9.1140e-01       8.8832e-02       1.1458e-01
 1.5000e+00       2.1000e+00       9.5359e-01       6.5056e-01       1.2725e+00      -9.1914e-01       9.4632e-02       1.1112e-01
 1.5000e+00       2.1000e+00       9.6359e-01       6.6022e-01       1.2647e+00      -9.2678e-01       1.0027e-01       1.0772e-01
 1.5000e+00       2.1000e+00       9.7359e-01       6.6995e-01       1.2570e+00      -9.3434e-01       1.0574e-01       1.0437e-01
 1.5000e+00       2.1000e+00       9.8359e-01       6.7976e-01       1.2495e+00      -9.4180e-01       1.1106e-01       1.0107e-01
 1.5000e+00       2.1000e+00       9.9359e-01       6.8962e-01       1.2422e+00      -9.4917e-01       1.1622e-01       9.7825e-02
 1.5000e+00       2.1000e+00       1.0036e+00       6.9955e-01       1.2350e+00      -9.5645e-01       1.2122e-01       9.4628e-02
 1.5000e+00       2.1000e+00       1.0136e+00       7.0952e-01       1.2280e+00      -9.6364e-01       1.2607e-01       9.1481e-02
 1.5000e+00       2.1000e+00       1.0236e+00       7.1955e-01       1.2212e+00      -9.7074e-01       1.3077e-01       8.8385e-02
 1.5000e+00       2.1000e+00       1.0336e+00       7.2963e-01       1.2145e+00      -9.7776e-01       1.3533e-01       8.5338e-02
 1.5000e+00       2.1000e+00       1.0436e+00       7.3975e-01       1.2079e+00      -9.8469e-01       1.3973e-01       8.2340e-02
 1.5000e+00       2.1000e+00       1.0536e+00       7.4991e-01       1.2015e+00      -9.9153e-01       1.4399e-01       7.9392e-02
 1.5000e+00       2.1000e+00       1.0636e+00       7.6010e-01       1.1953e+00      -9.9829e-01       1.4811e-01       7.6492e-02
 1.5000e+00       2.1000e+00       1.0736e+00       7.7033e-01       1.1891e+00      -1.0050e+00       1.5209e-01       7.3641e-02
 1.5000e+00       2.1000e+00       1.0836e+00       7.8058e-01       1.1831e+00      -1.0116e+00       1.5594e-01       7.0837e-02
 1.5000e+00       2.1000e+00       1.0936e+00       7.9087e-01       1.1773e+00      -1.0181e+00       1.5964e-01       6.8081e-02
 1.5000e+00       2.1000e+00       1.1036e+00       8.0117e-01       1.1715e+00      -1.0245e+00       1.6322e-01       6.5372e-02
 1.5000e+00       2.1000e+00       1.1136e+00       8.1150e-01       1.1659e+00      -1.0308e+00       1.6666e-01       6.2710e-02
 1.5000e+00       2.1000e+00       1.1236e+00       8.2184e-01       1.1604e+00      -1.0371e+00       1.6998e-01       6.0094e-02
 1.5000e+00       2.1000e+00       1.1336e+00       8.3220e-01       1.1550e+00      -1.0433e+00       1.7317e-01       5.7524e-02
 1.5000e+00       2.1000e+00       1.1436e+00       8.4258e-01       1.1497e+00      -1.0494e+00       1.7623e-01       5.4999e-02
 1.5000e+00       2.1000e+00       1.1536e+00       8.5297e-01       1.1446e+00      -1.0554e+00       1.7918e-01       5.2520e-02
 1.5000e+00       2.1000e+00       1.1636e+00       8.6336e-01       1.1395e+00      -1.0614e+00       1.8200e-01       5.0085e-02
 1.5000e+00       2.1000e+00       1.1736e+00       8.7376e-01       1.1346e+00      -1.0673e+00       1.8471e-01       4.7694e-02
 1.5000e+00       2.1000e+00       1.1836e+00       8.8417e-01       1.1297e+00      -1.0731e+00       1.8730e-01       4.5347e-02
 1.5000e+00       2.1000e+00       1.1936e+00       8.9459e-01       1.1250e+00      -1.0788e+00       1.8977e-01       4.3044e-02
 1.5000e+00       2.1000e+00       1.2036e+00       9.0500e-01       1.1203e+00      -1.0844e+00       1.9214e-01       4.0783e-02
 1.5000e+00       2.1000e+00       1.2136e+00       9.1541e-01       1.1157e+00      -1.0900e+00       1.9440e-01       3.8565e-02
 1.5000e+00       2.1000e+00       1.2236e+00       9.2583e-01       1.1113e+00      -1.0955e+00       1.9654e-01       3.6389e-02
 1.5000e+00       2.1000e+00       1.2336e+00       9.3624e-01       1.1069e+00      -1.1009e+00       1.9859e-01       3.4255e-02
 1.5000e+00       2.1000e+00       1.2436e+00       9.4664e-01       1.1026e+00      -1.1063e+00       2.0053e-01       3.2162e-02
 1.5000e+00       2.1000e+00       1.2536e+00       9.5704e-01       1.0984e+00      -1.1116e+00       2.0237e-01       3.0110e-02
 1.5000e+00       2.1000e+00       1.2636e+00       9.6744e-01       1.0942e+00      -1.1168e+00       2.0411e-01       2.8099e-02
 1.5000e+00       2.1000e+00       1.2736e+00       9.7782e-01       1.0902e+00      -1.1219e+00       2.0575e-01       2.6127e-02
 1.5000e+00       2.1000e+00       1.2836e+00       9.8820e-01       1.0862e+00      -1.1270e+00       2.0730e-01       2.4196e-02
 1.5000e+00       2.1000e+00       1.2936e+00       9.9856e-01       1.0823e+00      -1.1320e+00       2.0875e-01       2.2303e-02
 1.5000e+00       2.1000e+00       1.3036e+00       1.0089e+00       1.0785e+00      -1.1369e+00       2.1011e-01       2.0450e-02
 1.5000e+00       2.1000e+00       1.3136e+00       1.0193e+00       1.0747e+00      -1.1418e+00       2.1138e-01       1.8635e-02
 1.5000e+00       2.1000e+00       1.3236e+00       1.0296e+00       1.0710e+00      -1.1466e+00       2.1257e-01       1.6858e-02
 1.5000e+00       2.1000e+00       1.3336e+00       1.0399e+00       1.0674e+00      -1.1513e+00       2.1367e-01       1.5119e-02
 1.5000e+00       2.1000e+00       1.3436e+00       1.0502e+00       1.0639e+00      -1.1560e+00       2.1468e-01       1.3417e-02
 1.5000e+00       2.1000e+00       1.3536e+00       1.0605e+00       1.0604e+00      -1.1605e+00       2.1562e-01       1.1752e-02
 1.5000e+00       2.1000e+00       1.3636e+00       1.0707e+00       1.0569e+00      -1.1651e+00       2.1647e-01       1.0123e-02
 1.5000e+00       2.1000e+00       1.3736e+00       1.0810e+00       1.0535e+00      -1.1695e+00       2.1724e-01       8.5311e-03
 1.5000e+00       2.1000e+00       1.3836e+00       1.0912e+00       1.0502e+00      -1.1739e+00       2.1794e-01       6.9748e-03
 1.5000e+00       2.1000e+00       1.3936e+00       1.1014e+00       1.0470e+00      -1.1782e+00       2.1856e-01       5.4539e-03
 1.5000e+00       2.1000e+00       1.4036e+00       1.1116e+00       1.0437e+00      -1.1825e+00       2.1910e-01       3.9681e-03
 1.5000e+00       2.1000e+00       1.4136e+00       1.1218e+00       1.0406e+00      -1.1867e+00       2.1958e-01       2.5171e-03
 1.5000e+00       2.1000e+00       1.4236e+00       1.1319e+00       1.0375e+00      -1.1908e+00       2.1998e-01       1.1004e-03
 1.5000e+00       2.1000e+00       1.4336e+00       1.1421e+00       1.0344e+00      -1.1949e+00       2.2032e-01      -2.8220e-04
 1.5000e+00       2.1000e+00       1.4436e+00       1.1522e+00       1.0314e+00      -1.1989e+00       2.2058e-01      -1.6311e-03
 1.5000e+00       2.1000e+00       1.4536e+00       1.1622e+00       1.0284e+00      -1.2029e+00       2.2079e-01      -2.9467e-03
 1.5000e+00       2.1000e+00       1.4636e+00       1.1723e+00       1.0255e+00      -1.2067e+00       2.2092e-01      -4.2293e-03
 1.5000e+00       2.1000e+00       1.4736e+00       1.1823e+00       1.0226e+00      -1.2106e+00       2.2100e-01      -5.4792e-03
 1.5000e+00       2.1000e+00       1.4836e+00       1.1923e+00       1.0198e+00      -1.2143e+00       2.2101e-01      -6.6968e-03
 1.5000e+00       2.1000e+00       1.4936e+00       1.2023e+00       1.0170e+00      -1.2180e+00       2.2097e-01      -7.8823e-03
