 8.5000e+00       2.8900e+00       4.9471e-01       1.7998e-02       2.5928e-02       0.0000e+00       0.0000e+00
 8.5000e+00       2.8900e+00       5.0471e-01       1.7075e-02       2.5609e-02       9.0539e-04       3.5007e-05
 8.5000e+00       2.8900e+00       5.1471e-01       1.6205e-02       2.5309e-02       1.1859e-03       7.7279e-05
 8.5000e+00       2.8900e+00       5.2471e-01       1.5385e-02       2.5029e-02       1.3412e-03       1.2597e-04
 8.5000e+00       2.8900e+00       5.3471e-01       1.4612e-02       2.4767e-02       1.4253e-03       1.8028e-04
 8.5000e+00       2.8900e+00       5.4471e-01       1.3884e-02       2.4522e-02       1.4609e-03       2.3950e-04
 8.5000e+00       2.8900e+00       5.5471e-01       1.3197e-02       2.4294e-02       1.4605e-03       3.0295e-04
 8.5000e+00       2.8900e+00       5.6471e-01       1.2548e-02       2.4081e-02       1.4322e-03       3.7003e-04
 8.5000e+00       2.8900e+00       5.7471e-01       1.1937e-02       2.3883e-02       1.3815e-03       4.4015e-04
 8.5000e+00       2.8900e+00       5.8471e-01       1.1359e-02       2.3700e-02       1.3124e-03       5.1281e-04
 8.5000e+00       2.8900e+00       5.9471e-01       1.0815e-02       2.3530e-02       1.2282e-03       5.8751e-04
 8.5000e+00       2.8900e+00       6.0471e-01       1.0300e-02       2.3373e-02       1.1312e-03       6.6381e-04
 8.5000e+00       2.8900e+00       6.1471e-01       9.8149e-03       2.3228e-02       1.0234e-03       7.4130e-04
 8.5000e+00       2.8900e+00       6.2471e-01       9.3565e-03       2.3096e-02       9.0657e-04       8.1962e-04
 8.5000e+00       2.8900e+00       6.3471e-01       8.9238e-03       2.2974e-02       7.8196e-04       8.9841e-04
 8.5000e+00       2.8900e+00       6.4471e-01       8.5152e-03       2.2863e-02       6.5078e-04       9.7736e-04
 8.5000e+00       2.8900e+00       6.5471e-01       8.1295e-03       2.2763e-02       5.1401e-04       1.0562e-03
 8.5000e+00       2.8900e+00       6.6471e-01       7.7654e-03       2.2672e-02       3.7251e-04       1.1346e-03
 8.5000e+00       2.8900e+00       6.7471e-01       7.4217e-03       2.2590e-02       2.2702e-04       1.2124e-03
 8.5000e+00       2.8900e+00       6.8471e-01       7.0973e-03       2.2517e-02       7.8189e-05       1.2893e-03
 8.5000e+00       2.8900e+00       6.9471e-01       6.7912e-03       2.2453e-02      -7.3401e-05       1.3652e-03
 8.5000e+00       2.8900e+00       7.0471e-01       6.5024e-03       2.2396e-02      -2.2725e-04       1.4398e-03
 8.5000e+00       2.8900e+00       7.1471e-01       6.2300e-03       2.2347e-02      -3.8290e-04       1.5130e-03
 8.5000e+00       2.8900e+00       7.2471e-01       5.9731e-03       2.2305e-02      -5.3997e-04       1.5847e-03
 8.5000e+00       2.8900e+00       7.3471e-01       5.7309e-03       2.2270e-02      -6.9808e-04       1.6546e-03
 8.5000e+00       2.8900e+00       7.4471e-01       5.5027e-03       2.2241e-02      -8.5692e-04       1.7228e-03
 8.5000e+00       2.8900e+00       7.5471e-01       5.2877e-03       2.2219e-02      -1.0162e-03       1.7890e-03
 8.5000e+00       2.8900e+00       7.6471e-01       5.0852e-03       2.2202e-02      -1.1757e-03       1.8533e-03
 8.5000e+00       2.8900e+00       7.7471e-01       4.8946e-03       2.2191e-02      -1.3351e-03       1.9154e-03
 8.5000e+00       2.8900e+00       7.8471e-01       4.7153e-03       2.2184e-02      -1.4942e-03       1.9754e-03
 8.5000e+00       2.8900e+00       7.9471e-01       4.5467e-03       2.2183e-02      -1.6529e-03       2.0331e-03
 8.5000e+00       2.8900e+00       8.0471e-01       4.3883e-03       2.2186e-02      -1.8110e-03       2.0886e-03
 8.5000e+00       2.8900e+00       8.1471e-01       4.2396e-03       2.2194e-02      -1.9683e-03       2.1417e-03
 8.5000e+00       2.8900e+00       8.2471e-01       4.1000e-03       2.2205e-02      -2.1246e-03       2.1925e-03
 8.5000e+00       2.8900e+00       8.3471e-01       3.9691e-03       2.2221e-02      -2.2799e-03       2.2409e-03
 8.5000e+00       2.8900e+00       8.4471e-01       3.8465e-03       2.2240e-02      -2.4340e-03       2.2869e-03
 8.5000e+00       2.8900e+00       8.5471e-01       3.7317e-03       2.2262e-02      -2.5868e-03       2.3304e-03
 8.5000e+00       2.8900e+00       8.6471e-01       3.6244e-03       2.2287e-02      -2.7383e-03       2.3715e-03
 8.5000e+00       2.8900e+00       8.7471e-01       3.5242e-03       2.2316e-02      -2.8883e-03       2.4101e-03
 8.5000e+00       2.8900e+00       8.8471e-01       3.4308e-03       2.2347e-02      -3.0367e-03       2.4463e-03
 8.5000e+00       2.8900e+00       8.9471e-01       3.3437e-03       2.2380e-02      -3.1835e-03       2.4801e-03
 8.5000e+00       2.8900e+00       9.0471e-01       3.2627e-03       2.2416e-02      -3.3286e-03       2.5114e-03
 8.5000e+00       2.8900e+00       9.1471e-01       3.1875e-03       2.2454e-02      -3.4720e-03       2.5403e-03
 8.5000e+00       2.8900e+00       9.2471e-01       3.1178e-03       2.2493e-02      -3.6136e-03       2.5668e-03
 8.5000e+00       2.8900e+00       9.3471e-01       3.0533e-03       2.2535e-02      -3.7534e-03       2.5909e-03
 8.5000e+00       2.8900e+00       9.4471e-01       2.9937e-03       2.2578e-02      -3.8912e-03       2.6127e-03
 8.5000e+00       2.8900e+00       9.5471e-01       2.9388e-03       2.2623e-02      -4.0271e-03       2.6322e-03
 8.5000e+00       2.8900e+00       9.6471e-01       2.8884e-03       2.2669e-02      -4.1611e-03       2.6493e-03
 8.5000e+00       2.8900e+00       9.7471e-01       2.8422e-03       2.2716e-02      -4.2931e-03       2.6642e-03
 8.5000e+00       2.8900e+00       9.8471e-01       2.8001e-03       2.2764e-02      -4.4230e-03       2.6768e-03
 8.5000e+00       2.8900e+00       9.9471e-01       2.7617e-03       2.2813e-02      -4.5510e-03       2.6872e-03
 8.5000e+00       2.8900e+00       1.0047e+00       2.7270e-03       2.2862e-02      -4.6768e-03       2.6955e-03
 8.5000e+00       2.8900e+00       1.0147e+00       2.6957e-03       2.2913e-02      -4.8006e-03       2.7017e-03
 8.5000e+00       2.8900e+00       1.0247e+00       2.6677e-03       2.2963e-02      -4.9223e-03       2.7057e-03
 8.5000e+00       2.8900e+00       1.0347e+00       2.6427e-03       2.3014e-02      -5.0419e-03       2.7078e-03
 8.5000e+00       2.8900e+00       1.0447e+00       2.6207e-03       2.3066e-02      -5.1593e-03       2.7078e-03
 8.5000e+00       2.8900e+00       1.0547e+00       2.6015e-03       2.3118e-02      -5.2747e-03       2.7059e-03
 8.5000e+00       2.8900e+00       1.0647e+00       2.5848e-03       2.3169e-02      -5.3879e-03       2.7021e-03
 8.5000e+00       2.8900e+00       1.0747e+00       2.5707e-03       2.3221e-02      -5.4990e-03       2.6965e-03
 8.5000e+00       2.8900e+00       1.0847e+00       2.5589e-03       2.3273e-02      -5.6080e-03       2.6890e-03
 8.5000e+00       2.8900e+00       1.0947e+00       2.5493e-03       2.3324e-02      -5.7148e-03       2.6797e-03
 8.5000e+00       2.8900e+00       1.1047e+00       2.5418e-03       2.3375e-02      -5.8196e-03       2.6688e-03
 8.5000e+00       2.8900e+00       1.1147e+00       2.5362e-03       2.3426e-02      -5.9221e-03       2.6562e-03
 8.5000e+00       2.8900e+00       1.1247e+00       2.5326e-03       2.3476e-02      -6.0226e-03       2.6419e-03
 8.5000e+00       2.8900e+00       1.1347e+00       2.5307e-03       2.3526e-02      -6.1210e-03       2.6261e-03
 8.5000e+00       2.8900e+00       1.1447e+00       2.5304e-03       2.3575e-02      -6.2172e-03       2.6088e-03
 8.5000e+00       2.8900e+00       1.1547e+00       2.5317e-03       2.3623e-02      -6.3114e-03       2.5900e-03
 8.5000e+00       2.8900e+00       1.1647e+00       2.5345e-03       2.3671e-02      -6.4034e-03       2.5698e-03
 8.5000e+00       2.8900e+00       1.1747e+00       2.5387e-03       2.3718e-02      -6.4934e-03       2.5482e-03
 8.5000e+00       2.8900e+00       1.1847e+00       2.5441e-03       2.3764e-02      -6.5813e-03       2.5253e-03
 8.5000e+00       2.8900e+00       1.1947e+00       2.5507e-03       2.3809e-02      -6.6672e-03       2.5011e-03
 8.5000e+00       2.8900e+00       1.2047e+00       2.5585e-03       2.3854e-02      -6.7510e-03       2.4757e-03
 8.5000e+00       2.8900e+00       1.2147e+00       2.5673e-03       2.3897e-02      -6.8328e-03       2.4491e-03
 8.5000e+00       2.8900e+00       1.2247e+00       2.5771e-03       2.3939e-02      -6.9126e-03       2.4213e-03
 8.5000e+00       2.8900e+00       1.2347e+00       2.5878e-03       2.3980e-02      -6.9904e-03       2.3925e-03
 8.5000e+00       2.8900e+00       1.2447e+00       2.5994e-03       2.4020e-02      -7.0661e-03       2.3627e-03
 8.5000e+00       2.8900e+00       1.2547e+00       2.6118e-03       2.4059e-02      -7.1400e-03       2.3318e-03
 8.5000e+00       2.8900e+00       1.2647e+00       2.6248e-03       2.4097e-02      -7.2119e-03       2.3000e-03
 8.5000e+00       2.8900e+00       1.2747e+00       2.6386e-03       2.4133e-02      -7.2818e-03       2.2673e-03
 8.5000e+00       2.8900e+00       1.2847e+00       2.6530e-03       2.4168e-02      -7.3498e-03       2.2338e-03
 8.5000e+00       2.8900e+00       1.2947e+00       2.6679e-03       2.4202e-02      -7.4160e-03       2.1994e-03
 8.5000e+00       2.8900e+00       1.3047e+00       2.6833e-03       2.4235e-02      -7.4802e-03       2.1642e-03
 8.5000e+00       2.8900e+00       1.3147e+00       2.6992e-03       2.4266e-02      -7.5426e-03       2.1284e-03
 8.5000e+00       2.8900e+00       1.3247e+00       2.7155e-03       2.4295e-02      -7.6032e-03       2.0918e-03
 8.5000e+00       2.8900e+00       1.3347e+00       2.7322e-03       2.4324e-02      -7.6619e-03       2.0546e-03
 8.5000e+00       2.8900e+00       1.3447e+00       2.7493e-03       2.4351e-02      -7.7189e-03       2.0169e-03
 8.5000e+00       2.8900e+00       1.3547e+00       2.7666e-03       2.4376e-02      -7.7740e-03       1.9785e-03
 8.5000e+00       2.8900e+00       1.3647e+00       2.7842e-03       2.4400e-02      -7.8274e-03       1.9396e-03
 8.5000e+00       2.8900e+00       1.3747e+00       2.8020e-03       2.4422e-02      -7.8791e-03       1.9003e-03
 8.5000e+00       2.8900e+00       1.3847e+00       2.8200e-03       2.4443e-02      -7.9290e-03       1.8605e-03
 8.5000e+00       2.8900e+00       1.3947e+00       2.8381e-03       2.4463e-02      -7.9773e-03       1.8203e-03
 8.5000e+00       2.8900e+00       1.4047e+00       2.8564e-03       2.4481e-02      -8.0239e-03       1.7797e-03
 8.5000e+00       2.8900e+00       1.4147e+00       2.8748e-03       2.4497e-02      -8.0688e-03       1.7388e-03
 8.5000e+00       2.8900e+00       1.4247e+00       2.8932e-03       2.4512e-02      -8.1121e-03       1.6975e-03
 8.5000e+00       2.8900e+00       1.4347e+00       2.9117e-03       2.4525e-02      -8.1537e-03       1.6561e-03
 8.5000e+00       2.8900e+00       1.4447e+00       2.9301e-03       2.4537e-02      -8.1938e-03       1.6143e-03
 8.5000e+00       2.8900e+00       1.4547e+00       2.9486e-03       2.4547e-02      -8.2323e-03       1.5724e-03
 8.5000e+00       2.8900e+00       1.4647e+00       2.9670e-03       2.4556e-02      -8.2693e-03       1.5303e-03
 8.5000e+00       2.8900e+00       1.4747e+00       2.9854e-03       2.4563e-02      -8.3047e-03       1.4881e-03
 8.5000e+00       2.8900e+00       1.4847e+00       3.0037e-03       2.4568e-02      -8.3387e-03       1.4458e-03
 8.5000e+00       2.8900e+00       1.4947e+00       3.0219e-03       2.4572e-02      -8.3712e-03       1.4034e-03
 8.5000e+00       2.8900e+00       1.5047e+00       3.0400e-03       2.4574e-02      -8.4022e-03       1.3610e-03
 8.5000e+00       2.8900e+00       1.5147e+00       3.0579e-03       2.4575e-02      -8.4317e-03       1.3185e-03
 8.5000e+00       2.8900e+00       1.5247e+00       3.0757e-03       2.4574e-02      -8.4599e-03       1.2760e-03
 8.5000e+00       2.8900e+00       1.5347e+00       3.0933e-03       2.4571e-02      -8.4866e-03       1.2336e-03
 8.5000e+00       2.8900e+00       1.5447e+00       3.1108e-03       2.4567e-02      -8.5120e-03       1.1913e-03
 8.5000e+00       2.8900e+00       1.5547e+00       3.1280e-03       2.4562e-02      -8.5361e-03       1.1490e-03
 8.5000e+00       2.8900e+00       1.5647e+00       3.1451e-03       2.4554e-02      -8.5588e-03       1.1068e-03
 8.5000e+00       2.8900e+00       1.5747e+00       3.1619e-03       2.4546e-02      -8.5802e-03       1.0648e-03
 8.5000e+00       2.8900e+00       1.5847e+00       3.1785e-03       2.4535e-02      -8.6003e-03       1.0229e-03
 8.5000e+00       2.8900e+00       1.5947e+00       3.1948e-03       2.4523e-02      -8.6192e-03       9.8125e-04
 8.5000e+00       2.8900e+00       1.6047e+00       3.2109e-03       2.4510e-02      -8.6368e-03       9.3978e-04
 8.5000e+00       2.8900e+00       1.6147e+00       3.2267e-03       2.4495e-02      -8.6532e-03       8.9852e-04
 8.5000e+00       2.8900e+00       1.6247e+00       3.2422e-03       2.4479e-02      -8.6685e-03       8.5751e-04
 8.5000e+00       2.8900e+00       1.6347e+00       3.2575e-03       2.4461e-02      -8.6825e-03       8.1676e-04
 8.5000e+00       2.8900e+00       1.6447e+00       3.2725e-03       2.4441e-02      -8.6954e-03       7.7630e-04
