 5.5000e+00       2.1000e+00       7.0445e-01       8.2872e-02       2.8664e-01       0.0000e+00       0.0000e+00       0.0000e+00
 5.5000e+00       2.1000e+00       7.1445e-01       7.9597e-02       2.8637e-01      -2.6587e-03       6.7812e-04       1.5313e-02
 5.5000e+00       2.1000e+00       7.2445e-01       7.6483e-02       2.8618e-01      -4.1985e-03       1.3706e-03       2.1263e-02
 5.5000e+00       2.1000e+00       7.3445e-01       7.3524e-02       2.8609e-01      -5.6697e-03       2.0748e-03       2.5566e-02
 5.5000e+00       2.1000e+00       7.4445e-01       7.0714e-02       2.8608e-01      -7.1451e-03       2.7881e-03       2.8980e-02
 5.5000e+00       2.1000e+00       7.5445e-01       6.8046e-02       2.8615e-01      -8.6456e-03       3.5083e-03       3.1805e-02
 5.5000e+00       2.1000e+00       7.6445e-01       6.5516e-02       2.8630e-01      -1.0178e-02       4.2332e-03       3.4198e-02
 5.5000e+00       2.1000e+00       7.7445e-01       6.3117e-02       2.8652e-01      -1.1744e-02       4.9606e-03       3.6253e-02
 5.5000e+00       2.1000e+00       7.8445e-01       6.0844e-02       2.8682e-01      -1.3343e-02       5.6886e-03       3.8035e-02
 5.5000e+00       2.1000e+00       7.9445e-01       5.8693e-02       2.8718e-01      -1.4974e-02       6.4155e-03       3.9588e-02
 5.5000e+00       2.1000e+00       8.0445e-01       5.6658e-02       2.8761e-01      -1.6635e-02       7.1394e-03       4.0946e-02
 5.5000e+00       2.1000e+00       8.1445e-01       5.4736e-02       2.8811e-01      -1.8324e-02       7.8589e-03       4.2134e-02
 5.5000e+00       2.1000e+00       8.2445e-01       5.2922e-02       2.8867e-01      -2.0038e-02       8.5724e-03       4.3174e-02
 5.5000e+00       2.1000e+00       8.3445e-01       5.1212e-02       2.8928e-01      -2.1777e-02       9.2784e-03       4.4081e-02
 5.5000e+00       2.1000e+00       8.4445e-01       4.9602e-02       2.8995e-01      -2.3538e-02       9.9759e-03       4.4870e-02
 5.5000e+00       2.1000e+00       8.5445e-01       4.8088e-02       2.9067e-01      -2.5318e-02       1.0663e-02       4.5552e-02
 5.5000e+00       2.1000e+00       8.6445e-01       4.6667e-02       2.9144e-01      -2.7118e-02       1.1340e-02       4.6137e-02
 5.5000e+00       2.1000e+00       8.7445e-01       4.5336e-02       2.9226e-01      -2.8933e-02       1.2004e-02       4.6633e-02
 5.5000e+00       2.1000e+00       8.8445e-01       4.4091e-02       2.9313e-01      -3.0764e-02       1.2656e-02       4.7048e-02
 5.5000e+00       2.1000e+00       8.9445e-01       4.2929e-02       2.9404e-01      -3.2608e-02       1.3293e-02       4.7388e-02
 5.5000e+00       2.1000e+00       9.0445e-01       4.1847e-02       2.9499e-01      -3.4464e-02       1.3916e-02       4.7659e-02
 5.5000e+00       2.1000e+00       9.1445e-01       4.0842e-02       2.9598e-01      -3.6331e-02       1.4523e-02       4.7866e-02
 5.5000e+00       2.1000e+00       9.2445e-01       3.9912e-02       2.9700e-01      -3.8207e-02       1.5114e-02       4.8014e-02
 5.5000e+00       2.1000e+00       9.3445e-01       3.9054e-02       2.9807e-01      -4.0091e-02       1.5688e-02       4.8106e-02
 5.5000e+00       2.1000e+00       9.4445e-01       3.8265e-02       2.9916e-01      -4.1981e-02       1.6244e-02       4.8147e-02
 5.5000e+00       2.1000e+00       9.5445e-01       3.7542e-02       3.0029e-01      -4.3878e-02       1.6782e-02       4.8140e-02
 5.5000e+00       2.1000e+00       9.6445e-01       3.6884e-02       3.0145e-01      -4.5778e-02       1.7302e-02       4.8089e-02
 5.5000e+00       2.1000e+00       9.7445e-01       3.6289e-02       3.0263e-01      -4.7683e-02       1.7803e-02       4.7995e-02
 5.5000e+00       2.1000e+00       9.8445e-01       3.5753e-02       3.0384e-01      -4.9589e-02       1.8285e-02       4.7861e-02
 5.5000e+00       2.1000e+00       9.9445e-01       3.5275e-02       3.0508e-01      -5.1497e-02       1.8747e-02       4.7691e-02
 5.5000e+00       2.1000e+00       1.0045e+00       3.4853e-02       3.0633e-01      -5.3406e-02       1.9189e-02       4.7486e-02
 5.5000e+00       2.1000e+00       1.0145e+00       3.4485e-02       3.0761e-01      -5.5314e-02       1.9610e-02       4.7248e-02
 5.5000e+00       2.1000e+00       1.0245e+00       3.4169e-02       3.0891e-01      -5.7221e-02       2.0011e-02       4.6980e-02
 5.5000e+00       2.1000e+00       1.0345e+00       3.3903e-02       3.1023e-01      -5.9125e-02       2.0392e-02       4.6682e-02
 5.5000e+00       2.1000e+00       1.0445e+00       3.3686e-02       3.1156e-01      -6.1027e-02       2.0751e-02       4.6358e-02
 5.5000e+00       2.1000e+00       1.0545e+00       3.3515e-02       3.1291e-01      -6.2925e-02       2.1090e-02       4.6007e-02
 5.5000e+00       2.1000e+00       1.0645e+00       3.3389e-02       3.1427e-01      -6.4819e-02       2.1407e-02       4.5633e-02
 5.5000e+00       2.1000e+00       1.0745e+00       3.3306e-02       3.1565e-01      -6.6708e-02       2.1704e-02       4.5236e-02
 5.5000e+00       2.1000e+00       1.0845e+00       3.3265e-02       3.1703e-01      -6.8591e-02       2.1979e-02       4.4817e-02
 5.5000e+00       2.1000e+00       1.0945e+00       3.3265e-02       3.1843e-01      -7.0467e-02       2.2233e-02       4.4378e-02
 5.5000e+00       2.1000e+00       1.1045e+00       3.3303e-02       3.1983e-01      -7.2337e-02       2.2466e-02       4.3920e-02
 5.5000e+00       2.1000e+00       1.1145e+00       3.3379e-02       3.2124e-01      -7.4198e-02       2.2678e-02       4.3444e-02
 5.5000e+00       2.1000e+00       1.1245e+00       3.3491e-02       3.2266e-01      -7.6052e-02       2.2868e-02       4.2952e-02
 5.5000e+00       2.1000e+00       1.1345e+00       3.3637e-02       3.2408e-01      -7.7896e-02       2.3038e-02       4.2443e-02
 5.5000e+00       2.1000e+00       1.1445e+00       3.3817e-02       3.2551e-01      -7.9731e-02       2.3187e-02       4.1919e-02
 5.5000e+00       2.1000e+00       1.1545e+00       3.4029e-02       3.2694e-01      -8.1556e-02       2.3315e-02       4.1381e-02
 5.5000e+00       2.1000e+00       1.1645e+00       3.4272e-02       3.2837e-01      -8.3371e-02       2.3422e-02       4.0830e-02
 5.5000e+00       2.1000e+00       1.1745e+00       3.4545e-02       3.2980e-01      -8.5175e-02       2.3509e-02       4.0267e-02
 5.5000e+00       2.1000e+00       1.1845e+00       3.4846e-02       3.3123e-01      -8.6967e-02       2.3576e-02       3.9692e-02
 5.5000e+00       2.1000e+00       1.1945e+00       3.5175e-02       3.3266e-01      -8.8747e-02       2.3622e-02       3.9106e-02
 5.5000e+00       2.1000e+00       1.2045e+00       3.5530e-02       3.3409e-01      -9.0515e-02       2.3649e-02       3.8510e-02
 5.5000e+00       2.1000e+00       1.2145e+00       3.5911e-02       3.3551e-01      -9.2270e-02       2.3656e-02       3.7904e-02
 5.5000e+00       2.1000e+00       1.2245e+00       3.6316e-02       3.3693e-01      -9.4012e-02       2.3644e-02       3.7289e-02
 5.5000e+00       2.1000e+00       1.2345e+00       3.6744e-02       3.3834e-01      -9.5740e-02       2.3612e-02       3.6666e-02
 5.5000e+00       2.1000e+00       1.2445e+00       3.7194e-02       3.3975e-01      -9.7454e-02       2.3562e-02       3.6035e-02
 5.5000e+00       2.1000e+00       1.2545e+00       3.7666e-02       3.4115e-01      -9.9154e-02       2.3493e-02       3.5397e-02
 5.5000e+00       2.1000e+00       1.2645e+00       3.8158e-02       3.4255e-01      -1.0084e-01       2.3406e-02       3.4752e-02
 5.5000e+00       2.1000e+00       1.2745e+00       3.8669e-02       3.4393e-01      -1.0251e-01       2.3300e-02       3.4101e-02
 5.5000e+00       2.1000e+00       1.2845e+00       3.9200e-02       3.4531e-01      -1.0416e-01       2.3177e-02       3.3444e-02
 5.5000e+00       2.1000e+00       1.2945e+00       3.9748e-02       3.4668e-01      -1.0580e-01       2.3037e-02       3.2782e-02
 5.5000e+00       2.1000e+00       1.3045e+00       4.0312e-02       3.4803e-01      -1.0743e-01       2.2879e-02       3.2115e-02
 5.5000e+00       2.1000e+00       1.3145e+00       4.0893e-02       3.4938e-01      -1.0903e-01       2.2705e-02       3.1444e-02
 5.5000e+00       2.1000e+00       1.3245e+00       4.1490e-02       3.5071e-01      -1.1062e-01       2.2514e-02       3.0769e-02
 5.5000e+00       2.1000e+00       1.3345e+00       4.2100e-02       3.5203e-01      -1.1219e-01       2.2307e-02       3.0091e-02
 5.5000e+00       2.1000e+00       1.3445e+00       4.2725e-02       3.5334e-01      -1.1375e-01       2.2084e-02       2.9409e-02
 5.5000e+00       2.1000e+00       1.3545e+00       4.3363e-02       3.5463e-01      -1.1529e-01       2.1846e-02       2.8724e-02
 5.5000e+00       2.1000e+00       1.3645e+00       4.4012e-02       3.5591e-01      -1.1681e-01       2.1593e-02       2.8037e-02
 5.5000e+00       2.1000e+00       1.3745e+00       4.4674e-02       3.5717e-01      -1.1831e-01       2.1325e-02       2.7348e-02
 5.5000e+00       2.1000e+00       1.3845e+00       4.5346e-02       3.5842e-01      -1.1979e-01       2.1043e-02       2.6657e-02
 5.5000e+00       2.1000e+00       1.3945e+00       4.6029e-02       3.5965e-01      -1.2126e-01       2.0746e-02       2.5965e-02
 5.5000e+00       2.1000e+00       1.4045e+00       4.6721e-02       3.6086e-01      -1.2271e-01       2.0437e-02       2.5271e-02
 5.5000e+00       2.1000e+00       1.4145e+00       4.7422e-02       3.6206e-01      -1.2414e-01       2.0114e-02       2.4577e-02
 5.5000e+00       2.1000e+00       1.4245e+00       4.8131e-02       3.6324e-01      -1.2555e-01       1.9778e-02       2.3882e-02
 5.5000e+00       2.1000e+00       1.4345e+00       4.8848e-02       3.6440e-01      -1.2694e-01       1.9430e-02       2.3186e-02
 5.5000e+00       2.1000e+00       1.4445e+00       4.9572e-02       3.6554e-01      -1.2831e-01       1.9070e-02       2.2491e-02
 5.5000e+00       2.1000e+00       1.4545e+00       5.0303e-02       3.6667e-01      -1.2966e-01       1.8698e-02       2.1795e-02
 5.5000e+00       2.1000e+00       1.4645e+00       5.1040e-02       3.6777e-01      -1.3099e-01       1.8315e-02       2.1100e-02
 5.5000e+00       2.1000e+00       1.4745e+00       5.1782e-02       3.6885e-01      -1.3231e-01       1.7921e-02       2.0406e-02
 5.5000e+00       2.1000e+00       1.4845e+00       5.2529e-02       3.6992e-01      -1.3360e-01       1.7516e-02       1.9713e-02
 5.5000e+00       2.1000e+00       1.4945e+00       5.3280e-02       3.7096e-01      -1.3487e-01       1.7102e-02       1.9020e-02
