 4.0000e+00       3.2800e+00       1.0060e-01       3.2229e-01       1.4864e-01       0.0000e+00       0.0000e+00 
 4.0000e+00       3.2800e+00       1.1060e-01       2.8697e-01       1.4228e-01       2.5740e-02      -3.8796e-03 
 4.0000e+00       3.2800e+00       1.2060e-01       2.5659e-01       1.3666e-01       3.2402e-02      -6.9779e-03 
 4.0000e+00       3.2800e+00       1.3060e-01       2.3029e-01       1.3163e-01       3.5532e-02      -9.4567e-03 
 4.0000e+00       3.2800e+00       1.4060e-01       2.0737e-01       1.2708e-01       3.6918e-02      -1.1437e-02 
 4.0000e+00       3.2800e+00       1.5060e-01       1.8729e-01       1.2292e-01       3.7295e-02      -1.3010e-02 
 4.0000e+00       3.2800e+00       1.6060e-01       1.6961e-01       1.1909e-01       3.7047e-02      -1.4248e-02 
 4.0000e+00       3.2800e+00       1.7060e-01       1.5397e-01       1.1553e-01       3.6396e-02      -1.5207e-02 
 4.0000e+00       3.2800e+00       1.8060e-01       1.4009e-01       1.1221e-01       3.5481e-02      -1.5933e-02 
 4.0000e+00       3.2800e+00       1.9060e-01       1.2771e-01       1.0910e-01       3.4393e-02      -1.6462e-02 
 4.0000e+00       3.2800e+00       2.0060e-01       1.1664e-01       1.0616e-01       3.3194e-02      -1.6824e-02 
 4.0000e+00       3.2800e+00       2.1060e-01       1.0671e-01       1.0338e-01       3.1925e-02      -1.7045e-02 
 4.0000e+00       3.2800e+00       2.2060e-01       9.7783e-02       1.0075e-01       3.0616e-02      -1.7145e-02 
 4.0000e+00       3.2800e+00       2.3060e-01       8.9732e-02       9.8235e-02       2.9289e-02      -1.7141e-02 
 4.0000e+00       3.2800e+00       2.4060e-01       8.2457e-02       9.5840e-02       2.7959e-02      -1.7050e-02 
 4.0000e+00       3.2800e+00       2.5060e-01       7.5868e-02       9.3549e-02       2.6637e-02      -1.6884e-02 
 4.0000e+00       3.2800e+00       2.6060e-01       6.9890e-02       9.1353e-02       2.5330e-02      -1.6653e-02 
 4.0000e+00       3.2800e+00       2.7060e-01       6.4457e-02       8.9246e-02       2.4044e-02      -1.6368e-02 
 4.0000e+00       3.2800e+00       2.8060e-01       5.9511e-02       8.7221e-02       2.2784e-02      -1.6036e-02 
 4.0000e+00       3.2800e+00       2.9060e-01       5.5002e-02       8.5271e-02       2.1552e-02      -1.5665e-02 
 4.0000e+00       3.2800e+00       3.0060e-01       5.0886e-02       8.3393e-02       2.0350e-02      -1.5261e-02 
 4.0000e+00       3.2800e+00       3.1060e-01       4.7124e-02       8.1582e-02       1.9179e-02      -1.4830e-02 
 4.0000e+00       3.2800e+00       3.2060e-01       4.3681e-02       7.9834e-02       1.8040e-02      -1.4376e-02 
 4.0000e+00       3.2800e+00       3.3060e-01       4.0527e-02       7.8145e-02       1.6933e-02      -1.3904e-02 
 4.0000e+00       3.2800e+00       3.4060e-01       3.7636e-02       7.6512e-02       1.5858e-02      -1.3417e-02 
 4.0000e+00       3.2800e+00       3.5060e-01       3.4983e-02       7.4933e-02       1.4815e-02      -1.2919e-02 
 4.0000e+00       3.2800e+00       3.6060e-01       3.2547e-02       7.3405e-02       1.3804e-02      -1.2412e-02 
 4.0000e+00       3.2800e+00       3.7060e-01       3.0309e-02       7.1925e-02       1.2823e-02      -1.1900e-02 
 4.0000e+00       3.2800e+00       3.8060e-01       2.8251e-02       7.0492e-02       1.1873e-02      -1.1385e-02 
 4.0000e+00       3.2800e+00       3.9060e-01       2.6357e-02       6.9103e-02       1.0953e-02      -1.0867e-02 
 4.0000e+00       3.2800e+00       4.0060e-01       2.4615e-02       6.7757e-02       1.0061e-02      -1.0351e-02 
 4.0000e+00       3.2800e+00       4.1060e-01       2.3010e-02       6.6452e-02       9.1984e-03      -9.8359e-03 
 4.0000e+00       3.2800e+00       4.2060e-01       2.1533e-02       6.5186e-02       8.3630e-03      -9.3244e-03 
 4.0000e+00       3.2800e+00       4.3060e-01       2.0171e-02       6.3957e-02       7.5543e-03      -8.8173e-03 
 4.0000e+00       3.2800e+00       4.4060e-01       1.8917e-02       6.2765e-02       6.7717e-03      -8.3159e-03 
 4.0000e+00       3.2800e+00       4.5060e-01       1.7761e-02       6.1608e-02       6.0145e-03      -7.8210e-03 
 4.0000e+00       3.2800e+00       4.6060e-01       1.6696e-02       6.0484e-02       5.2818e-03      -7.3335e-03 
 4.0000e+00       3.2800e+00       4.7060e-01       1.5715e-02       5.9394e-02       4.5729e-03      -6.8540e-03 
 4.0000e+00       3.2800e+00       4.8060e-01       1.4810e-02       5.8334e-02       3.8872e-03      -6.3832e-03 
 4.0000e+00       3.2800e+00       4.9060e-01       1.3976e-02       5.7305e-02       3.2240e-03      -5.9215e-03 
 4.0000e+00       3.2800e+00       5.0060e-01       1.3209e-02       5.6305e-02       2.5825e-03      -5.4695e-03 
 4.0000e+00       3.2800e+00       5.1060e-01       1.2502e-02       5.5333e-02       1.9621e-03      -5.0275e-03 
 4.0000e+00       3.2800e+00       5.2060e-01       1.1851e-02       5.4389e-02       1.3623e-03      -4.5958e-03 
 4.0000e+00       3.2800e+00       5.3060e-01       1.1252e-02       5.3471e-02       7.8225e-04      -4.1747e-03 
 4.0000e+00       3.2800e+00       5.4060e-01       1.0701e-02       5.2578e-02       2.2149e-04      -3.7643e-03 
 4.0000e+00       3.2800e+00       5.5060e-01       1.0195e-02       5.1711e-02      -3.2060e-04      -3.3649e-03 
 4.0000e+00       3.2800e+00       5.6060e-01       9.7294e-03       5.0867e-02      -8.4459e-04      -2.9764e-03 
 4.0000e+00       3.2800e+00       5.7060e-01       9.3025e-03       5.0046e-02      -1.3510e-03      -2.5991e-03 
 4.0000e+00       3.2800e+00       5.8060e-01       8.9111e-03       4.9248e-02      -1.8404e-03      -2.2328e-03 
 4.0000e+00       3.2800e+00       5.9060e-01       8.5525e-03       4.8472e-02      -2.3133e-03      -1.8777e-03 
 4.0000e+00       3.2800e+00       6.0060e-01       8.2243e-03       4.7716e-02      -2.7701e-03      -1.5338e-03 
 4.0000e+00       3.2800e+00       6.1060e-01       7.9245e-03       4.6981e-02      -3.2114e-03      -1.2008e-03 
 4.0000e+00       3.2800e+00       6.2060e-01       7.6508e-03       4.6265e-02      -3.6376e-03      -8.7891e-04 
 4.0000e+00       3.2800e+00       6.3060e-01       7.4015e-03       4.5569e-02      -4.0492e-03      -5.6790e-04 
 4.0000e+00       3.2800e+00       6.4060e-01       7.1748e-03       4.4891e-02      -4.4466e-03      -2.6770e-04 
 4.0000e+00       3.2800e+00       6.5060e-01       6.9690e-03       4.4231e-02      -4.8302e-03       2.1822e-05 
 4.0000e+00       3.2800e+00       6.6060e-01       6.7827e-03       4.3588e-02      -5.2005e-03       3.0079e-04 
 4.0000e+00       3.2800e+00       6.7060e-01       6.6144e-03       4.2962e-02      -5.5578e-03       5.6935e-04 
 4.0000e+00       3.2800e+00       6.8060e-01       6.4629e-03       4.2352e-02      -5.9024e-03       8.2766e-04 
 4.0000e+00       3.2800e+00       6.9060e-01       6.3268e-03       4.1758e-02      -6.2349e-03       1.0759e-03 
 4.0000e+00       3.2800e+00       7.0060e-01       6.2052e-03       4.1179e-02      -6.5555e-03       1.3142e-03 
 4.0000e+00       3.2800e+00       7.1060e-01       6.0969e-03       4.0615e-02      -6.8645e-03       1.5428e-03 
 4.0000e+00       3.2800e+00       7.2060e-01       6.0010e-03       4.0065e-02      -7.1624e-03       1.7618e-03 
 4.0000e+00       3.2800e+00       7.3060e-01       5.9165e-03       3.9529e-02      -7.4494e-03       1.9715e-03 
 4.0000e+00       3.2800e+00       7.4060e-01       5.8426e-03       3.9006e-02      -7.7259e-03       2.1721e-03 
 4.0000e+00       3.2800e+00       7.5060e-01       5.7786e-03       3.8496e-02      -7.9921e-03       2.3637e-03 
 4.0000e+00       3.2800e+00       7.6060e-01       5.7236e-03       3.7999e-02      -8.2483e-03       2.5465e-03 
 4.0000e+00       3.2800e+00       7.7060e-01       5.6771e-03       3.7514e-02      -8.4949e-03       2.7207e-03 
 4.0000e+00       3.2800e+00       7.8060e-01       5.6383e-03       3.7041e-02      -8.7322e-03       2.8866e-03 
 4.0000e+00       3.2800e+00       7.9060e-01       5.6066e-03       3.6580e-02      -8.9603e-03       3.0444e-03 
 4.0000e+00       3.2800e+00       8.0060e-01       5.5816e-03       3.6129e-02      -9.1795e-03       3.1942e-03 
 4.0000e+00       3.2800e+00       8.1060e-01       5.5626e-03       3.5689e-02      -9.3901e-03       3.3363e-03 
 4.0000e+00       3.2800e+00       8.2060e-01       5.5492e-03       3.5260e-02      -9.5924e-03       3.4708e-03 
 4.0000e+00       3.2800e+00       8.3060e-01       5.5410e-03       3.4840e-02      -9.7866e-03       3.5980e-03 
 4.0000e+00       3.2800e+00       8.4060e-01       5.5375e-03       3.4430e-02      -9.9729e-03       3.7181e-03 
 4.0000e+00       3.2800e+00       8.5060e-01       5.5383e-03       3.4030e-02      -1.0151e-02       3.8312e-03 
 4.0000e+00       3.2800e+00       8.6060e-01       5.5430e-03       3.3639e-02      -1.0323e-02       3.9376e-03 
 4.0000e+00       3.2800e+00       8.7060e-01       5.5514e-03       3.3257e-02      -1.0487e-02       4.0375e-03 
 4.0000e+00       3.2800e+00       8.8060e-01       5.5630e-03       3.2883e-02      -1.0644e-02       4.1310e-03 
 4.0000e+00       3.2800e+00       8.9060e-01       5.5777e-03       3.2517e-02      -1.0794e-02       4.2183e-03 
 4.0000e+00       3.2800e+00       9.0060e-01       5.5950e-03       3.2160e-02      -1.0937e-02       4.2997e-03 
 4.0000e+00       3.2800e+00       9.1060e-01       5.6148e-03       3.1810e-02      -1.1074e-02       4.3753e-03 
 4.0000e+00       3.2800e+00       9.2060e-01       5.6367e-03       3.1468e-02      -1.1205e-02       4.4452e-03 
 4.0000e+00       3.2800e+00       9.3060e-01       5.6606e-03       3.1134e-02      -1.1330e-02       4.5098e-03 
 4.0000e+00       3.2800e+00       9.4060e-01       5.6863e-03       3.0806e-02      -1.1448e-02       4.5691e-03 
 4.0000e+00       3.2800e+00       9.5060e-01       5.7135e-03       3.0485e-02      -1.1561e-02       4.6233e-03 
 4.0000e+00       3.2800e+00       9.6060e-01       5.7421e-03       3.0171e-02      -1.1669e-02       4.6727e-03 
 4.0000e+00       3.2800e+00       9.7060e-01       5.7719e-03       2.9863e-02      -1.1771e-02       4.7172e-03 
 4.0000e+00       3.2800e+00       9.8060e-01       5.8027e-03       2.9562e-02      -1.1868e-02       4.7572e-03 
 4.0000e+00       3.2800e+00       9.9060e-01       5.8345e-03       2.9267e-02      -1.1959e-02       4.7928e-03 
