 7.5000e+00       2.8900e+00       4.1263e-01       3.2195e-02       4.0236e-02       0.0000e+00       0.0000e+00
 7.5000e+00       2.8900e+00       4.2263e-01       3.0421e-02       3.9566e-02       1.8011e-03      -2.9667e-05
 7.5000e+00       2.8900e+00       4.3263e-01       2.8758e-02       3.8931e-02       2.3796e-03      -4.0597e-05
 7.5000e+00       2.8900e+00       4.4263e-01       2.7200e-02       3.8329e-02       2.7188e-03      -3.4718e-05
 7.5000e+00       2.8900e+00       4.5263e-01       2.5739e-02       3.7759e-02       2.9236e-03      -1.3791e-05
 7.5000e+00       2.8900e+00       4.6263e-01       2.4368e-02       3.7219e-02       3.0383e-03       2.0567e-05
 7.5000e+00       2.8900e+00       4.7263e-01       2.3081e-02       3.6708e-02       3.0869e-03       6.6876e-05
 7.5000e+00       2.8900e+00       4.8263e-01       2.1872e-02       3.6223e-02       3.0847e-03       1.2377e-04
 7.5000e+00       2.8900e+00       4.9263e-01       2.0736e-02       3.5765e-02       3.0423e-03       1.9002e-04
 7.5000e+00       2.8900e+00       5.0263e-01       1.9668e-02       3.5331e-02       2.9673e-03       2.6445e-04
 7.5000e+00       2.8900e+00       5.1263e-01       1.8664e-02       3.4921e-02       2.8655e-03       3.4603e-04
 7.5000e+00       2.8900e+00       5.2263e-01       1.7719e-02       3.4534e-02       2.7414e-03       4.3378e-04
 7.5000e+00       2.8900e+00       5.3263e-01       1.6830e-02       3.4167e-02       2.5987e-03       5.2682e-04
 7.5000e+00       2.8900e+00       5.4263e-01       1.5994e-02       3.3821e-02       2.4404e-03       6.2432e-04
 7.5000e+00       2.8900e+00       5.5263e-01       1.5206e-02       3.3495e-02       2.2688e-03       7.2553e-04
 7.5000e+00       2.8900e+00       5.6263e-01       1.4465e-02       3.3187e-02       2.0860e-03       8.2978e-04
 7.5000e+00       2.8900e+00       5.7263e-01       1.3767e-02       3.2898e-02       1.8939e-03       9.3641e-04
 7.5000e+00       2.8900e+00       5.8263e-01       1.3110e-02       3.2625e-02       1.6938e-03       1.0449e-03
 7.5000e+00       2.8900e+00       5.9263e-01       1.2491e-02       3.2368e-02       1.4871e-03       1.1546e-03
 7.5000e+00       2.8900e+00       6.0263e-01       1.1908e-02       3.2127e-02       1.2749e-03       1.2651e-03
 7.5000e+00       2.8900e+00       6.1263e-01       1.1358e-02       3.1900e-02       1.0581e-03       1.3760e-03
 7.5000e+00       2.8900e+00       6.2263e-01       1.0841e-02       3.1688e-02       8.3756e-04       1.4868e-03
 7.5000e+00       2.8900e+00       6.3263e-01       1.0354e-02       3.1489e-02       6.1406e-04       1.5971e-03
 7.5000e+00       2.8900e+00       6.4263e-01       9.8952e-03       3.1303e-02       3.8823e-04       1.7067e-03
 7.5000e+00       2.8900e+00       6.5263e-01       9.4632e-03       3.1129e-02       1.6066e-04       1.8152e-03
 7.5000e+00       2.8900e+00       6.6263e-01       9.0566e-03       3.0967e-02      -6.8141e-05       1.9223e-03
 7.5000e+00       2.8900e+00       6.7263e-01       8.6738e-03       3.0816e-02      -2.9771e-04       2.0278e-03
 7.5000e+00       2.8900e+00       6.8263e-01       8.3136e-03       3.0676e-02      -5.2763e-04       2.1315e-03
 7.5000e+00       2.8900e+00       6.9263e-01       7.9747e-03       3.0546e-02      -7.5754e-04       2.2331e-03
 7.5000e+00       2.8900e+00       7.0263e-01       7.6560e-03       3.0425e-02      -9.8712e-04       2.3324e-03
 7.5000e+00       2.8900e+00       7.1263e-01       7.3564e-03       3.0314e-02      -1.2161e-03       2.4294e-03
 7.5000e+00       2.8900e+00       7.2263e-01       7.0749e-03       3.0212e-02      -1.4441e-03       2.5238e-03
 7.5000e+00       2.8900e+00       7.3263e-01       6.8104e-03       3.0118e-02      -1.6711e-03       2.6155e-03
 7.5000e+00       2.8900e+00       7.4263e-01       6.5621e-03       3.0032e-02      -1.8966e-03       2.7043e-03
 7.5000e+00       2.8900e+00       7.5263e-01       6.3291e-03       2.9953e-02      -2.1207e-03       2.7903e-03
 7.5000e+00       2.8900e+00       7.6263e-01       6.1106e-03       2.9882e-02      -2.3430e-03       2.8733e-03
 7.5000e+00       2.8900e+00       7.7263e-01       5.9059e-03       2.9817e-02      -2.5635e-03       2.9532e-03
 7.5000e+00       2.8900e+00       7.8263e-01       5.7142e-03       2.9759e-02      -2.7819e-03       3.0300e-03
 7.5000e+00       2.8900e+00       7.9263e-01       5.5348e-03       2.9707e-02      -2.9983e-03       3.1037e-03
 7.5000e+00       2.8900e+00       8.0263e-01       5.3671e-03       2.9661e-02      -3.2124e-03       3.1741e-03
 7.5000e+00       2.8900e+00       8.1263e-01       5.2105e-03       2.9621e-02      -3.4241e-03       3.2412e-03
 7.5000e+00       2.8900e+00       8.2263e-01       5.0644e-03       2.9585e-02      -3.6334e-03       3.3051e-03
 7.5000e+00       2.8900e+00       8.3263e-01       4.9283e-03       2.9555e-02      -3.8402e-03       3.3656e-03
 7.5000e+00       2.8900e+00       8.4263e-01       4.8016e-03       2.9529e-02      -4.0444e-03       3.4229e-03
 7.5000e+00       2.8900e+00       8.5263e-01       4.6839e-03       2.9507e-02      -4.2460e-03       3.4769e-03
 7.5000e+00       2.8900e+00       8.6263e-01       4.5747e-03       2.9490e-02      -4.4448e-03       3.5276e-03
 7.5000e+00       2.8900e+00       8.7263e-01       4.4735e-03       2.9476e-02      -4.6409e-03       3.5750e-03
 7.5000e+00       2.8900e+00       8.8263e-01       4.3800e-03       2.9466e-02      -4.8342e-03       3.6191e-03
 7.5000e+00       2.8900e+00       8.9263e-01       4.2937e-03       2.9459e-02      -5.0246e-03       3.6600e-03
 7.5000e+00       2.8900e+00       9.0263e-01       4.2143e-03       2.9456e-02      -5.2122e-03       3.6977e-03
 7.5000e+00       2.8900e+00       9.1263e-01       4.1414e-03       2.9455e-02      -5.3968e-03       3.7322e-03
 7.5000e+00       2.8900e+00       9.2263e-01       4.0747e-03       2.9457e-02      -5.5785e-03       3.7636e-03
 7.5000e+00       2.8900e+00       9.3263e-01       4.0138e-03       2.9462e-02      -5.7573e-03       3.7918e-03
 7.5000e+00       2.8900e+00       9.4263e-01       3.9584e-03       2.9469e-02      -5.9331e-03       3.8170e-03
 7.5000e+00       2.8900e+00       9.5263e-01       3.9083e-03       2.9478e-02      -6.1059e-03       3.8392e-03
 7.5000e+00       2.8900e+00       9.6263e-01       3.8632e-03       2.9490e-02      -6.2758e-03       3.8584e-03
 7.5000e+00       2.8900e+00       9.7263e-01       3.8228e-03       2.9503e-02      -6.4426e-03       3.8746e-03
 7.5000e+00       2.8900e+00       9.8263e-01       3.7868e-03       2.9517e-02      -6.6065e-03       3.8880e-03
 7.5000e+00       2.8900e+00       9.9263e-01       3.7551e-03       2.9534e-02      -6.7674e-03       3.8986e-03
 7.5000e+00       2.8900e+00       1.0026e+00       3.7273e-03       2.9551e-02      -6.9252e-03       3.9064e-03
 7.5000e+00       2.8900e+00       1.0126e+00       3.7033e-03       2.9570e-02      -7.0801e-03       3.9115e-03
 7.5000e+00       2.8900e+00       1.0226e+00       3.6829e-03       2.9589e-02      -7.2320e-03       3.9139e-03
 7.5000e+00       2.8900e+00       1.0326e+00       3.6659e-03       2.9610e-02      -7.3809e-03       3.9138e-03
 7.5000e+00       2.8900e+00       1.0426e+00       3.6520e-03       2.9632e-02      -7.5268e-03       3.9111e-03
 7.5000e+00       2.8900e+00       1.0526e+00       3.6411e-03       2.9654e-02      -7.6698e-03       3.9060e-03
 7.5000e+00       2.8900e+00       1.0626e+00       3.6331e-03       2.9676e-02      -7.8099e-03       3.8985e-03
 7.5000e+00       2.8900e+00       1.0726e+00       3.6277e-03       2.9699e-02      -7.9470e-03       3.8886e-03
 7.5000e+00       2.8900e+00       1.0826e+00       3.6249e-03       2.9723e-02      -8.0812e-03       3.8764e-03
 7.5000e+00       2.8900e+00       1.0926e+00       3.6244e-03       2.9746e-02      -8.2125e-03       3.8621e-03
 7.5000e+00       2.8900e+00       1.1026e+00       3.6262e-03       2.9770e-02      -8.3409e-03       3.8455e-03
 7.5000e+00       2.8900e+00       1.1126e+00       3.6300e-03       2.9794e-02      -8.4665e-03       3.8269e-03
 7.5000e+00       2.8900e+00       1.1226e+00       3.6358e-03       2.9818e-02      -8.5892e-03       3.8063e-03
 7.5000e+00       2.8900e+00       1.1326e+00       3.6434e-03       2.9841e-02      -8.7091e-03       3.7837e-03
 7.5000e+00       2.8900e+00       1.1426e+00       3.6528e-03       2.9865e-02      -8.8262e-03       3.7592e-03
 7.5000e+00       2.8900e+00       1.1526e+00       3.6637e-03       2.9887e-02      -8.9405e-03       3.7329e-03
 7.5000e+00       2.8900e+00       1.1626e+00       3.6762e-03       2.9910e-02      -9.0521e-03       3.7049e-03
 7.5000e+00       2.8900e+00       1.1726e+00       3.6901e-03       2.9932e-02      -9.1610e-03       3.6751e-03
 7.5000e+00       2.8900e+00       1.1826e+00       3.7053e-03       2.9954e-02      -9.2671e-03       3.6436e-03
 7.5000e+00       2.8900e+00       1.1926e+00       3.7217e-03       2.9975e-02      -9.3706e-03       3.6106e-03
 7.5000e+00       2.8900e+00       1.2026e+00       3.7392e-03       2.9995e-02      -9.4714e-03       3.5761e-03
 7.5000e+00       2.8900e+00       1.2126e+00       3.7577e-03       3.0014e-02      -9.5696e-03       3.5401e-03
 7.5000e+00       2.8900e+00       1.2226e+00       3.7772e-03       3.0033e-02      -9.6652e-03       3.5027e-03
 7.5000e+00       2.8900e+00       1.2326e+00       3.7976e-03       3.0051e-02      -9.7582e-03       3.4640e-03
 7.5000e+00       2.8900e+00       1.2426e+00       3.8188e-03       3.0068e-02      -9.8487e-03       3.4240e-03
 7.5000e+00       2.8900e+00       1.2526e+00       3.8407e-03       3.0084e-02      -9.9367e-03       3.3828e-03
 7.5000e+00       2.8900e+00       1.2626e+00       3.8633e-03       3.0099e-02      -1.0022e-02       3.3404e-03
 7.5000e+00       2.8900e+00       1.2726e+00       3.8865e-03       3.0113e-02      -1.0105e-02       3.2969e-03
 7.5000e+00       2.8900e+00       1.2826e+00       3.9103e-03       3.0125e-02      -1.0186e-02       3.2524e-03
 7.5000e+00       2.8900e+00       1.2926e+00       3.9345e-03       3.0137e-02      -1.0264e-02       3.2069e-03
 7.5000e+00       2.8900e+00       1.3026e+00       3.9592e-03       3.0148e-02      -1.0340e-02       3.1604e-03
 7.5000e+00       2.8900e+00       1.3126e+00       3.9842e-03       3.0157e-02      -1.0413e-02       3.1130e-03
 7.5000e+00       2.8900e+00       1.3226e+00       4.0096e-03       3.0165e-02      -1.0484e-02       3.0648e-03
 7.5000e+00       2.8900e+00       1.3326e+00       4.0353e-03       3.0172e-02      -1.0553e-02       3.0158e-03
 7.5000e+00       2.8900e+00       1.3426e+00       4.0611e-03       3.0178e-02      -1.0620e-02       2.9661e-03
 7.5000e+00       2.8900e+00       1.3526e+00       4.0872e-03       3.0182e-02      -1.0684e-02       2.9157e-03
 7.5000e+00       2.8900e+00       1.3626e+00       4.1134e-03       3.0185e-02      -1.0746e-02       2.8646e-03
 7.5000e+00       2.8900e+00       1.3726e+00       4.1398e-03       3.0186e-02      -1.0806e-02       2.8130e-03
 7.5000e+00       2.8900e+00       1.3826e+00       4.1662e-03       3.0186e-02      -1.0864e-02       2.7608e-03
 7.5000e+00       2.8900e+00       1.3926e+00       4.1926e-03       3.0185e-02      -1.0920e-02       2.7082e-03
 7.5000e+00       2.8900e+00       1.4026e+00       4.2191e-03       3.0182e-02      -1.0974e-02       2.6550e-03
 7.5000e+00       2.8900e+00       1.4126e+00       4.2455e-03       3.0178e-02      -1.1025e-02       2.6015e-03
 7.5000e+00       2.8900e+00       1.4226e+00       4.2719e-03       3.0173e-02      -1.1075e-02       2.5476e-03
 7.5000e+00       2.8900e+00       1.4326e+00       4.2982e-03       3.0166e-02      -1.1123e-02       2.4934e-03
 7.5000e+00       2.8900e+00       1.4426e+00       4.3243e-03       3.0157e-02      -1.1168e-02       2.4389e-03
 7.5000e+00       2.8900e+00       1.4526e+00       4.3503e-03       3.0147e-02      -1.1212e-02       2.3841e-03
 7.5000e+00       2.8900e+00       1.4626e+00       4.3762e-03       3.0135e-02      -1.1254e-02       2.3292e-03
 7.5000e+00       2.8900e+00       1.4726e+00       4.4018e-03       3.0122e-02      -1.1294e-02       2.2741e-03
 7.5000e+00       2.8900e+00       1.4826e+00       4.4273e-03       3.0108e-02      -1.1332e-02       2.2188e-03
 7.5000e+00       2.8900e+00       1.4926e+00       4.4525e-03       3.0092e-02      -1.1368e-02       2.1635e-03
 7.5000e+00       2.8900e+00       1.5026e+00       4.4775e-03       3.0074e-02      -1.1403e-02       2.1081e-03
 7.5000e+00       2.8900e+00       1.5126e+00       4.5021e-03       3.0055e-02      -1.1435e-02       2.0527e-03
 7.5000e+00       2.8900e+00       1.5226e+00       4.5265e-03       3.0034e-02      -1.1466e-02       1.9973e-03
 7.5000e+00       2.8900e+00       1.5326e+00       4.5506e-03       3.0012e-02      -1.1496e-02       1.9419e-03
 7.5000e+00       2.8900e+00       1.5426e+00       4.5744e-03       2.9988e-02      -1.1523e-02       1.8866e-03
 7.5000e+00       2.8900e+00       1.5526e+00       4.5978e-03       2.9963e-02      -1.1550e-02       1.8315e-03
 7.5000e+00       2.8900e+00       1.5626e+00       4.6209e-03       2.9936e-02      -1.1574e-02       1.7764e-03
 7.5000e+00       2.8900e+00       1.5726e+00       4.6437e-03       2.9908e-02      -1.1597e-02       1.7215e-03
 7.5000e+00       2.8900e+00       1.5826e+00       4.6660e-03       2.9878e-02      -1.1618e-02       1.6668e-03
 7.5000e+00       2.8900e+00       1.5926e+00       4.6880e-03       2.9847e-02      -1.1638e-02       1.6124e-03
 7.5000e+00       2.8900e+00       1.6026e+00       4.7095e-03       2.9814e-02      -1.1656e-02       1.5581e-03
 7.5000e+00       2.8900e+00       1.6126e+00       4.7307e-03       2.9780e-02      -1.1673e-02       1.5042e-03
 7.5000e+00       2.8900e+00       1.6226e+00       4.7515e-03       2.9744e-02      -1.1688e-02       1.4505e-03
 7.5000e+00       2.8900e+00       1.6326e+00       4.7718e-03       2.9707e-02      -1.1702e-02       1.3971e-03
 7.5000e+00       2.8900e+00       1.6426e+00       4.7917e-03       2.9668e-02      -1.1714e-02       1.3441e-03
