 3.5000e+00       2.1000e+00       3.7623e-01       5.4059e-01       9.0528e-01       0.0000e+00       0.0000e+00       0.0000e+00
 3.5000e+00       2.1000e+00       3.8623e-01       5.1324e-01       8.9256e-01       7.3434e-03      -2.5195e-03       4.7782e-02
 3.5000e+00       2.1000e+00       3.9623e-01       4.8760e-01       8.8044e-01       8.5661e-03      -4.5826e-03       6.6316e-02
 3.5000e+00       2.1000e+00       4.0623e-01       4.6353e-01       8.6889e-01       8.3555e-03      -6.2283e-03       7.9709e-02
 3.5000e+00       2.1000e+00       4.1623e-01       4.4094e-01       8.5787e-01       7.2802e-03      -7.4925e-03       9.0328e-02
 3.5000e+00       2.1000e+00       4.2623e-01       4.1970e-01       8.4736e-01       5.5943e-03      -8.4077e-03       9.9113e-02
 3.5000e+00       2.1000e+00       4.3623e-01       3.9974e-01       8.3734e-01       3.4443e-03      -9.0041e-03       1.0655e-01
 3.5000e+00       2.1000e+00       4.4623e-01       3.8097e-01       8.2777e-01       9.2616e-04      -9.3091e-03       1.1295e-01
 3.5000e+00       2.1000e+00       4.5623e-01       3.6330e-01       8.1864e-01      -1.8921e-03      -9.3482e-03       1.1851e-01
 3.5000e+00       2.1000e+00       4.6623e-01       3.4668e-01       8.0992e-01      -4.9597e-03      -9.1447e-03       1.2336e-01
 3.5000e+00       2.1000e+00       4.7623e-01       3.3102e-01       8.0160e-01      -8.2376e-03      -8.7201e-03       1.2762e-01
 3.5000e+00       2.1000e+00       4.8623e-01       3.1628e-01       7.9366e-01      -1.1695e-02      -8.0944e-03       1.3136e-01
 3.5000e+00       2.1000e+00       4.9623e-01       3.0240e-01       7.8608e-01      -1.5306e-02      -7.2860e-03       1.3465e-01
 3.5000e+00       2.1000e+00       5.0623e-01       2.8932e-01       7.7884e-01      -1.9050e-02      -6.3120e-03       1.3755e-01
 3.5000e+00       2.1000e+00       5.1623e-01       2.7700e-01       7.7194e-01      -2.2910e-02      -5.1881e-03       1.4009e-01
 3.5000e+00       2.1000e+00       5.2623e-01       2.6539e-01       7.6535e-01      -2.6871e-02      -3.9289e-03       1.4231e-01
 3.5000e+00       2.1000e+00       5.3623e-01       2.5446e-01       7.5906e-01      -3.0921e-02      -2.5482e-03       1.4424e-01
 3.5000e+00       2.1000e+00       5.4623e-01       2.4417e-01       7.5306e-01      -3.5048e-02      -1.0586e-03       1.4591e-01
 3.5000e+00       2.1000e+00       5.5623e-01       2.3447e-01       7.4735e-01      -3.9243e-02       5.2827e-04       1.4735e-01
 3.5000e+00       2.1000e+00       5.6623e-01       2.2535e-01       7.4190e-01      -4.3499e-02       2.2014e-03       1.4857e-01
 3.5000e+00       2.1000e+00       5.7623e-01       2.1676e-01       7.3671e-01      -4.7807e-02       3.9506e-03       1.4959e-01
 3.5000e+00       2.1000e+00       5.8623e-01       2.0869e-01       7.3177e-01      -5.2162e-02       5.7665e-03       1.5042e-01
 3.5000e+00       2.1000e+00       5.9623e-01       2.0109e-01       7.2706e-01      -5.6557e-02       7.6401e-03       1.5109e-01
 3.5000e+00       2.1000e+00       6.0623e-01       1.9396e-01       7.2259e-01      -6.0988e-02       9.5634e-03       1.5160e-01
 3.5000e+00       2.1000e+00       6.1623e-01       1.8726e-01       7.1834e-01      -6.5450e-02       1.1529e-02       1.5197e-01
 3.5000e+00       2.1000e+00       6.2623e-01       1.8097e-01       7.1430e-01      -6.9938e-02       1.3529e-02       1.5220e-01
 3.5000e+00       2.1000e+00       6.3623e-01       1.7508e-01       7.1046e-01      -7.4449e-02       1.5557e-02       1.5231e-01
 3.5000e+00       2.1000e+00       6.4623e-01       1.6957e-01       7.0682e-01      -7.8980e-02       1.7607e-02       1.5230e-01
 3.5000e+00       2.1000e+00       6.5623e-01       1.6441e-01       7.0338e-01      -8.3527e-02       1.9674e-02       1.5218e-01
 3.5000e+00       2.1000e+00       6.6623e-01       1.5959e-01       7.0011e-01      -8.8088e-02       2.1751e-02       1.5197e-01
 3.5000e+00       2.1000e+00       6.7623e-01       1.5509e-01       6.9703e-01      -9.2659e-02       2.3834e-02       1.5166e-01
 3.5000e+00       2.1000e+00       6.8623e-01       1.5090e-01       6.9411e-01      -9.7239e-02       2.5918e-02       1.5126e-01
 3.5000e+00       2.1000e+00       6.9623e-01       1.4701e-01       6.9136e-01      -1.0183e-01       2.8000e-02       1.5079e-01
 3.5000e+00       2.1000e+00       7.0623e-01       1.4340e-01       6.8877e-01      -1.0641e-01       3.0074e-02       1.5023e-01
 3.5000e+00       2.1000e+00       7.1623e-01       1.4005e-01       6.8633e-01      -1.1101e-01       3.2137e-02       1.4961e-01
 3.5000e+00       2.1000e+00       7.2623e-01       1.3697e-01       6.8404e-01      -1.1560e-01       3.4185e-02       1.4892e-01
 3.5000e+00       2.1000e+00       7.3623e-01       1.3412e-01       6.8189e-01      -1.2019e-01       3.6216e-02       1.4816e-01
 3.5000e+00       2.1000e+00       7.4623e-01       1.3152e-01       6.7988e-01      -1.2478e-01       3.8226e-02       1.4735e-01
 3.5000e+00       2.1000e+00       7.5623e-01       1.2913e-01       6.7800e-01      -1.2936e-01       4.0213e-02       1.4649e-01
 3.5000e+00       2.1000e+00       7.6623e-01       1.2697e-01       6.7625e-01      -1.3393e-01       4.2174e-02       1.4557e-01
 3.5000e+00       2.1000e+00       7.7623e-01       1.2500e-01       6.7462e-01      -1.3850e-01       4.4107e-02       1.4461e-01
 3.5000e+00       2.1000e+00       7.8623e-01       1.2324e-01       6.7312e-01      -1.4306e-01       4.6008e-02       1.4360e-01
 3.5000e+00       2.1000e+00       7.9623e-01       1.2166e-01       6.7172e-01      -1.4761e-01       4.7878e-02       1.4255e-01
 3.5000e+00       2.1000e+00       8.0623e-01       1.2027e-01       6.7044e-01      -1.5215e-01       4.9712e-02       1.4147e-01
 3.5000e+00       2.1000e+00       8.1623e-01       1.1905e-01       6.6927e-01      -1.5668e-01       5.1511e-02       1.4034e-01
 3.5000e+00       2.1000e+00       8.2623e-01       1.1799e-01       6.6819e-01      -1.6119e-01       5.3272e-02       1.3919e-01
 3.5000e+00       2.1000e+00       8.3623e-01       1.1709e-01       6.6722e-01      -1.6569e-01       5.4994e-02       1.3800e-01
 3.5000e+00       2.1000e+00       8.4623e-01       1.1635e-01       6.6634e-01      -1.7017e-01       5.6675e-02       1.3678e-01
 3.5000e+00       2.1000e+00       8.5623e-01       1.1575e-01       6.6555e-01      -1.7463e-01       5.8315e-02       1.3554e-01
 3.5000e+00       2.1000e+00       8.6623e-01       1.1530e-01       6.6485e-01      -1.7908e-01       5.9912e-02       1.3427e-01
 3.5000e+00       2.1000e+00       8.7623e-01       1.1497e-01       6.6424e-01      -1.8351e-01       6.1466e-02       1.3298e-01
 3.5000e+00       2.1000e+00       8.8623e-01       1.1478e-01       6.6371e-01      -1.8793e-01       6.2975e-02       1.3167e-01
 3.5000e+00       2.1000e+00       8.9623e-01       1.1471e-01       6.6326e-01      -1.9232e-01       6.4439e-02       1.3033e-01
 3.5000e+00       2.1000e+00       9.0623e-01       1.1477e-01       6.6288e-01      -1.9669e-01       6.5857e-02       1.2898e-01
 3.5000e+00       2.1000e+00       9.1623e-01       1.1493e-01       6.6257e-01      -2.0104e-01       6.7228e-02       1.2761e-01
 3.5000e+00       2.1000e+00       9.2623e-01       1.1521e-01       6.6234e-01      -2.0537e-01       6.8553e-02       1.2623e-01
 3.5000e+00       2.1000e+00       9.3623e-01       1.1559e-01       6.6217e-01      -2.0967e-01       6.9830e-02       1.2483e-01
 3.5000e+00       2.1000e+00       9.4623e-01       1.1608e-01       6.6206e-01      -2.1395e-01       7.1060e-02       1.2343e-01
 3.5000e+00       2.1000e+00       9.5623e-01       1.1666e-01       6.6202e-01      -2.1821e-01       7.2242e-02       1.2200e-01
 3.5000e+00       2.1000e+00       9.6623e-01       1.1733e-01       6.6204e-01      -2.2245e-01       7.3376e-02       1.2057e-01
 3.5000e+00       2.1000e+00       9.7623e-01       1.1810e-01       6.6211e-01      -2.2665e-01       7.4461e-02       1.1913e-01
 3.5000e+00       2.1000e+00       9.8623e-01       1.1895e-01       6.6223e-01      -2.3084e-01       7.5498e-02       1.1768e-01
 3.5000e+00       2.1000e+00       9.9623e-01       1.1988e-01       6.6241e-01      -2.3499e-01       7.6487e-02       1.1623e-01
 3.5000e+00       2.1000e+00       1.0062e+00       1.2090e-01       6.6264e-01      -2.3912e-01       7.7427e-02       1.1476e-01
 3.5000e+00       2.1000e+00       1.0162e+00       1.2199e-01       6.6291e-01      -2.4323e-01       7.8319e-02       1.1329e-01
 3.5000e+00       2.1000e+00       1.0262e+00       1.2315e-01       6.6322e-01      -2.4730e-01       7.9163e-02       1.1182e-01
 3.5000e+00       2.1000e+00       1.0362e+00       1.2438e-01       6.6358e-01      -2.5135e-01       7.9959e-02       1.1034e-01
 3.5000e+00       2.1000e+00       1.0462e+00       1.2568e-01       6.6398e-01      -2.5536e-01       8.0707e-02       1.0886e-01
 3.5000e+00       2.1000e+00       1.0562e+00       1.2705e-01       6.6442e-01      -2.5935e-01       8.1408e-02       1.0738e-01
 3.5000e+00       2.1000e+00       1.0662e+00       1.2848e-01       6.6489e-01      -2.6331e-01       8.2061e-02       1.0590e-01
 3.5000e+00       2.1000e+00       1.0762e+00       1.2996e-01       6.6540e-01      -2.6724e-01       8.2668e-02       1.0441e-01
 3.5000e+00       2.1000e+00       1.0862e+00       1.3150e-01       6.6593e-01      -2.7114e-01       8.3227e-02       1.0292e-01
 3.5000e+00       2.1000e+00       1.0962e+00       1.3310e-01       6.6650e-01      -2.7501e-01       8.3741e-02       1.0144e-01
 3.5000e+00       2.1000e+00       1.1062e+00       1.3475e-01       6.6710e-01      -2.7884e-01       8.4208e-02       9.9954e-02
 3.5000e+00       2.1000e+00       1.1162e+00       1.3645e-01       6.6772e-01      -2.8265e-01       8.4630e-02       9.8470e-02
 3.5000e+00       2.1000e+00       1.1262e+00       1.3820e-01       6.6837e-01      -2.8642e-01       8.5007e-02       9.6987e-02
 3.5000e+00       2.1000e+00       1.1362e+00       1.3999e-01       6.6904e-01      -2.9016e-01       8.5340e-02       9.5507e-02
 3.5000e+00       2.1000e+00       1.1462e+00       1.4183e-01       6.6974e-01      -2.9387e-01       8.5628e-02       9.4030e-02
 3.5000e+00       2.1000e+00       1.1562e+00       1.4370e-01       6.7045e-01      -2.9755e-01       8.5873e-02       9.2555e-02
 3.5000e+00       2.1000e+00       1.1662e+00       1.4562e-01       6.7118e-01      -3.0119e-01       8.6076e-02       9.1085e-02
 3.5000e+00       2.1000e+00       1.1762e+00       1.4758e-01       6.7193e-01      -3.0480e-01       8.6235e-02       8.9618e-02
 3.5000e+00       2.1000e+00       1.1862e+00       1.4957e-01       6.7269e-01      -3.0837e-01       8.6353e-02       8.8155e-02
 3.5000e+00       2.1000e+00       1.1962e+00       1.5159e-01       6.7346e-01      -3.1191e-01       8.6430e-02       8.6697e-02
 3.5000e+00       2.1000e+00       1.2062e+00       1.5365e-01       6.7425e-01      -3.1542e-01       8.6466e-02       8.5245e-02
 3.5000e+00       2.1000e+00       1.2162e+00       1.5574e-01       6.7505e-01      -3.1889e-01       8.6462e-02       8.3797e-02
 3.5000e+00       2.1000e+00       1.2262e+00       1.5785e-01       6.7586e-01      -3.2233e-01       8.6418e-02       8.2355e-02
 3.5000e+00       2.1000e+00       1.2362e+00       1.6000e-01       6.7668e-01      -3.2573e-01       8.6336e-02       8.0919e-02
 3.5000e+00       2.1000e+00       1.2462e+00       1.6217e-01       6.7750e-01      -3.2910e-01       8.6216e-02       7.9490e-02
 3.5000e+00       2.1000e+00       1.2562e+00       1.6437e-01       6.7833e-01      -3.3243e-01       8.6058e-02       7.8067e-02
 3.5000e+00       2.1000e+00       1.2662e+00       1.6659e-01       6.7916e-01      -3.3573e-01       8.5863e-02       7.6650e-02
 3.5000e+00       2.1000e+00       1.2762e+00       1.6883e-01       6.8000e-01      -3.3899e-01       8.5632e-02       7.5241e-02
 3.5000e+00       2.1000e+00       1.2862e+00       1.7109e-01       6.8084e-01      -3.4222e-01       8.5366e-02       7.3839e-02
 3.5000e+00       2.1000e+00       1.2962e+00       1.7337e-01       6.8168e-01      -3.4540e-01       8.5065e-02       7.2444e-02
 3.5000e+00       2.1000e+00       1.3062e+00       1.7567e-01       6.8252e-01      -3.4856e-01       8.4730e-02       7.1057e-02
 3.5000e+00       2.1000e+00       1.3162e+00       1.7799e-01       6.8336e-01      -3.5167e-01       8.4362e-02       6.9678e-02
 3.5000e+00       2.1000e+00       1.3262e+00       1.8032e-01       6.8419e-01      -3.5475e-01       8.3961e-02       6.8307e-02
 3.5000e+00       2.1000e+00       1.3362e+00       1.8266e-01       6.8502e-01      -3.5780e-01       8.3528e-02       6.6944e-02
 3.5000e+00       2.1000e+00       1.3462e+00       1.8502e-01       6.8585e-01      -3.6080e-01       8.3063e-02       6.5590e-02
 3.5000e+00       2.1000e+00       1.3562e+00       1.8740e-01       6.8667e-01      -3.6377e-01       8.2569e-02       6.4244e-02
 3.5000e+00       2.1000e+00       1.3662e+00       1.8978e-01       6.8749e-01      -3.6671e-01       8.2044e-02       6.2907e-02
 3.5000e+00       2.1000e+00       1.3762e+00       1.9217e-01       6.8830e-01      -3.6960e-01       8.1490e-02       6.1579e-02
 3.5000e+00       2.1000e+00       1.3862e+00       1.9457e-01       6.8910e-01      -3.7246e-01       8.0908e-02       6.0259e-02
 3.5000e+00       2.1000e+00       1.3962e+00       1.9698e-01       6.8989e-01      -3.7528e-01       8.0298e-02       5.8949e-02
 3.5000e+00       2.1000e+00       1.4062e+00       1.9940e-01       6.9067e-01      -3.7807e-01       7.9661e-02       5.7649e-02
 3.5000e+00       2.1000e+00       1.4162e+00       2.0182e-01       6.9144e-01      -3.8081e-01       7.8998e-02       5.6357e-02
 3.5000e+00       2.1000e+00       1.4262e+00       2.0425e-01       6.9219e-01      -3.8352e-01       7.8309e-02       5.5075e-02
 3.5000e+00       2.1000e+00       1.4362e+00       2.0669e-01       6.9294e-01      -3.8619e-01       7.7595e-02       5.3803e-02
 3.5000e+00       2.1000e+00       1.4462e+00       2.0912e-01       6.9367e-01      -3.8883e-01       7.6858e-02       5.2540e-02
 3.5000e+00       2.1000e+00       1.4562e+00       2.1156e-01       6.9439e-01      -3.9142e-01       7.6096e-02       5.1287e-02
 3.5000e+00       2.1000e+00       1.4662e+00       2.1400e-01       6.9509e-01      -3.9398e-01       7.5313e-02       5.0044e-02
 3.5000e+00       2.1000e+00       1.4762e+00       2.1645e-01       6.9578e-01      -3.9650e-01       7.4507e-02       4.8811e-02
 3.5000e+00       2.1000e+00       1.4862e+00       2.1889e-01       6.9645e-01      -3.9899e-01       7.3679e-02       4.7588e-02
 3.5000e+00       2.1000e+00       1.4962e+00       2.2133e-01       6.9711e-01      -4.0143e-01       7.2832e-02       4.6376e-02
