 7.0000e+00       2.8900e+00       3.7278e-01       4.3500e-02       5.0707e-02       0.0000e+00       0.0000e+00
 7.0000e+00       2.8900e+00       3.8278e-01       4.0994e-02       4.9769e-02       2.5173e-03      -9.9792e-05
 7.0000e+00       2.8900e+00       3.9278e-01       3.8656e-02       4.8878e-02       3.3305e-03      -1.7013e-04
 7.0000e+00       2.8900e+00       4.0278e-01       3.6472e-02       4.8032e-02       3.8122e-03      -2.1398e-04
 7.0000e+00       2.8900e+00       4.1278e-01       3.4431e-02       4.7229e-02       4.1091e-03      -2.3406e-04
 7.0000e+00       2.8900e+00       4.2278e-01       3.2522e-02       4.6465e-02       4.2827e-03      -2.3283e-04
 7.0000e+00       2.8900e+00       4.3278e-01       3.0735e-02       4.5739e-02       4.3666e-03      -2.1253e-04
 7.0000e+00       2.8900e+00       4.4278e-01       2.9062e-02       4.5049e-02       4.3819e-03      -1.7524e-04
 7.0000e+00       2.8900e+00       4.5278e-01       2.7494e-02       4.4393e-02       4.3433e-03      -1.2282e-04
 7.0000e+00       2.8900e+00       4.6278e-01       2.6024e-02       4.3770e-02       4.2612e-03      -5.7003e-05
 7.0000e+00       2.8900e+00       4.7278e-01       2.4646e-02       4.3178e-02       4.1436e-03       2.0644e-05
 7.0000e+00       2.8900e+00       4.8278e-01       2.3352e-02       4.2615e-02       3.9968e-03       1.0867e-04
 7.0000e+00       2.8900e+00       4.9278e-01       2.2137e-02       4.2081e-02       3.8256e-03       2.0577e-04
 7.0000e+00       2.8900e+00       5.0278e-01       2.0997e-02       4.1573e-02       3.6341e-03       3.1070e-04
 7.0000e+00       2.8900e+00       5.1278e-01       1.9925e-02       4.1091e-02       3.4256e-03       4.2238e-04
 7.0000e+00       2.8900e+00       5.2278e-01       1.8919e-02       4.0633e-02       3.2027e-03       5.3977e-04
 7.0000e+00       2.8900e+00       5.3278e-01       1.7973e-02       4.0198e-02       2.9679e-03       6.6193e-04
 7.0000e+00       2.8900e+00       5.4278e-01       1.7083e-02       3.9786e-02       2.7231e-03       7.8802e-04
 7.0000e+00       2.8900e+00       5.5278e-01       1.6247e-02       3.9395e-02       2.4700e-03       9.1725e-04
 7.0000e+00       2.8900e+00       5.6278e-01       1.5461e-02       3.9024e-02       2.2099e-03       1.0489e-03
 7.0000e+00       2.8900e+00       5.7278e-01       1.4721e-02       3.8673e-02       1.9443e-03       1.1823e-03
 7.0000e+00       2.8900e+00       5.8278e-01       1.4026e-02       3.8340e-02       1.6741e-03       1.3168e-03
 7.0000e+00       2.8900e+00       5.9278e-01       1.3371e-02       3.8025e-02       1.4003e-03       1.4520e-03
 7.0000e+00       2.8900e+00       6.0278e-01       1.2756e-02       3.7727e-02       1.1238e-03       1.5872e-03
 7.0000e+00       2.8900e+00       6.1278e-01       1.2178e-02       3.7445e-02       8.4526e-04       1.7221e-03
 7.0000e+00       2.8900e+00       6.2278e-01       1.1633e-02       3.7179e-02       5.6536e-04       1.8562e-03
 7.0000e+00       2.8900e+00       6.3278e-01       1.1122e-02       3.6927e-02       2.8469e-04       1.9891e-03
 7.0000e+00       2.8900e+00       6.4278e-01       1.0641e-02       3.6690e-02       3.7410e-06       2.1206e-03
 7.0000e+00       2.8900e+00       6.5278e-01       1.0189e-02       3.6466e-02      -2.7703e-04       2.2502e-03
 7.0000e+00       2.8900e+00       6.6278e-01       9.7637e-03       3.6255e-02      -5.5723e-04       2.3777e-03
 7.0000e+00       2.8900e+00       6.7278e-01       9.3645e-03       3.6056e-02      -8.3648e-04       2.5028e-03
 7.0000e+00       2.8900e+00       6.8278e-01       8.9896e-03       3.5869e-02      -1.1145e-03       2.6254e-03
 7.0000e+00       2.8900e+00       6.9278e-01       8.6376e-03       3.5693e-02      -1.3909e-03       2.7451e-03
 7.0000e+00       2.8900e+00       7.0278e-01       8.3072e-03       3.5528e-02      -1.6656e-03       2.8619e-03
 7.0000e+00       2.8900e+00       7.1278e-01       7.9974e-03       3.5374e-02      -1.9382e-03       2.9756e-03
 7.0000e+00       2.8900e+00       7.2278e-01       7.7069e-03       3.5229e-02      -2.2086e-03       3.0860e-03
 7.0000e+00       2.8900e+00       7.3278e-01       7.4347e-03       3.5093e-02      -2.4766e-03       3.1930e-03
 7.0000e+00       2.8900e+00       7.4278e-01       7.1799e-03       3.4966e-02      -2.7419e-03       3.2965e-03
 7.0000e+00       2.8900e+00       7.5278e-01       6.9414e-03       3.4848e-02      -3.0046e-03       3.3964e-03
 7.0000e+00       2.8900e+00       7.6278e-01       6.7184e-03       3.4738e-02      -3.2644e-03       3.4926e-03
 7.0000e+00       2.8900e+00       7.7278e-01       6.5102e-03       3.4635e-02      -3.5213e-03       3.5851e-03
 7.0000e+00       2.8900e+00       7.8278e-01       6.3158e-03       3.4540e-02      -3.7750e-03       3.6738e-03
 7.0000e+00       2.8900e+00       7.9278e-01       6.1345e-03       3.4451e-02      -4.0256e-03       3.7586e-03
 7.0000e+00       2.8900e+00       8.0278e-01       5.9658e-03       3.4370e-02      -4.2730e-03       3.8396e-03
 7.0000e+00       2.8900e+00       8.1278e-01       5.8088e-03       3.4294e-02      -4.5171e-03       3.9167e-03
 7.0000e+00       2.8900e+00       8.2278e-01       5.6630e-03       3.4224e-02      -4.7577e-03       3.9900e-03
 7.0000e+00       2.8900e+00       8.3278e-01       5.5277e-03       3.4160e-02      -4.9950e-03       4.0593e-03
 7.0000e+00       2.8900e+00       8.4278e-01       5.4025e-03       3.4101e-02      -5.2288e-03       4.1247e-03
 7.0000e+00       2.8900e+00       8.5278e-01       5.2868e-03       3.4048e-02      -5.4590e-03       4.1863e-03
 7.0000e+00       2.8900e+00       8.6278e-01       5.1801e-03       3.3999e-02      -5.6858e-03       4.2440e-03
 7.0000e+00       2.8900e+00       8.7278e-01       5.0819e-03       3.3954e-02      -5.9089e-03       4.2979e-03
 7.0000e+00       2.8900e+00       8.8278e-01       4.9918e-03       3.3914e-02      -6.1285e-03       4.3479e-03
 7.0000e+00       2.8900e+00       8.9278e-01       4.9093e-03       3.3877e-02      -6.3444e-03       4.3942e-03
 7.0000e+00       2.8900e+00       9.0278e-01       4.8340e-03       3.3844e-02      -6.5567e-03       4.4368e-03
 7.0000e+00       2.8900e+00       9.1278e-01       4.7656e-03       3.3815e-02      -6.7654e-03       4.4757e-03
 7.0000e+00       2.8900e+00       9.2278e-01       4.7036e-03       3.3789e-02      -6.9704e-03       4.5109e-03
 7.0000e+00       2.8900e+00       9.3278e-01       4.6478e-03       3.3766e-02      -7.1718e-03       4.5426e-03
 7.0000e+00       2.8900e+00       9.4278e-01       4.5978e-03       3.3746e-02      -7.3696e-03       4.5707e-03
 7.0000e+00       2.8900e+00       9.5278e-01       4.5533e-03       3.3729e-02      -7.5637e-03       4.5954e-03
 7.0000e+00       2.8900e+00       9.6278e-01       4.5139e-03       3.3714e-02      -7.7542e-03       4.6166e-03
 7.0000e+00       2.8900e+00       9.7278e-01       4.4795e-03       3.3701e-02      -7.9410e-03       4.6345e-03
 7.0000e+00       2.8900e+00       9.8278e-01       4.4497e-03       3.3690e-02      -8.1243e-03       4.6491e-03
 7.0000e+00       2.8900e+00       9.9278e-01       4.4243e-03       3.3681e-02      -8.3040e-03       4.6605e-03
 7.0000e+00       2.8900e+00       1.0028e+00       4.4030e-03       3.3674e-02      -8.4800e-03       4.6687e-03
 7.0000e+00       2.8900e+00       1.0128e+00       4.3856e-03       3.3669e-02      -8.6526e-03       4.6739e-03
 7.0000e+00       2.8900e+00       1.0228e+00       4.3719e-03       3.3665e-02      -8.8215e-03       4.6760e-03
 7.0000e+00       2.8900e+00       1.0328e+00       4.3617e-03       3.3662e-02      -8.9870e-03       4.6752e-03
 7.0000e+00       2.8900e+00       1.0428e+00       4.3547e-03       3.3661e-02      -9.1489e-03       4.6715e-03
 7.0000e+00       2.8900e+00       1.0528e+00       4.3508e-03       3.3660e-02      -9.3074e-03       4.6650e-03
 7.0000e+00       2.8900e+00       1.0628e+00       4.3499e-03       3.3660e-02      -9.4624e-03       4.6558e-03
 7.0000e+00       2.8900e+00       1.0728e+00       4.3516e-03       3.3661e-02      -9.6140e-03       4.6439e-03
 7.0000e+00       2.8900e+00       1.0828e+00       4.3559e-03       3.3663e-02      -9.7622e-03       4.6295e-03
 7.0000e+00       2.8900e+00       1.0928e+00       4.3626e-03       3.3665e-02      -9.9071e-03       4.6125e-03
 7.0000e+00       2.8900e+00       1.1028e+00       4.3715e-03       3.3668e-02      -1.0049e-02       4.5932e-03
 7.0000e+00       2.8900e+00       1.1128e+00       4.3825e-03       3.3671e-02      -1.0187e-02       4.5714e-03
 7.0000e+00       2.8900e+00       1.1228e+00       4.3955e-03       3.3674e-02      -1.0322e-02       4.5474e-03
 7.0000e+00       2.8900e+00       1.1328e+00       4.4104e-03       3.3677e-02      -1.0453e-02       4.5212e-03
 7.0000e+00       2.8900e+00       1.1428e+00       4.4269e-03       3.3680e-02      -1.0582e-02       4.4929e-03
 7.0000e+00       2.8900e+00       1.1528e+00       4.4451e-03       3.3684e-02      -1.0707e-02       4.4625e-03
 7.0000e+00       2.8900e+00       1.1628e+00       4.4647e-03       3.3687e-02      -1.0829e-02       4.4301e-03
 7.0000e+00       2.8900e+00       1.1728e+00       4.4857e-03       3.3689e-02      -1.0948e-02       4.3958e-03
 7.0000e+00       2.8900e+00       1.1828e+00       4.5079e-03       3.3692e-02      -1.1064e-02       4.3596e-03
 7.0000e+00       2.8900e+00       1.1928e+00       4.5314e-03       3.3694e-02      -1.1177e-02       4.3217e-03
 7.0000e+00       2.8900e+00       1.2028e+00       4.5559e-03       3.3696e-02      -1.1286e-02       4.2820e-03
 7.0000e+00       2.8900e+00       1.2128e+00       4.5814e-03       3.3697e-02      -1.1393e-02       4.2407e-03
 7.0000e+00       2.8900e+00       1.2228e+00       4.6078e-03       3.3697e-02      -1.1497e-02       4.1979e-03
 7.0000e+00       2.8900e+00       1.2328e+00       4.6350e-03       3.3697e-02      -1.1598e-02       4.1536e-03
 7.0000e+00       2.8900e+00       1.2428e+00       4.6630e-03       3.3696e-02      -1.1696e-02       4.1078e-03
 7.0000e+00       2.8900e+00       1.2528e+00       4.6916e-03       3.3694e-02      -1.1791e-02       4.0606e-03
 7.0000e+00       2.8900e+00       1.2628e+00       4.7208e-03       3.3692e-02      -1.1883e-02       4.0122e-03
 7.0000e+00       2.8900e+00       1.2728e+00       4.7506e-03       3.3688e-02      -1.1973e-02       3.9625e-03
 7.0000e+00       2.8900e+00       1.2828e+00       4.7809e-03       3.3684e-02      -1.2060e-02       3.9116e-03
 7.0000e+00       2.8900e+00       1.2928e+00       4.8115e-03       3.3679e-02      -1.2144e-02       3.8597e-03
 7.0000e+00       2.8900e+00       1.3028e+00       4.8425e-03       3.3672e-02      -1.2225e-02       3.8066e-03
 7.0000e+00       2.8900e+00       1.3128e+00       4.8738e-03       3.3665e-02      -1.2304e-02       3.7526e-03
 7.0000e+00       2.8900e+00       1.3228e+00       4.9054e-03       3.3657e-02      -1.2381e-02       3.6976e-03
 7.0000e+00       2.8900e+00       1.3328e+00       4.9371e-03       3.3647e-02      -1.2454e-02       3.6418e-03
 7.0000e+00       2.8900e+00       1.3428e+00       4.9690e-03       3.3636e-02      -1.2525e-02       3.5851e-03
 7.0000e+00       2.8900e+00       1.3528e+00       5.0010e-03       3.3624e-02      -1.2594e-02       3.5277e-03
 7.0000e+00       2.8900e+00       1.3628e+00       5.0330e-03       3.3611e-02      -1.2660e-02       3.4695e-03
 7.0000e+00       2.8900e+00       1.3728e+00       5.0651e-03       3.3597e-02      -1.2724e-02       3.4107e-03
 7.0000e+00       2.8900e+00       1.3828e+00       5.0971e-03       3.3581e-02      -1.2785e-02       3.3513e-03
 7.0000e+00       2.8900e+00       1.3928e+00       5.1291e-03       3.3564e-02      -1.2844e-02       3.2913e-03
 7.0000e+00       2.8900e+00       1.4028e+00       5.1610e-03       3.3546e-02      -1.2901e-02       3.2309e-03
 7.0000e+00       2.8900e+00       1.4128e+00       5.1928e-03       3.3527e-02      -1.2955e-02       3.1699e-03
 7.0000e+00       2.8900e+00       1.4228e+00       5.2244e-03       3.3506e-02      -1.3008e-02       3.1086e-03
 7.0000e+00       2.8900e+00       1.4328e+00       5.2558e-03       3.3483e-02      -1.3058e-02       3.0469e-03
 7.0000e+00       2.8900e+00       1.4428e+00       5.2871e-03       3.3460e-02      -1.3105e-02       2.9848e-03
 7.0000e+00       2.8900e+00       1.4528e+00       5.3180e-03       3.3435e-02      -1.3151e-02       2.9225e-03
 7.0000e+00       2.8900e+00       1.4628e+00       5.3487e-03       3.3408e-02      -1.3195e-02       2.8600e-03
 7.0000e+00       2.8900e+00       1.4728e+00       5.3792e-03       3.3380e-02      -1.3236e-02       2.7973e-03
 7.0000e+00       2.8900e+00       1.4828e+00       5.4093e-03       3.3351e-02      -1.3276e-02       2.7344e-03
 7.0000e+00       2.8900e+00       1.4928e+00       5.4391e-03       3.3320e-02      -1.3313e-02       2.6714e-03
 7.0000e+00       2.8900e+00       1.5028e+00       5.4685e-03       3.3288e-02      -1.3348e-02       2.6083e-03
 7.0000e+00       2.8900e+00       1.5128e+00       5.4975e-03       3.3254e-02      -1.3382e-02       2.5453e-03
 7.0000e+00       2.8900e+00       1.5228e+00       5.5262e-03       3.3219e-02      -1.3413e-02       2.4822e-03
 7.0000e+00       2.8900e+00       1.5328e+00       5.5545e-03       3.3183e-02      -1.3443e-02       2.4191e-03
 7.0000e+00       2.8900e+00       1.5428e+00       5.5823e-03       3.3145e-02      -1.3471e-02       2.3561e-03
 7.0000e+00       2.8900e+00       1.5528e+00       5.6097e-03       3.3105e-02      -1.3497e-02       2.2933e-03
 7.0000e+00       2.8900e+00       1.5628e+00       5.6367e-03       3.3064e-02      -1.3521e-02       2.2306e-03
 7.0000e+00       2.8900e+00       1.5728e+00       5.6632e-03       3.3022e-02      -1.3544e-02       2.1680e-03
 7.0000e+00       2.8900e+00       1.5828e+00       5.6893e-03       3.2978e-02      -1.3565e-02       2.1057e-03
 7.0000e+00       2.8900e+00       1.5928e+00       5.7148e-03       3.2933e-02      -1.3584e-02       2.0436e-03
 7.0000e+00       2.8900e+00       1.6028e+00       5.7399e-03       3.2886e-02      -1.3601e-02       1.9817e-03
 7.0000e+00       2.8900e+00       1.6128e+00       5.7644e-03       3.2838e-02      -1.3617e-02       1.9201e-03
 7.0000e+00       2.8900e+00       1.6228e+00       5.7885e-03       3.2788e-02      -1.3631e-02       1.8589e-03
 7.0000e+00       2.8900e+00       1.6328e+00       5.8121e-03       3.2737e-02      -1.3644e-02       1.7980e-03
 7.0000e+00       2.8900e+00       1.6428e+00       5.8351e-03       3.2684e-02      -1.3655e-02       1.7374e-03
