 7.0000e+00       3.2800e+00       2.4809e-01       4.9898e-02       3.6019e-02       0.0000e+00       0.0000e+00       0.0000e+00
 7.0000e+00       3.2800e+00       2.5809e-01       4.6297e-02       3.5061e-02       3.3505e-03      -2.6999e-04       2.8079e-03
 7.0000e+00       3.2800e+00       2.6809e-01       4.3005e-02       3.4156e-02       4.4221e-03      -4.9307e-04       3.8698e-03
 7.0000e+00       3.2800e+00       2.7809e-01       3.9991e-02       3.3300e-02       5.0576e-03      -6.7468e-04       4.6189e-03
 7.0000e+00       3.2800e+00       2.8809e-01       3.7226e-02       3.2487e-02       5.4560e-03      -8.1960e-04       5.1979e-03
 7.0000e+00       3.2800e+00       2.9809e-01       3.4686e-02       3.1716e-02       5.7008e-03      -9.3203e-04       5.6638e-03
 7.0000e+00       3.2800e+00       3.0809e-01       3.2349e-02       3.0982e-02       5.8375e-03      -1.0157e-03       6.0469e-03
 7.0000e+00       3.2800e+00       3.1809e-01       3.0196e-02       3.0284e-02       5.8943e-03      -1.0739e-03       6.3657e-03
 7.0000e+00       3.2800e+00       3.2809e-01       2.8209e-02       2.9619e-02       5.8904e-03      -1.1096e-03       6.6327e-03
 7.0000e+00       3.2800e+00       3.3809e-01       2.6373e-02       2.8985e-02       5.8394e-03      -1.1253e-03       6.8568e-03
 7.0000e+00       3.2800e+00       3.4809e-01       2.4676e-02       2.8380e-02       5.7515e-03      -1.1234e-03       7.0447e-03
 7.0000e+00       3.2800e+00       3.5809e-01       2.3105e-02       2.7803e-02       5.6343e-03      -1.1061e-03       7.2015e-03
 7.0000e+00       3.2800e+00       3.6809e-01       2.1649e-02       2.7251e-02       5.4938e-03      -1.0751e-03       7.3314e-03
 7.0000e+00       3.2800e+00       3.7809e-01       2.0299e-02       2.6723e-02       5.3346e-03      -1.0322e-03       7.4378e-03
 7.0000e+00       3.2800e+00       3.8809e-01       1.9046e-02       2.6218e-02       5.1606e-03      -9.7893e-04       7.5235e-03
 7.0000e+00       3.2800e+00       3.9809e-01       1.7882e-02       2.5735e-02       4.9749e-03      -9.1660e-04       7.5908e-03
 7.0000e+00       3.2800e+00       4.0809e-01       1.6799e-02       2.5273e-02       4.7799e-03      -8.4648e-04       7.6417e-03
 7.0000e+00       3.2800e+00       4.1809e-01       1.5792e-02       2.4830e-02       4.5777e-03      -7.6967e-04       7.6779e-03
 7.0000e+00       3.2800e+00       4.2809e-01       1.4855e-02       2.4406e-02       4.3701e-03      -6.8720e-04       7.7010e-03
 7.0000e+00       3.2800e+00       4.3809e-01       1.3982e-02       2.3999e-02       4.1584e-03      -5.9997e-04       7.7123e-03
 7.0000e+00       3.2800e+00       4.4809e-01       1.3169e-02       2.3610e-02       3.9439e-03      -5.0881e-04       7.7130e-03
 7.0000e+00       3.2800e+00       4.5809e-01       1.2410e-02       2.3237e-02       3.7275e-03      -4.1446e-04       7.7040e-03
 7.0000e+00       3.2800e+00       4.6809e-01       1.1703e-02       2.2878e-02       3.5102e-03      -3.1761e-04       7.6863e-03
 7.0000e+00       3.2800e+00       4.7809e-01       1.1042e-02       2.2535e-02       3.2927e-03      -2.1885e-04       7.6607e-03
 7.0000e+00       3.2800e+00       4.8809e-01       1.0426e-02       2.2206e-02       3.0756e-03      -1.1874e-04       7.6280e-03
 7.0000e+00       3.2800e+00       4.9809e-01       9.8507e-03       2.1890e-02       2.8593e-03      -1.7778e-05       7.5888e-03
 7.0000e+00       3.2800e+00       5.0809e-01       9.3132e-03       2.1586e-02       2.6444e-03       8.3593e-05       7.5438e-03
 7.0000e+00       3.2800e+00       5.1809e-01       8.8110e-03       2.1295e-02       2.4312e-03       1.8497e-04       7.4935e-03
 7.0000e+00       3.2800e+00       5.2809e-01       8.3417e-03       2.1016e-02       2.2200e-03       2.8598e-04       7.4383e-03
 7.0000e+00       3.2800e+00       5.3809e-01       7.9031e-03       2.0748e-02       2.0111e-03       3.8632e-04       7.3789e-03
 7.0000e+00       3.2800e+00       5.4809e-01       7.4930e-03       2.0491e-02       1.8048e-03       4.8568e-04       7.3155e-03
 7.0000e+00       3.2800e+00       5.5809e-01       7.1097e-03       2.0243e-02       1.6012e-03       5.8380e-04       7.2485e-03
 7.0000e+00       3.2800e+00       5.6809e-01       6.7512e-03       2.0006e-02       1.4005e-03       6.8046e-04       7.1784e-03
 7.0000e+00       3.2800e+00       5.7809e-01       6.4161e-03       1.9778e-02       1.2028e-03       7.7545e-04       7.1054e-03
 7.0000e+00       3.2800e+00       5.8809e-01       6.1028e-03       1.9559e-02       1.0082e-03       8.6858e-04       7.0299e-03
 7.0000e+00       3.2800e+00       5.9809e-01       5.8098e-03       1.9349e-02       8.1692e-04       9.5970e-04       6.9521e-03
 7.0000e+00       3.2800e+00       6.0809e-01       5.5358e-03       1.9147e-02       6.2890e-04       1.0487e-03       6.8722e-03
 7.0000e+00       3.2800e+00       6.1809e-01       5.2798e-03       1.8953e-02       4.4425e-04       1.1354e-03       6.7906e-03
 7.0000e+00       3.2800e+00       6.2809e-01       5.0404e-03       1.8766e-02       2.6300e-04       1.2197e-03       6.7074e-03
 7.0000e+00       3.2800e+00       6.3809e-01       4.8167e-03       1.8587e-02       8.5185e-05       1.3015e-03       6.6228e-03
 7.0000e+00       3.2800e+00       6.4809e-01       4.6077e-03       1.8414e-02      -8.9164e-05       1.3808e-03       6.5370e-03
 7.0000e+00       3.2800e+00       6.5809e-01       4.4125e-03       1.8248e-02      -2.6003e-04       1.4576e-03       6.4502e-03
 7.0000e+00       3.2800e+00       6.6809e-01       4.2301e-03       1.8089e-02      -4.2742e-04       1.5316e-03       6.3626e-03
 7.0000e+00       3.2800e+00       6.7809e-01       4.0599e-03       1.7936e-02      -5.9133e-04       1.6030e-03       6.2742e-03
 7.0000e+00       3.2800e+00       6.8809e-01       3.9011e-03       1.7788e-02      -7.5176e-04       1.6716e-03       6.1853e-03
 7.0000e+00       3.2800e+00       6.9809e-01       3.7530e-03       1.7646e-02      -9.0873e-04       1.7375e-03       6.0959e-03
 7.0000e+00       3.2800e+00       7.0809e-01       3.6149e-03       1.7509e-02      -1.0623e-03       1.8006e-03       6.0062e-03
 7.0000e+00       3.2800e+00       7.1809e-01       3.4862e-03       1.7378e-02      -1.2124e-03       1.8610e-03       5.9163e-03
 7.0000e+00       3.2800e+00       7.2809e-01       3.3663e-03       1.7251e-02      -1.3590e-03       1.9186e-03       5.8263e-03
 7.0000e+00       3.2800e+00       7.3809e-01       3.2548e-03       1.7129e-02      -1.5024e-03       1.9735e-03       5.7363e-03
 7.0000e+00       3.2800e+00       7.4809e-01       3.1511e-03       1.7011e-02      -1.6424e-03       2.0257e-03       5.6463e-03
 7.0000e+00       3.2800e+00       7.5809e-01       3.0547e-03       1.6898e-02      -1.7790e-03       2.0751e-03       5.5564e-03
 7.0000e+00       3.2800e+00       7.6809e-01       2.9652e-03       1.6789e-02      -1.9124e-03       2.1218e-03       5.4668e-03
 7.0000e+00       3.2800e+00       7.7809e-01       2.8822e-03       1.6683e-02      -2.0426e-03       2.1659e-03       5.3775e-03
 7.0000e+00       3.2800e+00       7.8809e-01       2.8053e-03       1.6581e-02      -2.1696e-03       2.2073e-03       5.2885e-03
 7.0000e+00       3.2800e+00       7.9809e-01       2.7342e-03       1.6483e-02      -2.2934e-03       2.2462e-03       5.2000e-03
 7.0000e+00       3.2800e+00       8.0809e-01       2.6684e-03       1.6388e-02      -2.4141e-03       2.2825e-03       5.1119e-03
 7.0000e+00       3.2800e+00       8.1809e-01       2.6077e-03       1.6297e-02      -2.5317e-03       2.3163e-03       5.0243e-03
 7.0000e+00       3.2800e+00       8.2809e-01       2.5517e-03       1.6208e-02      -2.6462e-03       2.3476e-03       4.9373e-03
 7.0000e+00       3.2800e+00       8.3809e-01       2.5002e-03       1.6122e-02      -2.7578e-03       2.3764e-03       4.8509e-03
 7.0000e+00       3.2800e+00       8.4809e-01       2.4528e-03       1.6039e-02      -2.8665e-03       2.4029e-03       4.7652e-03
 7.0000e+00       3.2800e+00       8.5809e-01       2.4095e-03       1.5959e-02      -2.9722e-03       2.4271e-03       4.6801e-03
 7.0000e+00       3.2800e+00       8.6809e-01       2.3698e-03       1.5881e-02      -3.0751e-03       2.4490e-03       4.5958e-03
 7.0000e+00       3.2800e+00       8.7809e-01       2.3336e-03       1.5806e-02      -3.1751e-03       2.4687e-03       4.5122e-03
 7.0000e+00       3.2800e+00       8.8809e-01       2.3007e-03       1.5732e-02      -3.2724e-03       2.4861e-03       4.4294e-03
 7.0000e+00       3.2800e+00       8.9809e-01       2.2708e-03       1.5661e-02      -3.3670e-03       2.5015e-03       4.3474e-03
 7.0000e+00       3.2800e+00       9.0809e-01       2.2438e-03       1.5592e-02      -3.4589e-03       2.5148e-03       4.2662e-03
 7.0000e+00       3.2800e+00       9.1809e-01       2.2195e-03       1.5525e-02      -3.5481e-03       2.5260e-03       4.1858e-03
 7.0000e+00       3.2800e+00       9.2809e-01       2.1977e-03       1.5460e-02      -3.6347e-03       2.5354e-03       4.1063e-03
 7.0000e+00       3.2800e+00       9.3809e-01       2.1782e-03       1.5396e-02      -3.7188e-03       2.5428e-03       4.0277e-03
 7.0000e+00       3.2800e+00       9.4809e-01       2.1610e-03       1.5334e-02      -3.8004e-03       2.5483e-03       3.9499e-03
 7.0000e+00       3.2800e+00       9.5809e-01       2.1459e-03       1.5273e-02      -3.8796e-03       2.5521e-03       3.8731e-03
 7.0000e+00       3.2800e+00       9.6809e-01       2.1327e-03       1.5214e-02      -3.9563e-03       2.5541e-03       3.7972e-03
 7.0000e+00       3.2800e+00       9.7809e-01       2.1213e-03       1.5157e-02      -4.0306e-03       2.5544e-03       3.7222e-03
 7.0000e+00       3.2800e+00       9.8809e-01       2.1116e-03       1.5100e-02      -4.1026e-03       2.5531e-03       3.6482e-03
 7.0000e+00       3.2800e+00       9.9809e-01       2.1035e-03       1.5045e-02      -4.1724e-03       2.5502e-03       3.5751e-03
 7.0000e+00       3.2800e+00       1.0081e+00       2.0968e-03       1.4991e-02      -4.2398e-03       2.5458e-03       3.5029e-03
 7.0000e+00       3.2800e+00       1.0181e+00       2.0915e-03       1.4938e-02      -4.3051e-03       2.5399e-03       3.4317e-03
 7.0000e+00       3.2800e+00       1.0281e+00       2.0875e-03       1.4886e-02      -4.3682e-03       2.5325e-03       3.3615e-03
 7.0000e+00       3.2800e+00       1.0381e+00       2.0847e-03       1.4835e-02      -4.4292e-03       2.5239e-03       3.2922e-03
 7.0000e+00       3.2800e+00       1.0481e+00       2.0830e-03       1.4785e-02      -4.4881e-03       2.5139e-03       3.2238e-03
 7.0000e+00       3.2800e+00       1.0581e+00       2.0822e-03       1.4735e-02      -4.5449e-03       2.5026e-03       3.1565e-03
 7.0000e+00       3.2800e+00       1.0681e+00       2.0825e-03       1.4686e-02      -4.5998e-03       2.4901e-03       3.0901e-03
 7.0000e+00       3.2800e+00       1.0781e+00       2.0836e-03       1.4638e-02      -4.6527e-03       2.4764e-03       3.0246e-03
 7.0000e+00       3.2800e+00       1.0881e+00       2.0855e-03       1.4591e-02      -4.7036e-03       2.4616e-03       2.9601e-03
 7.0000e+00       3.2800e+00       1.0981e+00       2.0881e-03       1.4544e-02      -4.7527e-03       2.4458e-03       2.8966e-03
 7.0000e+00       3.2800e+00       1.1081e+00       2.0915e-03       1.4498e-02      -4.7999e-03       2.4289e-03       2.8340e-03
 7.0000e+00       3.2800e+00       1.1181e+00       2.0954e-03       1.4452e-02      -4.8453e-03       2.4110e-03       2.7724e-03
 7.0000e+00       3.2800e+00       1.1281e+00       2.0999e-03       1.4407e-02      -4.8890e-03       2.3922e-03       2.7117e-03
 7.0000e+00       3.2800e+00       1.1381e+00       2.1049e-03       1.4362e-02      -4.9309e-03       2.3725e-03       2.6520e-03
 7.0000e+00       3.2800e+00       1.1481e+00       2.1104e-03       1.4317e-02      -4.9710e-03       2.3519e-03       2.5932e-03
 7.0000e+00       3.2800e+00       1.1581e+00       2.1163e-03       1.4273e-02      -5.0096e-03       2.3306e-03       2.5353e-03
 7.0000e+00       3.2800e+00       1.1681e+00       2.1226e-03       1.4229e-02      -5.0464e-03       2.3084e-03       2.4784e-03
 7.0000e+00       3.2800e+00       1.1781e+00       2.1293e-03       1.4185e-02      -5.0817e-03       2.2856e-03       2.4224e-03
 7.0000e+00       3.2800e+00       1.1881e+00       2.1362e-03       1.4142e-02      -5.1154e-03       2.2620e-03       2.3673e-03
 7.0000e+00       3.2800e+00       1.1981e+00       2.1434e-03       1.4099e-02      -5.1476e-03       2.2378e-03       2.3131e-03
