 7.5000e+00       3.2800e+00       2.7598e-01       3.7941e-02       2.9013e-02       0.0000e+00       0.0000e+00       0.0000e+00
 7.5000e+00       3.2800e+00       2.8598e-01       3.5335e-02       2.8279e-02       2.5102e-03      -1.7150e-04       2.3805e-03
 7.5000e+00       3.2800e+00       2.9598e-01       3.2939e-02       2.7583e-02       3.3223e-03      -3.1115e-04       3.2820e-03
 7.5000e+00       3.2800e+00       3.0598e-01       3.0735e-02       2.6923e-02       3.8093e-03      -4.2249e-04       3.9187e-03
 7.5000e+00       3.2800e+00       3.1598e-01       2.8702e-02       2.6296e-02       4.1185e-03      -5.0867e-04       4.4114e-03
 7.5000e+00       3.2800e+00       3.2598e-01       2.6827e-02       2.5700e-02       4.3117e-03      -5.7250e-04       4.8085e-03
 7.5000e+00       3.2800e+00       3.3598e-01       2.5093e-02       2.5134e-02       4.4225e-03      -6.1646e-04       5.1354e-03
 7.5000e+00       3.2800e+00       3.4598e-01       2.3490e-02       2.4594e-02       4.4720e-03      -6.4281e-04       5.4079e-03
 7.5000e+00       3.2800e+00       3.5598e-01       2.2005e-02       2.4080e-02       4.4744e-03      -6.5353e-04       5.6365e-03
 7.5000e+00       3.2800e+00       3.6598e-01       2.0628e-02       2.3590e-02       4.4400e-03      -6.5043e-04       5.8288e-03
 7.5000e+00       3.2800e+00       3.7598e-01       1.9350e-02       2.3123e-02       4.3763e-03      -6.3514e-04       5.9903e-03
 7.5000e+00       3.2800e+00       3.8598e-01       1.8163e-02       2.2677e-02       4.2892e-03      -6.0911e-04       6.1255e-03
 7.5000e+00       3.2800e+00       3.9598e-01       1.7060e-02       2.2252e-02       4.1832e-03      -5.7366e-04       6.2378e-03
 7.5000e+00       3.2800e+00       4.0598e-01       1.6033e-02       2.1845e-02       4.0620e-03      -5.2999e-04       6.3301e-03
 7.5000e+00       3.2800e+00       4.1598e-01       1.5078e-02       2.1457e-02       3.9284e-03      -4.7917e-04       6.4047e-03
 7.5000e+00       3.2800e+00       4.2598e-01       1.4188e-02       2.1086e-02       3.7849e-03      -4.2217e-04       6.4637e-03
 7.5000e+00       3.2800e+00       4.3598e-01       1.3358e-02       2.0732e-02       3.6335e-03      -3.5989e-04       6.5087e-03
 7.5000e+00       3.2800e+00       4.4598e-01       1.2584e-02       2.0393e-02       3.4757e-03      -2.9313e-04       6.5412e-03
 7.5000e+00       3.2800e+00       4.5598e-01       1.1862e-02       2.0069e-02       3.3130e-03      -2.2260e-04       6.5625e-03
 7.5000e+00       3.2800e+00       4.6598e-01       1.1188e-02       1.9759e-02       3.1464e-03      -1.4898e-04       6.5736e-03
 7.5000e+00       3.2800e+00       4.7598e-01       1.0558e-02       1.9463e-02       2.9771e-03      -7.2843e-05       6.5757e-03
 7.5000e+00       3.2800e+00       4.8598e-01       9.9698e-03       1.9179e-02       2.8057e-03       5.2555e-06       6.5694e-03
 7.5000e+00       3.2800e+00       4.9598e-01       9.4198e-03       1.8908e-02       2.6331e-03       8.4830e-05       6.5557e-03
 7.5000e+00       3.2800e+00       5.0598e-01       8.9056e-03       1.8649e-02       2.4598e-03       1.6544e-04       6.5352e-03
 7.5000e+00       3.2800e+00       5.1598e-01       8.4245e-03       1.8401e-02       2.2863e-03       2.4668e-04       6.5086e-03
 7.5000e+00       3.2800e+00       5.2598e-01       7.9745e-03       1.8163e-02       2.1131e-03       3.2819e-04       6.4764e-03
 7.5000e+00       3.2800e+00       5.3598e-01       7.5533e-03       1.7936e-02       1.9406e-03       4.0965e-04       6.4391e-03
 7.5000e+00       3.2800e+00       5.4598e-01       7.1592e-03       1.7719e-02       1.7690e-03       4.9076e-04       6.3972e-03
 7.5000e+00       3.2800e+00       5.5598e-01       6.7901e-03       1.7511e-02       1.5988e-03       5.7126e-04       6.3511e-03
 7.5000e+00       3.2800e+00       5.6598e-01       6.4447e-03       1.7312e-02       1.4300e-03       6.5091e-04       6.3013e-03
 7.5000e+00       3.2800e+00       5.7598e-01       6.1212e-03       1.7122e-02       1.2630e-03       7.2951e-04       6.2481e-03
 7.5000e+00       3.2800e+00       5.8598e-01       5.8182e-03       1.6939e-02       1.0978e-03       8.0685e-04       6.1918e-03
 7.5000e+00       3.2800e+00       5.9598e-01       5.5346e-03       1.6765e-02       9.3473e-04       8.8278e-04       6.1327e-03
 7.5000e+00       3.2800e+00       6.0598e-01       5.2689e-03       1.6598e-02       7.7381e-04       9.5715e-04       6.0711e-03
 7.5000e+00       3.2800e+00       6.1598e-01       5.0202e-03       1.6438e-02       6.1519e-04       1.0298e-03       6.0072e-03
 7.5000e+00       3.2800e+00       6.2598e-01       4.7873e-03       1.6285e-02       4.5895e-04       1.1007e-03       5.9413e-03
 7.5000e+00       3.2800e+00       6.3598e-01       4.5693e-03       1.6138e-02       3.0517e-04       1.1697e-03       5.8736e-03
 7.5000e+00       3.2800e+00       6.4598e-01       4.3651e-03       1.5998e-02       1.5391e-04       1.2366e-03       5.8044e-03
 7.5000e+00       3.2800e+00       6.5598e-01       4.1741e-03       1.5864e-02       5.2388e-06       1.3015e-03       5.7337e-03
 7.5000e+00       3.2800e+00       6.6598e-01       3.9953e-03       1.5735e-02      -1.4082e-04       1.3643e-03       5.6618e-03
 7.5000e+00       3.2800e+00       6.7598e-01       3.8281e-03       1.5612e-02      -2.8422e-04       1.4249e-03       5.5888e-03
 7.5000e+00       3.2800e+00       6.8598e-01       3.6716e-03       1.5494e-02      -4.2494e-04       1.4833e-03       5.5149e-03
 7.5000e+00       3.2800e+00       6.9598e-01       3.5254e-03       1.5381e-02      -5.6297e-04       1.5394e-03       5.4402e-03
 7.5000e+00       3.2800e+00       7.0598e-01       3.3887e-03       1.5273e-02      -6.9828e-04       1.5933e-03       5.3648e-03
 7.5000e+00       3.2800e+00       7.1598e-01       3.2610e-03       1.5169e-02      -8.3088e-04       1.6449e-03       5.2889e-03
 7.5000e+00       3.2800e+00       7.2598e-01       3.1418e-03       1.5070e-02      -9.6077e-04       1.6941e-03       5.2126e-03
 7.5000e+00       3.2800e+00       7.3598e-01       3.0305e-03       1.4974e-02      -1.0879e-03       1.7411e-03       5.1359e-03
 7.5000e+00       3.2800e+00       7.4598e-01       2.9266e-03       1.4883e-02      -1.2124e-03       1.7858e-03       5.0590e-03
 7.5000e+00       3.2800e+00       7.5598e-01       2.8299e-03       1.4795e-02      -1.3342e-03       1.8281e-03       4.9820e-03
 7.5000e+00       3.2800e+00       7.6598e-01       2.7397e-03       1.4711e-02      -1.4533e-03       1.8682e-03       4.9048e-03
 7.5000e+00       3.2800e+00       7.7598e-01       2.6558e-03       1.4631e-02      -1.5697e-03       1.9061e-03       4.8278e-03
 7.5000e+00       3.2800e+00       7.8598e-01       2.5777e-03       1.4553e-02      -1.6835e-03       1.9417e-03       4.7508e-03
 7.5000e+00       3.2800e+00       7.9598e-01       2.5051e-03       1.4479e-02      -1.7946e-03       1.9750e-03       4.6739e-03
 7.5000e+00       3.2800e+00       8.0598e-01       2.4378e-03       1.4407e-02      -1.9032e-03       2.0062e-03       4.5972e-03
 7.5000e+00       3.2800e+00       8.1598e-01       2.3753e-03       1.4339e-02      -2.0092e-03       2.0352e-03       4.5209e-03
 7.5000e+00       3.2800e+00       8.2598e-01       2.3174e-03       1.4273e-02      -2.1126e-03       2.0621e-03       4.4448e-03
 7.5000e+00       3.2800e+00       8.3598e-01       2.2638e-03       1.4209e-02      -2.2135e-03       2.0869e-03       4.3691e-03
 7.5000e+00       3.2800e+00       8.4598e-01       2.2143e-03       1.4148e-02      -2.3119e-03       2.1096e-03       4.2938e-03
 7.5000e+00       3.2800e+00       8.5598e-01       2.1686e-03       1.4089e-02      -2.4079e-03       2.1304e-03       4.2190e-03
 7.5000e+00       3.2800e+00       8.6598e-01       2.1266e-03       1.4032e-02      -2.5014e-03       2.1491e-03       4.1447e-03
 7.5000e+00       3.2800e+00       8.7598e-01       2.0879e-03       1.3977e-02      -2.5925e-03       2.1659e-03       4.0709e-03
 7.5000e+00       3.2800e+00       8.8598e-01       2.0524e-03       1.3924e-02      -2.6812e-03       2.1808e-03       3.9976e-03
 7.5000e+00       3.2800e+00       8.9598e-01       2.0199e-03       1.3873e-02      -2.7676e-03       2.1938e-03       3.9250e-03
 7.5000e+00       3.2800e+00       9.0598e-01       1.9902e-03       1.3823e-02      -2.8517e-03       2.2051e-03       3.8529e-03
 7.5000e+00       3.2800e+00       9.1598e-01       1.9632e-03       1.3775e-02      -2.9335e-03       2.2145e-03       3.7815e-03
 7.5000e+00       3.2800e+00       9.2598e-01       1.9387e-03       1.3729e-02      -3.0131e-03       2.2223e-03       3.7108e-03
 7.5000e+00       3.2800e+00       9.3598e-01       1.9164e-03       1.3684e-02      -3.0904e-03       2.2283e-03       3.6408e-03
 7.5000e+00       3.2800e+00       9.4598e-01       1.8964e-03       1.3640e-02      -3.1656e-03       2.2328e-03       3.5714e-03
 7.5000e+00       3.2800e+00       9.5598e-01       1.8784e-03       1.3598e-02      -3.2386e-03       2.2357e-03       3.5028e-03
 7.5000e+00       3.2800e+00       9.6598e-01       1.8624e-03       1.3556e-02      -3.3096e-03       2.2370e-03       3.4349e-03
 7.5000e+00       3.2800e+00       9.7598e-01       1.8482e-03       1.3516e-02      -3.3784e-03       2.2368e-03       3.3678e-03
 7.5000e+00       3.2800e+00       9.8598e-01       1.8356e-03       1.3477e-02      -3.4452e-03       2.2352e-03       3.3014e-03
 7.5000e+00       3.2800e+00       9.9598e-01       1.8246e-03       1.3438e-02      -3.5100e-03       2.2322e-03       3.2358e-03
 7.5000e+00       3.2800e+00       1.0060e+00       1.8152e-03       1.3401e-02      -3.5729e-03       2.2279e-03       3.1709e-03
 7.5000e+00       3.2800e+00       1.0160e+00       1.8071e-03       1.3364e-02      -3.6338e-03       2.2223e-03       3.1069e-03
 7.5000e+00       3.2800e+00       1.0260e+00       1.8003e-03       1.3328e-02      -3.6927e-03       2.2153e-03       3.0437e-03
 7.5000e+00       3.2800e+00       1.0360e+00       1.7947e-03       1.3293e-02      -3.7498e-03       2.2072e-03       2.9813e-03
 7.5000e+00       3.2800e+00       1.0460e+00       1.7902e-03       1.3258e-02      -3.8051e-03       2.1979e-03       2.9196e-03
 7.5000e+00       3.2800e+00       1.0560e+00       1.7868e-03       1.3224e-02      -3.8586e-03       2.1875e-03       2.8588e-03
 7.5000e+00       3.2800e+00       1.0660e+00       1.7843e-03       1.3191e-02      -3.9102e-03       2.1760e-03       2.7988e-03
 7.5000e+00       3.2800e+00       1.0760e+00       1.7828e-03       1.3158e-02      -3.9602e-03       2.1635e-03       2.7397e-03
 7.5000e+00       3.2800e+00       1.0860e+00       1.7821e-03       1.3125e-02      -4.0084e-03       2.1499e-03       2.6813e-03
 7.5000e+00       3.2800e+00       1.0960e+00       1.7821e-03       1.3093e-02      -4.0549e-03       2.1354e-03       2.6238e-03
 7.5000e+00       3.2800e+00       1.1060e+00       1.7829e-03       1.3061e-02      -4.0998e-03       2.1200e-03       2.5671e-03
 7.5000e+00       3.2800e+00       1.1160e+00       1.7844e-03       1.3029e-02      -4.1431e-03       2.1037e-03       2.5112e-03
 7.5000e+00       3.2800e+00       1.1260e+00       1.7865e-03       1.2998e-02      -4.1847e-03       2.0866e-03       2.4561e-03
 7.5000e+00       3.2800e+00       1.1360e+00       1.7891e-03       1.2966e-02      -4.2248e-03       2.0687e-03       2.4019e-03
 7.5000e+00       3.2800e+00       1.1460e+00       1.7922e-03       1.2935e-02      -4.2634e-03       2.0500e-03       2.3484e-03
 7.5000e+00       3.2800e+00       1.1560e+00       1.7958e-03       1.2905e-02      -4.3005e-03       2.0306e-03       2.2958e-03
 7.5000e+00       3.2800e+00       1.1660e+00       1.7999e-03       1.2874e-02      -4.3361e-03       2.0105e-03       2.2440e-03
 7.5000e+00       3.2800e+00       1.1760e+00       1.8043e-03       1.2843e-02      -4.3703e-03       1.9898e-03       2.1930e-03
 7.5000e+00       3.2800e+00       1.1860e+00       1.8091e-03       1.2813e-02      -4.4031e-03       1.9685e-03       2.1428e-03
 7.5000e+00       3.2800e+00       1.1960e+00       1.8142e-03       1.2782e-02      -4.4344e-03       1.9465e-03       2.0934e-03
 7.5000e+00       3.2800e+00       1.2060e+00       1.8195e-03       1.2751e-02      -4.4644e-03       1.9241e-03       2.0448e-03
 7.5000e+00       3.2800e+00       1.2160e+00       1.8252e-03       1.2721e-02      -4.4931e-03       1.9011e-03       1.9969e-03
 7.5000e+00       3.2800e+00       1.2260e+00       1.8310e-03       1.2690e-02      -4.5205e-03       1.8776e-03       1.9499e-03
 7.5000e+00       3.2800e+00       1.2360e+00       1.8370e-03       1.2659e-02      -4.5466e-03       1.8537e-03       1.9036e-03
 7.5000e+00       3.2800e+00       1.2460e+00       1.8432e-03       1.2629e-02      -4.5715e-03       1.8294e-03       1.8581e-03
 7.5000e+00       3.2800e+00       1.2560e+00       1.8496e-03       1.2598e-02      -4.5951e-03       1.8046e-03       1.8134e-03
 7.5000e+00       3.2800e+00       1.2660e+00       1.8560e-03       1.2567e-02      -4.6176e-03       1.7795e-03       1.7694e-03
 7.5000e+00       3.2800e+00       1.2760e+00       1.8626e-03       1.2536e-02      -4.6388e-03       1.7541e-03       1.7262e-03
 7.5000e+00       3.2800e+00       1.2860e+00       1.8692e-03       1.2504e-02      -4.6589e-03       1.7284e-03       1.6838e-03
 7.5000e+00       3.2800e+00       1.2960e+00       1.8759e-03       1.2473e-02      -4.6779e-03       1.7024e-03       1.6420e-03
 7.5000e+00       3.2800e+00       1.3060e+00       1.8826e-03       1.2441e-02      -4.6958e-03       1.6761e-03       1.6010e-03
 7.5000e+00       3.2800e+00       1.3160e+00       1.8894e-03       1.2409e-02      -4.7127e-03       1.6496e-03       1.5607e-03
 7.5000e+00       3.2800e+00       1.3260e+00       1.8961e-03       1.2377e-02      -4.7284e-03       1.6229e-03       1.5212e-03
 7.5000e+00       3.2800e+00       1.3360e+00       1.9028e-03       1.2345e-02      -4.7432e-03       1.5960e-03       1.4823e-03
 7.5000e+00       3.2800e+00       1.3460e+00       1.9095e-03       1.2312e-02      -4.7569e-03       1.5690e-03       1.4441e-03
 7.5000e+00       3.2800e+00       1.3560e+00       1.9162e-03       1.2280e-02      -4.7697e-03       1.5418e-03       1.4067e-03
 7.5000e+00       3.2800e+00       1.3660e+00       1.9228e-03       1.2247e-02      -4.7815e-03       1.5145e-03       1.3699e-03
 7.5000e+00       3.2800e+00       1.3760e+00       1.9293e-03       1.2213e-02      -4.7923e-03       1.4871e-03       1.3338e-03
 7.5000e+00       3.2800e+00       1.3860e+00       1.9358e-03       1.2180e-02      -4.8023e-03       1.4597e-03       1.2984e-03
 7.5000e+00       3.2800e+00       1.3960e+00       1.9421e-03       1.2146e-02      -4.8113e-03       1.4322e-03       1.2636e-03
