 3.0000e+00       3.2800e+00       6.1743e-02       6.6795e-01       2.5807e-01       0.0000e+00       0.0000e+00 
 3.0000e+00       3.2800e+00       7.1743e-02       5.7996e-01       2.4277e-01       6.1596e-02      -1.0947e-02 
 3.0000e+00       3.2800e+00       8.1743e-02       5.0678e-01       2.3020e-01       7.4189e-02      -1.9099e-02 
 3.0000e+00       3.2800e+00       9.1743e-02       4.4537e-01       2.1956e-01       7.8400e-02      -2.5251e-02 
 3.0000e+00       3.2800e+00       1.0174e-01       3.9339e-01       2.1035e-01       7.8930e-02      -2.9922e-02 
 3.0000e+00       3.2800e+00       1.1174e-01       3.4904e-01       2.0223e-01       7.7596e-02      -3.3470e-02 
 3.0000e+00       3.2800e+00       1.2174e-01       3.1092e-01       1.9495e-01       7.5267e-02      -3.6146e-02 
 3.0000e+00       3.2800e+00       1.3174e-01       2.7795e-01       1.8836e-01       7.2407e-02      -3.8133e-02 
 3.0000e+00       3.2800e+00       1.4174e-01       2.4926e-01       1.8231e-01       6.9276e-02      -3.9569e-02 
 3.0000e+00       3.2800e+00       1.5174e-01       2.2417e-01       1.7672e-01       6.6031e-02      -4.0559e-02 
 3.0000e+00       3.2800e+00       1.6174e-01       2.0212e-01       1.7151e-01       6.2763e-02      -4.1184e-02 
 3.0000e+00       3.2800e+00       1.7174e-01       1.8266e-01       1.6662e-01       5.9531e-02      -4.1508e-02 
 3.0000e+00       3.2800e+00       1.8174e-01       1.6541e-01       1.6201e-01       5.6367e-02      -4.1584e-02 
 3.0000e+00       3.2800e+00       1.9174e-01       1.5009e-01       1.5764e-01       5.3294e-02      -4.1453e-02 
 3.0000e+00       3.2800e+00       2.0174e-01       1.3642e-01       1.5349e-01       5.0322e-02      -4.1149e-02 
 3.0000e+00       3.2800e+00       2.1174e-01       1.2420e-01       1.4953e-01       4.7458e-02      -4.0701e-02 
 3.0000e+00       3.2800e+00       2.2174e-01       1.1324e-01       1.4574e-01       4.4703e-02      -4.0132e-02 
 3.0000e+00       3.2800e+00       2.3174e-01       1.0340e-01       1.4211e-01       4.2057e-02      -3.9464e-02 
 3.0000e+00       3.2800e+00       2.4174e-01       9.4533e-02       1.3862e-01       3.9518e-02      -3.8712e-02 
 3.0000e+00       3.2800e+00       2.5174e-01       8.6536e-02       1.3527e-01       3.7085e-02      -3.7891e-02 
 3.0000e+00       3.2800e+00       2.6174e-01       7.9309e-02       1.3203e-01       3.4752e-02      -3.7013e-02 
 3.0000e+00       3.2800e+00       2.7174e-01       7.2768e-02       1.2891e-01       3.2517e-02      -3.6090e-02 
 3.0000e+00       3.2800e+00       2.8174e-01       6.6840e-02       1.2589e-01       3.0375e-02      -3.5131e-02 
 3.0000e+00       3.2800e+00       2.9174e-01       6.1459e-02       1.2297e-01       2.8323e-02      -3.4142e-02 
 3.0000e+00       3.2800e+00       3.0174e-01       5.6571e-02       1.2015e-01       2.6356e-02      -3.3133e-02 
 3.0000e+00       3.2800e+00       3.1174e-01       5.2125e-02       1.1742e-01       2.4472e-02      -3.2107e-02 
 3.0000e+00       3.2800e+00       3.2174e-01       4.8078e-02       1.1477e-01       2.2665e-02      -3.1071e-02 
 3.0000e+00       3.2800e+00       3.3174e-01       4.4391e-02       1.1220e-01       2.0933e-02      -3.0029e-02 
 3.0000e+00       3.2800e+00       3.4174e-01       4.1030e-02       1.0971e-01       1.9273e-02      -2.8986e-02 
 3.0000e+00       3.2800e+00       3.5174e-01       3.7964e-02       1.0729e-01       1.7680e-02      -2.7944e-02 
 3.0000e+00       3.2800e+00       3.6174e-01       3.5166e-02       1.0494e-01       1.6152e-02      -2.6907e-02 
 3.0000e+00       3.2800e+00       3.7174e-01       3.2611e-02       1.0266e-01       1.4687e-02      -2.5878e-02 
 3.0000e+00       3.2800e+00       3.8174e-01       3.0277e-02       1.0045e-01       1.3281e-02      -2.4858e-02 
 3.0000e+00       3.2800e+00       3.9174e-01       2.8146e-02       9.8297e-02       1.1931e-02      -2.3849e-02 
 3.0000e+00       3.2800e+00       4.0174e-01       2.6198e-02       9.6206e-02       1.0636e-02      -2.2854e-02 
 3.0000e+00       3.2800e+00       4.1174e-01       2.4418e-02       9.4174e-02       9.3923e-03      -2.1874e-02 
 3.0000e+00       3.2800e+00       4.2174e-01       2.2793e-02       9.2199e-02       8.1985e-03      -2.0910e-02 
 3.0000e+00       3.2800e+00       4.3174e-01       2.1307e-02       9.0278e-02       7.0523e-03      -1.9963e-02 
 3.0000e+00       3.2800e+00       4.4174e-01       1.9951e-02       8.8410e-02       5.9516e-03      -1.9035e-02 
 3.0000e+00       3.2800e+00       4.5174e-01       1.8712e-02       8.6594e-02       4.8945e-03      -1.8125e-02 
 3.0000e+00       3.2800e+00       4.6174e-01       1.7582e-02       8.4827e-02       3.8794e-03      -1.7234e-02 
 3.0000e+00       3.2800e+00       4.7174e-01       1.6550e-02       8.3108e-02       2.9044e-03      -1.6364e-02 
 3.0000e+00       3.2800e+00       4.8174e-01       1.5610e-02       8.1436e-02       1.9679e-03      -1.5514e-02 
 3.0000e+00       3.2800e+00       4.9174e-01       1.4754e-02       7.9809e-02       1.0684e-03      -1.4685e-02 
 3.0000e+00       3.2800e+00       5.0174e-01       1.3975e-02       7.8225e-02       2.0446e-04      -1.3877e-02 
 3.0000e+00       3.2800e+00       5.1174e-01       1.3266e-02       7.6685e-02      -6.2534e-04      -1.3089e-02 
 3.0000e+00       3.2800e+00       5.2174e-01       1.2623e-02       7.5185e-02      -1.4223e-03      -1.2323e-02 
 3.0000e+00       3.2800e+00       5.3174e-01       1.2039e-02       7.3726e-02      -2.1877e-03      -1.1578e-02 
 3.0000e+00       3.2800e+00       5.4174e-01       1.1511e-02       7.2305e-02      -2.9228e-03      -1.0854e-02 
 3.0000e+00       3.2800e+00       5.5174e-01       1.1033e-02       7.0922e-02      -3.6287e-03      -1.0151e-02 
 3.0000e+00       3.2800e+00       5.6174e-01       1.0603e-02       6.9576e-02      -4.3064e-03      -9.4693e-03 
 3.0000e+00       3.2800e+00       5.7174e-01       1.0215e-02       6.8265e-02      -4.9571e-03      -8.8079e-03 
 3.0000e+00       3.2800e+00       5.8174e-01       9.8666e-03       6.6988e-02      -5.5818e-03      -8.1670e-03 
 3.0000e+00       3.2800e+00       5.9174e-01       9.5549e-03       6.5746e-02      -6.1813e-03      -7.5463e-03 
 3.0000e+00       3.2800e+00       6.0174e-01       9.2769e-03       6.4535e-02      -6.7567e-03      -6.9456e-03 
 3.0000e+00       3.2800e+00       6.1174e-01       9.0298e-03       6.3356e-02      -7.3087e-03      -6.3646e-03 
 3.0000e+00       3.2800e+00       6.2174e-01       8.8112e-03       6.2208e-02      -7.8382e-03      -5.8029e-03 
 3.0000e+00       3.2800e+00       6.3174e-01       8.6187e-03       6.1090e-02      -8.3461e-03      -5.2604e-03 
 3.0000e+00       3.2800e+00       6.4174e-01       8.4504e-03       6.0000e-02      -8.8331e-03      -4.7366e-03 
 3.0000e+00       3.2800e+00       6.5174e-01       8.3042e-03       5.8939e-02      -9.3000e-03      -4.2312e-03 
 3.0000e+00       3.2800e+00       6.6174e-01       8.1784e-03       5.7905e-02      -9.7473e-03      -3.7438e-03 
 3.0000e+00       3.2800e+00       6.7174e-01       8.0712e-03       5.6897e-02      -1.0176e-02      -3.2741e-03 
 3.0000e+00       3.2800e+00       6.8174e-01       7.9813e-03       5.5915e-02      -1.0586e-02      -2.8217e-03 
 3.0000e+00       3.2800e+00       6.9174e-01       7.9071e-03       5.4958e-02      -1.0979e-02      -2.3862e-03 
 3.0000e+00       3.2800e+00       7.0174e-01       7.8472e-03       5.4026e-02      -1.1356e-02      -1.9673e-03 
 3.0000e+00       3.2800e+00       7.1174e-01       7.8006e-03       5.3116e-02      -1.1715e-02      -1.5646e-03 
 3.0000e+00       3.2800e+00       7.2174e-01       7.7661e-03       5.2230e-02      -1.2059e-02      -1.1777e-03 
 3.0000e+00       3.2800e+00       7.3174e-01       7.7426e-03       5.1366e-02      -1.2388e-02      -8.0613e-04 
 3.0000e+00       3.2800e+00       7.4174e-01       7.7291e-03       5.0523e-02      -1.2702e-02      -4.4963e-04 
 3.0000e+00       3.2800e+00       7.5174e-01       7.7248e-03       4.9702e-02      -1.3002e-02      -1.0777e-04 
 3.0000e+00       3.2800e+00       7.6174e-01       7.7287e-03       4.8900e-02      -1.3289e-02       2.1982e-04 
 3.0000e+00       3.2800e+00       7.7174e-01       7.7403e-03       4.8119e-02      -1.3562e-02       5.3351e-04 
 3.0000e+00       3.2800e+00       7.8174e-01       7.7586e-03       4.7356e-02      -1.3822e-02       8.3369e-04 
 3.0000e+00       3.2800e+00       7.9174e-01       7.7831e-03       4.6612e-02      -1.4070e-02       1.1207e-03 
 3.0000e+00       3.2800e+00       8.0174e-01       7.8131e-03       4.5887e-02      -1.4306e-02       1.3950e-03 
 3.0000e+00       3.2800e+00       8.1174e-01       7.8481e-03       4.5178e-02      -1.4530e-02       1.6568e-03 
 3.0000e+00       3.2800e+00       8.2174e-01       7.8875e-03       4.4487e-02      -1.4743e-02       1.9065e-03 
 3.0000e+00       3.2800e+00       8.3174e-01       7.9308e-03       4.3812e-02      -1.4945e-02       2.1445e-03 
 3.0000e+00       3.2800e+00       8.4174e-01       7.9777e-03       4.3154e-02      -1.5137e-02       2.3712e-03 
 3.0000e+00       3.2800e+00       8.5174e-01       8.0276e-03       4.2511e-02      -1.5319e-02       2.5868e-03 
 3.0000e+00       3.2800e+00       8.6174e-01       8.0801e-03       4.1883e-02      -1.5491e-02       2.7917e-03 
 3.0000e+00       3.2800e+00       8.7174e-01       8.1350e-03       4.1270e-02      -1.5653e-02       2.9863e-03 
 3.0000e+00       3.2800e+00       8.8174e-01       8.1918e-03       4.0671e-02      -1.5807e-02       3.1708e-03 
 3.0000e+00       3.2800e+00       8.9174e-01       8.2503e-03       4.0086e-02      -1.5951e-02       3.3455e-03 
 3.0000e+00       3.2800e+00       9.0174e-01       8.3102e-03       3.9514e-02      -1.6088e-02       3.5108e-03 
 3.0000e+00       3.2800e+00       9.1174e-01       8.3712e-03       3.8956e-02      -1.6215e-02       3.6670e-03 
 3.0000e+00       3.2800e+00       9.2174e-01       8.4330e-03       3.8410e-02      -1.6335e-02       3.8144e-03 
 3.0000e+00       3.2800e+00       9.3174e-01       8.4955e-03       3.7877e-02      -1.6447e-02       3.9532e-03 
 3.0000e+00       3.2800e+00       9.4174e-01       8.5584e-03       3.7356e-02      -1.6552e-02       4.0838e-03 
 3.0000e+00       3.2800e+00       9.5174e-01       8.6215e-03       3.6846e-02      -1.6650e-02       4.2063e-03 
 3.0000e+00       3.2800e+00       9.6174e-01       8.6847e-03       3.6347e-02      -1.6740e-02       4.3212e-03 
 3.0000e+00       3.2800e+00       9.7174e-01       8.7478e-03       3.5860e-02      -1.6824e-02       4.4286e-03 
 3.0000e+00       3.2800e+00       9.8174e-01       8.8107e-03       3.5383e-02      -1.6901e-02       4.5288e-03 
 3.0000e+00       3.2800e+00       9.9174e-01       8.8731e-03       3.4917e-02      -1.6972e-02       4.6221e-03 
