 1.1500e+01       2.8900e+00       7.5567e-01       3.3979e-03       9.3350e-03       0.0000e+00       0.0000e+00
 1.1500e+01       2.8900e+00       7.6567e-01       3.2423e-03       9.3796e-03      -1.2401e-05       4.0518e-05
 1.1500e+01       2.8900e+00       7.7567e-01       3.0948e-03       9.4274e-03      -4.0051e-05       8.0386e-05
 1.1500e+01       2.8900e+00       7.8567e-01       2.9551e-03       9.4783e-03      -7.5757e-05       1.1952e-04
 1.1500e+01       2.8900e+00       7.9567e-01       2.8226e-03       9.5320e-03      -1.1734e-04       1.5786e-04
 1.1500e+01       2.8900e+00       8.0567e-01       2.6971e-03       9.5884e-03      -1.6352e-04       1.9534e-04
 1.1500e+01       2.8900e+00       8.1567e-01       2.5783e-03       9.6472e-03      -2.1343e-04       2.3189e-04
 1.1500e+01       2.8900e+00       8.2567e-01       2.4658e-03       9.7083e-03      -2.6640e-04       2.6747e-04
 1.1500e+01       2.8900e+00       8.3567e-01       2.3593e-03       9.7715e-03      -3.2192e-04       3.0203e-04
 1.1500e+01       2.8900e+00       8.4567e-01       2.2586e-03       9.8366e-03      -3.7957e-04       3.3552e-04
 1.1500e+01       2.8900e+00       8.5567e-01       2.1633e-03       9.9035e-03      -4.3900e-04       3.6792e-04
 1.1500e+01       2.8900e+00       8.6567e-01       2.0733e-03       9.9720e-03      -4.9991e-04       3.9919e-04
 1.1500e+01       2.8900e+00       8.7567e-01       1.9882e-03       1.0042e-02      -5.6203e-04       4.2931e-04
 1.1500e+01       2.8900e+00       8.8567e-01       1.9079e-03       1.0113e-02      -6.2516e-04       4.5825e-04
 1.1500e+01       2.8900e+00       8.9567e-01       1.8321e-03       1.0186e-02      -6.8909e-04       4.8600e-04
 1.1500e+01       2.8900e+00       9.0567e-01       1.7605e-03       1.0259e-02      -7.5364e-04       5.1254e-04
 1.1500e+01       2.8900e+00       9.1567e-01       1.6931e-03       1.0334e-02      -8.1867e-04       5.3785e-04
 1.1500e+01       2.8900e+00       9.2567e-01       1.6297e-03       1.0409e-02      -8.8403e-04       5.6194e-04
 1.1500e+01       2.8900e+00       9.3567e-01       1.5699e-03       1.0485e-02      -9.4959e-04       5.8478e-04
 1.1500e+01       2.8900e+00       9.4567e-01       1.5137e-03       1.0562e-02      -1.0153e-03       6.0640e-04
 1.1500e+01       2.8900e+00       9.5567e-01       1.4609e-03       1.0639e-02      -1.0809e-03       6.2677e-04
 1.1500e+01       2.8900e+00       9.6567e-01       1.4114e-03       1.0716e-02      -1.1465e-03       6.4591e-04
 1.1500e+01       2.8900e+00       9.7567e-01       1.3649e-03       1.0794e-02      -1.2118e-03       6.6381e-04
 1.1500e+01       2.8900e+00       9.8567e-01       1.3214e-03       1.0872e-02      -1.2769e-03       6.8049e-04
 1.1500e+01       2.8900e+00       9.9567e-01       1.2807e-03       1.0950e-02      -1.3417e-03       6.9596e-04
 1.1500e+01       2.8900e+00       1.0057e+00       1.2427e-03       1.1028e-02      -1.4061e-03       7.1021e-04
 1.1500e+01       2.8900e+00       1.0157e+00       1.2072e-03       1.1105e-02      -1.4700e-03       7.2328e-04
 1.1500e+01       2.8900e+00       1.0257e+00       1.1742e-03       1.1183e-02      -1.5334e-03       7.3516e-04
 1.1500e+01       2.8900e+00       1.0357e+00       1.1435e-03       1.1261e-02      -1.5963e-03       7.4588e-04
 1.1500e+01       2.8900e+00       1.0457e+00       1.1150e-03       1.1338e-02      -1.6585e-03       7.5545e-04
 1.1500e+01       2.8900e+00       1.0557e+00       1.0886e-03       1.1414e-02      -1.7201e-03       7.6388e-04
 1.1500e+01       2.8900e+00       1.0657e+00       1.0642e-03       1.1491e-02      -1.7810e-03       7.7120e-04
 1.1500e+01       2.8900e+00       1.0757e+00       1.0417e-03       1.1567e-02      -1.8412e-03       7.7743e-04
 1.1500e+01       2.8900e+00       1.0857e+00       1.0210e-03       1.1642e-02      -1.9007e-03       7.8258e-04
 1.1500e+01       2.8900e+00       1.0957e+00       1.0021e-03       1.1716e-02      -1.9594e-03       7.8667e-04
 1.1500e+01       2.8900e+00       1.1057e+00       9.8481e-04       1.1790e-02      -2.0173e-03       7.8974e-04
 1.1500e+01       2.8900e+00       1.1157e+00       9.6910e-04       1.1864e-02      -2.0744e-03       7.9180e-04
 1.1500e+01       2.8900e+00       1.1257e+00       9.5488e-04       1.1936e-02      -2.1306e-03       7.9287e-04
 1.1500e+01       2.8900e+00       1.1357e+00       9.4207e-04       1.2007e-02      -2.1859e-03       7.9297e-04
 1.1500e+01       2.8900e+00       1.1457e+00       9.3061e-04       1.2078e-02      -2.2404e-03       7.9214e-04
 1.1500e+01       2.8900e+00       1.1557e+00       9.2043e-04       1.2148e-02      -2.2940e-03       7.9039e-04
 1.1500e+01       2.8900e+00       1.1657e+00       9.1147e-04       1.2217e-02      -2.3466e-03       7.8776e-04
 1.1500e+01       2.8900e+00       1.1757e+00       9.0366e-04       1.2284e-02      -2.3984e-03       7.8426e-04
 1.1500e+01       2.8900e+00       1.1857e+00       8.9694e-04       1.2351e-02      -2.4492e-03       7.7992e-04
 1.1500e+01       2.8900e+00       1.1957e+00       8.9125e-04       1.2417e-02      -2.4990e-03       7.7476e-04
 1.1500e+01       2.8900e+00       1.2057e+00       8.8654e-04       1.2481e-02      -2.5479e-03       7.6882e-04
 1.1500e+01       2.8900e+00       1.2157e+00       8.8276e-04       1.2545e-02      -2.5959e-03       7.6211e-04
 1.1500e+01       2.8900e+00       1.2257e+00       8.7986e-04       1.2607e-02      -2.6428e-03       7.5467e-04
 1.1500e+01       2.8900e+00       1.2357e+00       8.7779e-04       1.2668e-02      -2.6889e-03       7.4651e-04
 1.1500e+01       2.8900e+00       1.2457e+00       8.7650e-04       1.2728e-02      -2.7339e-03       7.3767e-04
 1.1500e+01       2.8900e+00       1.2557e+00       8.7595e-04       1.2787e-02      -2.7780e-03       7.2817e-04
 1.1500e+01       2.8900e+00       1.2657e+00       8.7609e-04       1.2844e-02      -2.8211e-03       7.1803e-04
 1.1500e+01       2.8900e+00       1.2757e+00       8.7689e-04       1.2900e-02      -2.8632e-03       7.0729e-04
 1.1500e+01       2.8900e+00       1.2857e+00       8.7830e-04       1.2955e-02      -2.9043e-03       6.9596e-04
 1.1500e+01       2.8900e+00       1.2957e+00       8.8029e-04       1.3009e-02      -2.9445e-03       6.8407e-04
 1.1500e+01       2.8900e+00       1.3057e+00       8.8282e-04       1.3061e-02      -2.9837e-03       6.7165e-04
 1.1500e+01       2.8900e+00       1.3157e+00       8.8586e-04       1.3111e-02      -3.0219e-03       6.5872e-04
 1.1500e+01       2.8900e+00       1.3257e+00       8.8937e-04       1.3161e-02      -3.0591e-03       6.4531e-04
 1.1500e+01       2.8900e+00       1.3357e+00       8.9333e-04       1.3209e-02      -3.0954e-03       6.3143e-04
 1.1500e+01       2.8900e+00       1.3457e+00       8.9769e-04       1.3256e-02      -3.1307e-03       6.1712e-04
 1.1500e+01       2.8900e+00       1.3557e+00       9.0243e-04       1.3301e-02      -3.1651e-03       6.0240e-04
 1.1500e+01       2.8900e+00       1.3657e+00       9.0753e-04       1.3345e-02      -3.1985e-03       5.8729e-04
 1.1500e+01       2.8900e+00       1.3757e+00       9.1296e-04       1.3388e-02      -3.2309e-03       5.7182e-04
 1.1500e+01       2.8900e+00       1.3857e+00       9.1868e-04       1.3429e-02      -3.2624e-03       5.5600e-04
 1.1500e+01       2.8900e+00       1.3957e+00       9.2469e-04       1.3468e-02      -3.2930e-03       5.3986e-04
 1.1500e+01       2.8900e+00       1.4057e+00       9.3094e-04       1.3507e-02      -3.3227e-03       5.2342e-04
 1.1500e+01       2.8900e+00       1.4157e+00       9.3743e-04       1.3543e-02      -3.3514e-03       5.0671e-04
 1.1500e+01       2.8900e+00       1.4257e+00       9.4412e-04       1.3579e-02      -3.3792e-03       4.8974e-04
 1.1500e+01       2.8900e+00       1.4357e+00       9.5100e-04       1.3613e-02      -3.4061e-03       4.7254e-04
 1.1500e+01       2.8900e+00       1.4457e+00       9.5805e-04       1.3646e-02      -3.4321e-03       4.5512e-04
 1.1500e+01       2.8900e+00       1.4557e+00       9.6525e-04       1.3677e-02      -3.4573e-03       4.3751e-04
 1.1500e+01       2.8900e+00       1.4657e+00       9.7257e-04       1.3706e-02      -3.4815e-03       4.1973e-04
 1.1500e+01       2.8900e+00       1.4757e+00       9.8001e-04       1.3735e-02      -3.5049e-03       4.0180e-04
 1.1500e+01       2.8900e+00       1.4857e+00       9.8755e-04       1.3762e-02      -3.5274e-03       3.8373e-04
 1.1500e+01       2.8900e+00       1.4957e+00       9.9517e-04       1.3787e-02      -3.5491e-03       3.6555e-04
 1.1500e+01       2.8900e+00       1.5057e+00       1.0028e-03       1.3811e-02      -3.5699e-03       3.4726e-04
 1.1500e+01       2.8900e+00       1.5157e+00       1.0106e-03       1.3834e-02      -3.5899e-03       3.2890e-04
 1.1500e+01       2.8900e+00       1.5257e+00       1.0184e-03       1.3855e-02      -3.6090e-03       3.1048e-04
 1.1500e+01       2.8900e+00       1.5357e+00       1.0261e-03       1.3875e-02      -3.6274e-03       2.9201e-04
 1.1500e+01       2.8900e+00       1.5457e+00       1.0339e-03       1.3894e-02      -3.6450e-03       2.7352e-04
 1.1500e+01       2.8900e+00       1.5557e+00       1.0418e-03       1.3911e-02      -3.6617e-03       2.5501e-04
 1.1500e+01       2.8900e+00       1.5657e+00       1.0495e-03       1.3927e-02      -3.6777e-03       2.3651e-04
 1.1500e+01       2.8900e+00       1.5757e+00       1.0573e-03       1.3942e-02      -3.6929e-03       2.1802e-04
 1.1500e+01       2.8900e+00       1.5857e+00       1.0650e-03       1.3955e-02      -3.7074e-03       1.9957e-04
 1.1500e+01       2.8900e+00       1.5957e+00       1.0727e-03       1.3966e-02      -3.7211e-03       1.8117e-04
 1.1500e+01       2.8900e+00       1.6057e+00       1.0804e-03       1.3977e-02      -3.7340e-03       1.6283e-04
 1.1500e+01       2.8900e+00       1.6157e+00       1.0880e-03       1.3986e-02      -3.7463e-03       1.4457e-04
 1.1500e+01       2.8900e+00       1.6257e+00       1.0955e-03       1.3994e-02      -3.7578e-03       1.2640e-04
 1.1500e+01       2.8900e+00       1.6357e+00       1.1029e-03       1.4001e-02      -3.7687e-03       1.0833e-04
 1.1500e+01       2.8900e+00       1.6457e+00       1.1103e-03       1.4006e-02      -3.7788e-03       9.0370e-05
