 1.0000e-01       2.1000e+00       1.0583e-03       5.1297e+00       1.6292e+01       0.0000e+00       0.0000e+00       0.0000e+00
 1.0000e-01       2.1000e+00       1.1058e-02       1.3115e+01       1.0048e+01       4.4968e+00      -5.9469e+00       2.2242e-02
 1.0000e-01       2.1000e+00       2.1058e-02       1.2702e+01       8.5657e+00       1.1828e+00      -7.1365e+00       2.2622e-02
 1.0000e-01       2.1000e+00       3.1058e-02       1.1046e+01       8.1611e+00      -8.0060e-01      -7.2532e+00       1.7148e-02
 1.0000e-01       2.1000e+00       4.1058e-02       9.3757e+00       8.0588e+00      -1.9029e+00      -7.0718e+00       8.0740e-03
 1.0000e-01       2.1000e+00       5.1058e-02       7.9232e+00       8.0420e+00      -2.4982e+00      -6.8090e+00      -3.5028e-03
 1.0000e-01       2.1000e+00       6.1058e-02       6.7066e+00       8.0407e+00      -2.7985e+00      -6.5346e+00      -1.6910e-02
 1.0000e-01       2.1000e+00       7.1058e-02       5.6960e+00       8.0316e+00      -2.9225e+00      -6.2718e+00      -3.1684e-02
 1.0000e-01       2.1000e+00       8.1058e-02       4.8559e+00       8.0077e+00      -2.9390e+00      -6.0276e+00      -4.7486e-02
 1.0000e-01       2.1000e+00       9.1058e-02       4.1544e+00       7.9679e+00      -2.8894e+00      -5.8029e+00      -6.4055e-02
 1.0000e-01       2.1000e+00       1.0106e-01       3.5656e+00       7.9135e+00      -2.7991e+00      -5.5964e+00      -8.1183e-02
 1.0000e-01       2.1000e+00       1.1106e-01       3.0690e+00       7.8463e+00      -2.6842e+00      -5.4063e+00      -9.8706e-02
 1.0000e-01       2.1000e+00       1.2106e-01       2.6480e+00       7.7684e+00      -2.5551e+00      -5.2305e+00      -1.1649e-01
 1.0000e-01       2.1000e+00       1.3106e-01       2.2898e+00       7.6814e+00      -2.4188e+00      -5.0672e+00      -1.3441e-01
 1.0000e-01       2.1000e+00       1.4106e-01       1.9838e+00       7.5871e+00      -2.2797e+00      -4.9149e+00      -1.5238e-01
 1.0000e-01       2.1000e+00       1.5106e-01       1.7216e+00       7.4867e+00      -2.1408e+00      -4.7720e+00      -1.7033e-01
 1.0000e-01       2.1000e+00       1.6106e-01       1.4966e+00       7.3815e+00      -2.0042e+00      -4.6374e+00      -1.8817e-01
 1.0000e-01       2.1000e+00       1.7106e-01       1.3031e+00       7.2725e+00      -1.8712e+00      -4.5101e+00      -2.0586e-01
 1.0000e-01       2.1000e+00       1.8106e-01       1.1366e+00       7.1606e+00      -1.7425e+00      -4.3893e+00      -2.2335e-01
 1.0000e-01       2.1000e+00       1.9106e-01       9.9323e-01       7.0463e+00      -1.6187e+00      -4.2743e+00      -2.4060e-01
 1.0000e-01       2.1000e+00       2.0106e-01       8.6984e-01       6.9304e+00      -1.5000e+00      -4.1644e+00      -2.5757e-01
 1.0000e-01       2.1000e+00       2.1106e-01       7.6377e-01       6.8134e+00      -1.3866e+00      -4.0591e+00      -2.7423e-01
 1.0000e-01       2.1000e+00       2.2106e-01       6.7276e-01       6.6956e+00      -1.2785e+00      -3.9580e+00      -2.9057e-01
 1.0000e-01       2.1000e+00       2.3106e-01       5.9490e-01       6.5775e+00      -1.1755e+00      -3.8607e+00      -3.0655e-01
 1.0000e-01       2.1000e+00       2.4106e-01       5.2853e-01       6.4593e+00      -1.0777e+00      -3.7669e+00      -3.2217e-01
 1.0000e-01       2.1000e+00       2.5106e-01       4.7227e-01       6.3414e+00      -9.8472e-01      -3.6763e+00      -3.3741e-01
 1.0000e-01       2.1000e+00       2.6106e-01       4.2489e-01       6.2240e+00      -8.9653e-01      -3.5887e+00      -3.5225e-01
 1.0000e-01       2.1000e+00       2.7106e-01       3.8534e-01       6.1072e+00      -8.1291e-01      -3.5038e+00      -3.6670e-01
 1.0000e-01       2.1000e+00       2.8106e-01       3.5270e-01       5.9912e+00      -7.3365e-01      -3.4214e+00      -3.8075e-01
 1.0000e-01       2.1000e+00       2.9106e-01       3.2619e-01       5.8763e+00      -6.5858e-01      -3.3415e+00      -3.9439e-01
 1.0000e-01       2.1000e+00       3.0106e-01       3.0511e-01       5.7624e+00      -5.8748e-01      -3.2638e+00      -4.0761e-01
 1.0000e-01       2.1000e+00       3.1106e-01       2.8883e-01       5.6497e+00      -5.2017e-01      -3.1882e+00      -4.2043e-01
 1.0000e-01       2.1000e+00       3.2106e-01       2.7683e-01       5.5383e+00      -4.5647e-01      -3.1147e+00      -4.3283e-01
 1.0000e-01       2.1000e+00       3.3106e-01       2.6864e-01       5.4283e+00      -3.9620e-01      -3.0431e+00      -4.4482e-01
 1.0000e-01       2.1000e+00       3.4106e-01       2.6381e-01       5.3197e+00      -3.3919e-01      -2.9733e+00      -4.5641e-01
 1.0000e-01       2.1000e+00       3.5106e-01       2.6200e-01       5.2125e+00      -2.8526e-01      -2.9053e+00      -4.6759e-01
 1.0000e-01       2.1000e+00       3.6106e-01       2.6286e-01       5.1069e+00      -2.3428e-01      -2.8390e+00      -4.7837e-01
 1.0000e-01       2.1000e+00       3.7106e-01       2.6610e-01       5.0028e+00      -1.8608e-01      -2.7743e+00      -4.8875e-01
 1.0000e-01       2.1000e+00       3.8106e-01       2.7145e-01       4.9003e+00      -1.4053e-01      -2.7111e+00      -4.9875e-01
 1.0000e-01       2.1000e+00       3.9106e-01       2.7869e-01       4.7994e+00      -9.7494e-02      -2.6494e+00      -5.0836e-01
 1.0000e-01       2.1000e+00       4.0106e-01       2.8760e-01       4.7001e+00      -5.6838e-02      -2.5892e+00      -5.1759e-01
 1.0000e-01       2.1000e+00       4.1106e-01       2.9799e-01       4.6024e+00      -1.8445e-02      -2.5304e+00      -5.2644e-01
 1.0000e-01       2.1000e+00       4.2106e-01       3.0970e-01       4.5063e+00       1.7801e-02      -2.4729e+00      -5.3494e-01
 1.0000e-01       2.1000e+00       4.3106e-01       3.2256e-01       4.4119e+00       5.2007e-02      -2.4168e+00      -5.4307e-01
 1.0000e-01       2.1000e+00       4.4106e-01       3.3646e-01       4.3192e+00       8.4276e-02      -2.3619e+00      -5.5085e-01
 1.0000e-01       2.1000e+00       4.5106e-01       3.5125e-01       4.2280e+00       1.1471e-01      -2.3083e+00      -5.5829e-01
 1.0000e-01       2.1000e+00       4.6106e-01       3.6684e-01       4.1385e+00       1.4339e-01      -2.2559e+00      -5.6540e-01
 1.0000e-01       2.1000e+00       4.7106e-01       3.8312e-01       4.0506e+00       1.7042e-01      -2.2047e+00      -5.7217e-01
 1.0000e-01       2.1000e+00       4.8106e-01       4.0000e-01       3.9643e+00       1.9586e-01      -2.1546e+00      -5.7862e-01
 1.0000e-01       2.1000e+00       4.9106e-01       4.1740e-01       3.8796e+00       2.1981e-01      -2.1057e+00      -5.8477e-01
 1.0000e-01       2.1000e+00       5.0106e-01       4.3525e-01       3.7965e+00       2.4234e-01      -2.0578e+00      -5.9060e-01
 1.0000e-01       2.1000e+00       5.1106e-01       4.5348e-01       3.7150e+00       2.6351e-01      -2.0110e+00      -5.9614e-01
 1.0000e-01       2.1000e+00       5.2106e-01       4.7203e-01       3.6351e+00       2.8339e-01      -1.9653e+00      -6.0139e-01
 1.0000e-01       2.1000e+00       5.3106e-01       4.9084e-01       3.5566e+00       3.0205e-01      -1.9205e+00      -6.0636e-01
 1.0000e-01       2.1000e+00       5.4106e-01       5.0988e-01       3.4797e+00       3.1954e-01      -1.8768e+00      -6.1106e-01
 1.0000e-01       2.1000e+00       5.5106e-01       5.2909e-01       3.4043e+00       3.3593e-01      -1.8340e+00      -6.1549e-01
 1.0000e-01       2.1000e+00       5.6106e-01       5.4843e-01       3.3304e+00       3.5126e-01      -1.7922e+00      -6.1966e-01
 1.0000e-01       2.1000e+00       5.7106e-01       5.6787e-01       3.2580e+00       3.6559e-01      -1.7513e+00      -6.2358e-01
 1.0000e-01       2.1000e+00       5.8106e-01       5.8737e-01       3.1870e+00       3.7896e-01      -1.7114e+00      -6.2726e-01
 1.0000e-01       2.1000e+00       5.9106e-01       6.0691e-01       3.1175e+00       3.9143e-01      -1.6723e+00      -6.3070e-01
 1.0000e-01       2.1000e+00       6.0106e-01       6.2646e-01       3.0494e+00       4.0303e-01      -1.6341e+00      -6.3392e-01
 1.0000e-01       2.1000e+00       6.1106e-01       6.4599e-01       2.9826e+00       4.1380e-01      -1.5967e+00      -6.3691e-01
 1.0000e-01       2.1000e+00       6.2106e-01       6.6549e-01       2.9173e+00       4.2379e-01      -1.5602e+00      -6.3969e-01
 1.0000e-01       2.1000e+00       6.3106e-01       6.8493e-01       2.8533e+00       4.3304e-01      -1.5244e+00      -6.4226e-01
 1.0000e-01       2.1000e+00       6.4106e-01       7.0430e-01       2.7906e+00       4.4157e-01      -1.4895e+00      -6.4464e-01
 1.0000e-01       2.1000e+00       6.5106e-01       7.2358e-01       2.7292e+00       4.4943e-01      -1.4554e+00      -6.4681e-01
 1.0000e-01       2.1000e+00       6.6106e-01       7.4276e-01       2.6691e+00       4.5664e-01      -1.4220e+00      -6.4881e-01
 1.0000e-01       2.1000e+00       6.7106e-01       7.6183e-01       2.6103e+00       4.6323e-01      -1.3894e+00      -6.5062e-01
 1.0000e-01       2.1000e+00       6.8106e-01       7.8077e-01       2.5528e+00       4.6925e-01      -1.3575e+00      -6.5226e-01
 1.0000e-01       2.1000e+00       6.9106e-01       7.9957e-01       2.4964e+00       4.7470e-01      -1.3263e+00      -6.5373e-01
 1.0000e-01       2.1000e+00       7.0106e-01       8.1823e-01       2.4413e+00       4.7962e-01      -1.2958e+00      -6.5503e-01
 1.0000e-01       2.1000e+00       7.1106e-01       8.3674e-01       2.3874e+00       4.8404e-01      -1.2660e+00      -6.5619e-01
 1.0000e-01       2.1000e+00       7.2106e-01       8.5509e-01       2.3346e+00       4.8798e-01      -1.2369e+00      -6.5719e-01
 1.0000e-01       2.1000e+00       7.3106e-01       8.7328e-01       2.2830e+00       4.9146e-01      -1.2084e+00      -6.5804e-01
 1.0000e-01       2.1000e+00       7.4106e-01       8.9130e-01       2.2325e+00       4.9450e-01      -1.1806e+00      -6.5876e-01
 1.0000e-01       2.1000e+00       7.5106e-01       9.0915e-01       2.1831e+00       4.9713e-01      -1.1534e+00      -6.5935e-01
 1.0000e-01       2.1000e+00       7.6106e-01       9.2683e-01       2.1349e+00       4.9936e-01      -1.1268e+00      -6.5980e-01
 1.0000e-01       2.1000e+00       7.7106e-01       9.4432e-01       2.0876e+00       5.0121e-01      -1.1009e+00      -6.6013e-01
 1.0000e-01       2.1000e+00       7.8106e-01       9.6164e-01       2.0415e+00       5.0271e-01      -1.0755e+00      -6.6035e-01
 1.0000e-01       2.1000e+00       7.9106e-01       9.7877e-01       1.9963e+00       5.0387e-01      -1.0506e+00      -6.6045e-01
 1.0000e-01       2.1000e+00       8.0106e-01       9.9572e-01       1.9522e+00       5.0470e-01      -1.0264e+00      -6.6044e-01
 1.0000e-01       2.1000e+00       8.1106e-01       1.0125e+00       1.9091e+00       5.0522e-01      -1.0027e+00      -6.6033e-01
 1.0000e-01       2.1000e+00       8.2106e-01       1.0291e+00       1.8669e+00       5.0545e-01      -9.7950e-01      -6.6011e-01
 1.0000e-01       2.1000e+00       8.3106e-01       1.0455e+00       1.8257e+00       5.0540e-01      -9.5685e-01      -6.5980e-01
 1.0000e-01       2.1000e+00       8.4106e-01       1.0617e+00       1.7854e+00       5.0509e-01      -9.3472e-01      -6.5940e-01
 1.0000e-01       2.1000e+00       8.5106e-01       1.0777e+00       1.7461e+00       5.0453e-01      -9.1310e-01      -6.5891e-01
 1.0000e-01       2.1000e+00       8.6106e-01       1.0935e+00       1.7076e+00       5.0372e-01      -8.9196e-01      -6.5834e-01
 1.0000e-01       2.1000e+00       8.7106e-01       1.1092e+00       1.6701e+00       5.0269e-01      -8.7131e-01      -6.5769e-01
 1.0000e-01       2.1000e+00       8.8106e-01       1.1247e+00       1.6334e+00       5.0144e-01      -8.5113e-01      -6.5696e-01
 1.0000e-01       2.1000e+00       8.9106e-01       1.1400e+00       1.5975e+00       4.9999e-01      -8.3141e-01      -6.5616e-01
 1.0000e-01       2.1000e+00       9.0106e-01       1.1551e+00       1.5625e+00       4.9835e-01      -8.1213e-01      -6.5529e-01
 1.0000e-01       2.1000e+00       9.1106e-01       1.1700e+00       1.5283e+00       4.9652e-01      -7.9330e-01      -6.5436e-01
 1.0000e-01       2.1000e+00       9.2106e-01       1.1848e+00       1.4949e+00       4.9452e-01      -7.7490e-01      -6.5336e-01
 1.0000e-01       2.1000e+00       9.3106e-01       1.1994e+00       1.4623e+00       4.9236e-01      -7.5691e-01      -6.5231e-01
 1.0000e-01       2.1000e+00       9.4106e-01       1.2138e+00       1.4305e+00       4.9004e-01      -7.3934e-01      -6.5119e-01
 1.0000e-01       2.1000e+00       9.5106e-01       1.2281e+00       1.3994e+00       4.8757e-01      -7.2217e-01      -6.5003e-01
 1.0000e-01       2.1000e+00       9.6106e-01       1.2422e+00       1.3691e+00       4.8496e-01      -7.0539e-01      -6.4881e-01
 1.0000e-01       2.1000e+00       9.7106e-01       1.2561e+00       1.3395e+00       4.8223e-01      -6.8899e-01      -6.4755e-01
 1.0000e-01       2.1000e+00       9.8106e-01       1.2699e+00       1.3106e+00       4.7937e-01      -6.7296e-01      -6.4624e-01
 1.0000e-01       2.1000e+00       9.9106e-01       1.2835e+00       1.2824e+00       4.7639e-01      -6.5731e-01      -6.4489e-01
 1.0000e-01       2.1000e+00       1.0011e+00       1.2969e+00       1.2548e+00       4.7331e-01      -6.4201e-01      -6.4350e-01
 1.0000e-01       2.1000e+00       1.0111e+00       1.3102e+00       1.2280e+00       4.7012e-01      -6.2705e-01      -6.4207e-01
 1.0000e-01       2.1000e+00       1.0211e+00       1.3234e+00       1.2018e+00       4.6684e-01      -6.1244e-01      -6.4061e-01
 1.0000e-01       2.1000e+00       1.0311e+00       1.3364e+00       1.1762e+00       4.6346e-01      -5.9817e-01      -6.3911e-01
 1.0000e-01       2.1000e+00       1.0411e+00       1.3492e+00       1.1512e+00       4.6000e-01      -5.8421e-01      -6.3758e-01
 1.0000e-01       2.1000e+00       1.0511e+00       1.3619e+00       1.1269e+00       4.5647e-01      -5.7058e-01      -6.3602e-01
 1.0000e-01       2.1000e+00       1.0611e+00       1.3745e+00       1.1032e+00       4.5286e-01      -5.5725e-01      -6.3444e-01
 1.0000e-01       2.1000e+00       1.0711e+00       1.3870e+00       1.0800e+00       4.4918e-01      -5.4423e-01      -6.3283e-01
 1.0000e-01       2.1000e+00       1.0811e+00       1.3993e+00       1.0574e+00       4.4544e-01      -5.3151e-01      -6.3120e-01
 1.0000e-01       2.1000e+00       1.0911e+00       1.4114e+00       1.0354e+00       4.4164e-01      -5.1907e-01      -6.2954e-01
 1.0000e-01       2.1000e+00       1.1011e+00       1.4235e+00       1.0140e+00       4.3778e-01      -5.0692e-01      -6.2787e-01
 1.0000e-01       2.1000e+00       1.1111e+00       1.4354e+00       9.9302e-01       4.3388e-01      -4.9504e-01      -6.2617e-01
 1.0000e-01       2.1000e+00       1.1211e+00       1.4472e+00       9.7261e-01       4.2993e-01      -4.8343e-01      -6.2446e-01
 1.0000e-01       2.1000e+00       1.1311e+00       1.4589e+00       9.5270e-01       4.2594e-01      -4.7209e-01      -6.2274e-01
 1.0000e-01       2.1000e+00       1.1411e+00       1.4704e+00       9.3331e-01       4.2191e-01      -4.6100e-01      -6.2099e-01
 1.0000e-01       2.1000e+00       1.1511e+00       1.4819e+00       9.1440e-01       4.1785e-01      -4.5016e-01      -6.1924e-01
 1.0000e-01       2.1000e+00       1.1611e+00       1.4932e+00       8.9596e-01       4.1375e-01      -4.3956e-01      -6.1748e-01
 1.0000e-01       2.1000e+00       1.1711e+00       1.5044e+00       8.7800e-01       4.0963e-01      -4.2921e-01      -6.1570e-01
 1.0000e-01       2.1000e+00       1.1811e+00       1.5156e+00       8.6049e-01       4.0548e-01      -4.1909e-01      -6.1392e-01
 1.0000e-01       2.1000e+00       1.1911e+00       1.5266e+00       8.4343e-01       4.0132e-01      -4.0919e-01      -6.1212e-01
 1.0000e-01       2.1000e+00       1.2011e+00       1.5375e+00       8.2680e-01       3.9713e-01      -3.9952e-01      -6.1032e-01
 1.0000e-01       2.1000e+00       1.2111e+00       1.5483e+00       8.1060e-01       3.9293e-01      -3.9006e-01      -6.0852e-01
 1.0000e-01       2.1000e+00       1.2211e+00       1.5590e+00       7.9481e-01       3.8872e-01      -3.8082e-01      -6.0670e-01
 1.0000e-01       2.1000e+00       1.2311e+00       1.5697e+00       7.7943e-01       3.8449e-01      -3.7178e-01      -6.0489e-01
 1.0000e-01       2.1000e+00       1.2411e+00       1.5802e+00       7.6444e-01       3.8026e-01      -3.6295e-01      -6.0307e-01
 1.0000e-01       2.1000e+00       1.2511e+00       1.5906e+00       7.4984e-01       3.7602e-01      -3.5431e-01      -6.0124e-01
 1.0000e-01       2.1000e+00       1.2611e+00       1.6010e+00       7.3562e-01       3.7178e-01      -3.4586e-01      -5.9942e-01
 1.0000e-01       2.1000e+00       1.2711e+00       1.6113e+00       7.2176e-01       3.6754e-01      -3.3760e-01      -5.9759e-01
 1.0000e-01       2.1000e+00       1.2811e+00       1.6215e+00       7.0826e-01       3.6330e-01      -3.2953e-01      -5.9576e-01
 1.0000e-01       2.1000e+00       1.2911e+00       1.6316e+00       6.9511e-01       3.5906e-01      -3.2163e-01      -5.9393e-01
 1.0000e-01       2.1000e+00       1.3011e+00       1.6417e+00       6.8230e-01       3.5483e-01      -3.1391e-01      -5.9211e-01
 1.0000e-01       2.1000e+00       1.3111e+00       1.6517e+00       6.6983e-01       3.5061e-01      -3.0636e-01      -5.9028e-01
 1.0000e-01       2.1000e+00       1.3211e+00       1.6616e+00       6.5768e-01       3.4639e-01      -2.9897e-01      -5.8845e-01
 1.0000e-01       2.1000e+00       1.3311e+00       1.6714e+00       6.4584e-01       3.4218e-01      -2.9175e-01      -5.8663e-01
 1.0000e-01       2.1000e+00       1.3411e+00       1.6812e+00       6.3431e-01       3.3798e-01      -2.8468e-01      -5.8480e-01
 1.0000e-01       2.1000e+00       1.3511e+00       1.6909e+00       6.2308e-01       3.3380e-01      -2.7777e-01      -5.8298e-01
 1.0000e-01       2.1000e+00       1.3611e+00       1.7006e+00       6.1214e-01       3.2963e-01      -2.7100e-01      -5.8116e-01
 1.0000e-01       2.1000e+00       1.3711e+00       1.7102e+00       6.0149e-01       3.2547e-01      -2.6439e-01      -5.7935e-01
 1.0000e-01       2.1000e+00       1.3811e+00       1.7197e+00       5.9111e-01       3.2134e-01      -2.5792e-01      -5.7754e-01
 1.0000e-01       2.1000e+00       1.3911e+00       1.7292e+00       5.8101e-01       3.1722e-01      -2.5159e-01      -5.7573e-01
 1.0000e-01       2.1000e+00       1.4011e+00       1.7386e+00       5.7116e-01       3.1312e-01      -2.4540e-01      -5.7392e-01
 1.0000e-01       2.1000e+00       1.4111e+00       1.7480e+00       5.6157e-01       3.0904e-01      -2.3934e-01      -5.7212e-01
 1.0000e-01       2.1000e+00       1.4211e+00       1.7573e+00       5.5223e-01       3.0498e-01      -2.3341e-01      -5.7032e-01
 1.0000e-01       2.1000e+00       1.4311e+00       1.7666e+00       5.4312e-01       3.0094e-01      -2.2760e-01      -5.6853e-01
 1.0000e-01       2.1000e+00       1.4411e+00       1.7758e+00       5.3426e-01       2.9692e-01      -2.2193e-01      -5.6674e-01
 1.0000e-01       2.1000e+00       1.4511e+00       1.7850e+00       5.2562e-01       2.9293e-01      -2.1637e-01      -5.6495e-01
 1.0000e-01       2.1000e+00       1.4611e+00       1.7942e+00       5.1720e-01       2.8897e-01      -2.1093e-01      -5.6317e-01
 1.0000e-01       2.1000e+00       1.4711e+00       1.8033e+00       5.0900e-01       2.8503e-01      -2.0561e-01      -5.6139e-01
 1.0000e-01       2.1000e+00       1.4811e+00       1.8124e+00       5.0100e-01       2.8111e-01      -2.0040e-01      -5.5962e-01
 1.0000e-01       2.1000e+00       1.4911e+00       1.8214e+00       4.9321e-01       2.7722e-01      -1.9530e-01      -5.5785e-01
