 3.0000e+00       2.1000e+00       3.0083e-01       9.0792e-01       1.2809e+00       0.0000e+00       0.0000e+00       0.0000e+00
 3.0000e+00       2.1000e+00       3.1083e-01       8.5608e-01       1.2588e+00       1.5599e-02      -6.9722e-03       6.3656e-02
 3.0000e+00       2.1000e+00       3.2083e-01       8.0797e-01       1.2378e+00       1.8931e-02      -1.2950e-02       8.8254e-02
 3.0000e+00       2.1000e+00       3.3083e-01       7.6324e-01       1.2178e+00       1.9567e-02      -1.8028e-02       1.0597e-01
 3.0000e+00       2.1000e+00       3.4083e-01       7.2163e-01       1.1988e+00       1.8639e-02      -2.2290e-02       1.1996e-01
 3.0000e+00       2.1000e+00       3.5083e-01       6.8286e-01       1.1807e+00       1.6646e-02      -2.5811e-02       1.3149e-01
 3.0000e+00       2.1000e+00       3.6083e-01       6.4671e-01       1.1634e+00       1.3870e-02      -2.8660e-02       1.4123e-01
 3.0000e+00       2.1000e+00       3.7083e-01       6.1297e-01       1.1469e+00       1.0493e-02      -3.0897e-02       1.4956e-01
 3.0000e+00       2.1000e+00       3.8083e-01       5.8146e-01       1.1311e+00       6.6415e-03      -3.2578e-02       1.5676e-01
 3.0000e+00       2.1000e+00       3.9083e-01       5.5200e-01       1.1161e+00       2.4086e-03      -3.3753e-02       1.6303e-01
 3.0000e+00       2.1000e+00       4.0083e-01       5.2445e-01       1.1017e+00      -2.1358e-03      -3.4468e-02       1.6849e-01
 3.0000e+00       2.1000e+00       4.1083e-01       4.9866e-01       1.0879e+00      -6.9373e-03      -3.4765e-02       1.7327e-01
 3.0000e+00       2.1000e+00       4.2083e-01       4.7452e-01       1.0746e+00      -1.1952e-02      -3.4682e-02       1.7745e-01
 3.0000e+00       2.1000e+00       4.3083e-01       4.5191e-01       1.0620e+00      -1.7146e-02      -3.4254e-02       1.8110e-01
 3.0000e+00       2.1000e+00       4.4083e-01       4.3072e-01       1.0499e+00      -2.2491e-02      -3.3512e-02       1.8428e-01
 3.0000e+00       2.1000e+00       4.5083e-01       4.1086e-01       1.0382e+00      -2.7961e-02      -3.2486e-02       1.8704e-01
 3.0000e+00       2.1000e+00       4.6083e-01       3.9224e-01       1.0271e+00      -3.3539e-02      -3.1203e-02       1.8942e-01
 3.0000e+00       2.1000e+00       4.7083e-01       3.7478e-01       1.0164e+00      -3.9207e-02      -2.9687e-02       1.9145e-01
 3.0000e+00       2.1000e+00       4.8083e-01       3.5841e-01       1.0061e+00      -4.4951e-02      -2.7962e-02       1.9318e-01
 3.0000e+00       2.1000e+00       4.9083e-01       3.4306e-01       9.9624e-01      -5.0759e-02      -2.6049e-02       1.9462e-01
 3.0000e+00       2.1000e+00       5.0083e-01       3.2867e-01       9.8678e-01      -5.6620e-02      -2.3967e-02       1.9580e-01
 3.0000e+00       2.1000e+00       5.1083e-01       3.1518e-01       9.7770e-01      -6.2526e-02      -2.1733e-02       1.9674e-01
 3.0000e+00       2.1000e+00       5.2083e-01       3.0254e-01       9.6899e-01      -6.8469e-02      -1.9366e-02       1.9746e-01
 3.0000e+00       2.1000e+00       5.3083e-01       2.9070e-01       9.6063e-01      -7.4442e-02      -1.6879e-02       1.9798e-01
 3.0000e+00       2.1000e+00       5.4083e-01       2.7961e-01       9.5260e-01      -8.0439e-02      -1.4287e-02       1.9831e-01
 3.0000e+00       2.1000e+00       5.5083e-01       2.6923e-01       9.4490e-01      -8.6455e-02      -1.1605e-02       1.9847e-01
 3.0000e+00       2.1000e+00       5.6083e-01       2.5952e-01       9.3750e-01      -9.2485e-02      -8.8424e-03       1.9848e-01
 3.0000e+00       2.1000e+00       5.7083e-01       2.5044e-01       9.3041e-01      -9.8525e-02      -6.0124e-03       1.9833e-01
 3.0000e+00       2.1000e+00       5.8083e-01       2.4197e-01       9.2360e-01      -1.0457e-01      -3.1251e-03       1.9805e-01
 3.0000e+00       2.1000e+00       5.9083e-01       2.3406e-01       9.1707e-01      -1.1062e-01      -1.9036e-04       1.9764e-01
 3.0000e+00       2.1000e+00       6.0083e-01       2.2669e-01       9.1080e-01      -1.1667e-01       2.7828e-03       1.9711e-01
 3.0000e+00       2.1000e+00       6.1083e-01       2.1983e-01       9.0479e-01      -1.2271e-01       5.7859e-03       1.9648e-01
 3.0000e+00       2.1000e+00       6.2083e-01       2.1345e-01       8.9903e-01      -1.2875e-01       8.8111e-03       1.9574e-01
 3.0000e+00       2.1000e+00       6.3083e-01       2.0753e-01       8.9351e-01      -1.3479e-01       1.1851e-02       1.9491e-01
 3.0000e+00       2.1000e+00       6.4083e-01       2.0205e-01       8.8822e-01      -1.4081e-01       1.4899e-02       1.9399e-01
 3.0000e+00       2.1000e+00       6.5083e-01       1.9699e-01       8.8315e-01      -1.4682e-01       1.7949e-02       1.9299e-01
 3.0000e+00       2.1000e+00       6.6083e-01       1.9232e-01       8.7830e-01      -1.5282e-01       2.0995e-02       1.9191e-01
 3.0000e+00       2.1000e+00       6.7083e-01       1.8802e-01       8.7366e-01      -1.5880e-01       2.4032e-02       1.9076e-01
 3.0000e+00       2.1000e+00       6.8083e-01       1.8408e-01       8.6921e-01      -1.6476e-01       2.7054e-02       1.8955e-01
 3.0000e+00       2.1000e+00       6.9083e-01       1.8048e-01       8.6496e-01      -1.7071e-01       3.0057e-02       1.8828e-01
 3.0000e+00       2.1000e+00       7.0083e-01       1.7721e-01       8.6090e-01      -1.7664e-01       3.3036e-02       1.8695e-01
 3.0000e+00       2.1000e+00       7.1083e-01       1.7425e-01       8.5702e-01      -1.8255e-01       3.5989e-02       1.8557e-01
 3.0000e+00       2.1000e+00       7.2083e-01       1.7158e-01       8.5331e-01      -1.8844e-01       3.8910e-02       1.8414e-01
 3.0000e+00       2.1000e+00       7.3083e-01       1.6919e-01       8.4977e-01      -1.9430e-01       4.1797e-02       1.8266e-01
 3.0000e+00       2.1000e+00       7.4083e-01       1.6707e-01       8.4639e-01      -2.0014e-01       4.4647e-02       1.8114e-01
 3.0000e+00       2.1000e+00       7.5083e-01       1.6521e-01       8.4318e-01      -2.0596e-01       4.7456e-02       1.7959e-01
 3.0000e+00       2.1000e+00       7.6083e-01       1.6360e-01       8.4011e-01      -2.1175e-01       5.0223e-02       1.7800e-01
 3.0000e+00       2.1000e+00       7.7083e-01       1.6221e-01       8.3720e-01      -2.1751e-01       5.2944e-02       1.7638e-01
 3.0000e+00       2.1000e+00       7.8083e-01       1.6106e-01       8.3442e-01      -2.2325e-01       5.5617e-02       1.7472e-01
 3.0000e+00       2.1000e+00       7.9083e-01       1.6012e-01       8.3178e-01      -2.2895e-01       5.8241e-02       1.7304e-01
 3.0000e+00       2.1000e+00       8.0083e-01       1.5938e-01       8.2928e-01      -2.3463e-01       6.0813e-02       1.7134e-01
 3.0000e+00       2.1000e+00       8.1083e-01       1.5884e-01       8.2691e-01      -2.4029e-01       6.3332e-02       1.6961e-01
 3.0000e+00       2.1000e+00       8.2083e-01       1.5848e-01       8.2466e-01      -2.4591e-01       6.5797e-02       1.6786e-01
 3.0000e+00       2.1000e+00       8.3083e-01       1.5831e-01       8.2253e-01      -2.5150e-01       6.8206e-02       1.6609e-01
 3.0000e+00       2.1000e+00       8.4083e-01       1.5831e-01       8.2051e-01      -2.5705e-01       7.0558e-02       1.6431e-01
 3.0000e+00       2.1000e+00       8.5083e-01       1.5847e-01       8.1861e-01      -2.6258e-01       7.2851e-02       1.6251e-01
 3.0000e+00       2.1000e+00       8.6083e-01       1.5879e-01       8.1682e-01      -2.6808e-01       7.5086e-02       1.6070e-01
 3.0000e+00       2.1000e+00       8.7083e-01       1.5926e-01       8.1513e-01      -2.7354e-01       7.7260e-02       1.5887e-01
 3.0000e+00       2.1000e+00       8.8083e-01       1.5988e-01       8.1354e-01      -2.7896e-01       7.9374e-02       1.5704e-01
 3.0000e+00       2.1000e+00       8.9083e-01       1.6064e-01       8.1205e-01      -2.8436e-01       8.1427e-02       1.5519e-01
 3.0000e+00       2.1000e+00       9.0083e-01       1.6153e-01       8.1065e-01      -2.8972e-01       8.3417e-02       1.5334e-01
 3.0000e+00       2.1000e+00       9.1083e-01       1.6254e-01       8.0934e-01      -2.9504e-01       8.5346e-02       1.5149e-01
 3.0000e+00       2.1000e+00       9.2083e-01       1.6368e-01       8.0812e-01      -3.0033e-01       8.7212e-02       1.4962e-01
 3.0000e+00       2.1000e+00       9.3083e-01       1.6494e-01       8.0699e-01      -3.0558e-01       8.9015e-02       1.4775e-01
 3.0000e+00       2.1000e+00       9.4083e-01       1.6630e-01       8.0593e-01      -3.1080e-01       9.0755e-02       1.4588e-01
 3.0000e+00       2.1000e+00       9.5083e-01       1.6778e-01       8.0496e-01      -3.1598e-01       9.2432e-02       1.4401e-01
 3.0000e+00       2.1000e+00       9.6083e-01       1.6935e-01       8.0405e-01      -3.2112e-01       9.4046e-02       1.4214e-01
 3.0000e+00       2.1000e+00       9.7083e-01       1.7103e-01       8.0322e-01      -3.2623e-01       9.5597e-02       1.4026e-01
 3.0000e+00       2.1000e+00       9.8083e-01       1.7280e-01       8.0246e-01      -3.3129e-01       9.7086e-02       1.3839e-01
 3.0000e+00       2.1000e+00       9.9083e-01       1.7466e-01       8.0177e-01      -3.3632e-01       9.8511e-02       1.3652e-01
 3.0000e+00       2.1000e+00       1.0008e+00       1.7661e-01       8.0114e-01      -3.4131e-01       9.9874e-02       1.3465e-01
 3.0000e+00       2.1000e+00       1.0108e+00       1.7864e-01       8.0057e-01      -3.4626e-01       1.0117e-01       1.3278e-01
 3.0000e+00       2.1000e+00       1.0208e+00       1.8075e-01       8.0006e-01      -3.5118e-01       1.0241e-01       1.3092e-01
 3.0000e+00       2.1000e+00       1.0308e+00       1.8293e-01       7.9960e-01      -3.5605e-01       1.0359e-01       1.2906e-01
 3.0000e+00       2.1000e+00       1.0408e+00       1.8519e-01       7.9920e-01      -3.6088e-01       1.0471e-01       1.2721e-01
 3.0000e+00       2.1000e+00       1.0508e+00       1.8752e-01       7.9886e-01      -3.6567e-01       1.0576e-01       1.2536e-01
 3.0000e+00       2.1000e+00       1.0608e+00       1.8991e-01       7.9856e-01      -3.7043e-01       1.0675e-01       1.2351e-01
 3.0000e+00       2.1000e+00       1.0708e+00       1.9237e-01       7.9830e-01      -3.7514e-01       1.0769e-01       1.2168e-01
 3.0000e+00       2.1000e+00       1.0808e+00       1.9488e-01       7.9810e-01      -3.7981e-01       1.0856e-01       1.1985e-01
 3.0000e+00       2.1000e+00       1.0908e+00       1.9746e-01       7.9793e-01      -3.8444e-01       1.0938e-01       1.1803e-01
 3.0000e+00       2.1000e+00       1.1008e+00       2.0009e-01       7.9781e-01      -3.8903e-01       1.1014e-01       1.1622e-01
 3.0000e+00       2.1000e+00       1.1108e+00       2.0277e-01       7.9772e-01      -3.9358e-01       1.1084e-01       1.1441e-01
 3.0000e+00       2.1000e+00       1.1208e+00       2.0551e-01       7.9767e-01      -3.9808e-01       1.1148e-01       1.1261e-01
 3.0000e+00       2.1000e+00       1.1308e+00       2.0829e-01       7.9766e-01      -4.0254e-01       1.1207e-01       1.1083e-01
 3.0000e+00       2.1000e+00       1.1408e+00       2.1111e-01       7.9768e-01      -4.0697e-01       1.1260e-01       1.0905e-01
 3.0000e+00       2.1000e+00       1.1508e+00       2.1398e-01       7.9773e-01      -4.1135e-01       1.1308e-01       1.0728e-01
 3.0000e+00       2.1000e+00       1.1608e+00       2.1690e-01       7.9781e-01      -4.1568e-01       1.1350e-01       1.0552e-01
 3.0000e+00       2.1000e+00       1.1708e+00       2.1984e-01       7.9791e-01      -4.1998e-01       1.1388e-01       1.0378e-01
 3.0000e+00       2.1000e+00       1.1808e+00       2.2283e-01       7.9804e-01      -4.2423e-01       1.1419e-01       1.0204e-01
 3.0000e+00       2.1000e+00       1.1908e+00       2.2585e-01       7.9820e-01      -4.2844e-01       1.1446e-01       1.0031e-01
 3.0000e+00       2.1000e+00       1.2008e+00       2.2891e-01       7.9838e-01      -4.3260e-01       1.1467e-01       9.8598e-02
 3.0000e+00       2.1000e+00       1.2108e+00       2.3200e-01       7.9858e-01      -4.3672e-01       1.1484e-01       9.6895e-02
 3.0000e+00       2.1000e+00       1.2208e+00       2.3511e-01       7.9879e-01      -4.4080e-01       1.1495e-01       9.5204e-02
 3.0000e+00       2.1000e+00       1.2308e+00       2.3825e-01       7.9903e-01      -4.4484e-01       1.1502e-01       9.3524e-02
 3.0000e+00       2.1000e+00       1.2408e+00       2.4142e-01       7.9928e-01      -4.4883e-01       1.1504e-01       9.1856e-02
 3.0000e+00       2.1000e+00       1.2508e+00       2.4462e-01       7.9955e-01      -4.5278e-01       1.1501e-01       9.0201e-02
 3.0000e+00       2.1000e+00       1.2608e+00       2.4784e-01       7.9983e-01      -4.5668e-01       1.1493e-01       8.8558e-02
 3.0000e+00       2.1000e+00       1.2708e+00       2.5107e-01       8.0012e-01      -4.6054e-01       1.1481e-01       8.6927e-02
 3.0000e+00       2.1000e+00       1.2808e+00       2.5433e-01       8.0042e-01      -4.6436e-01       1.1465e-01       8.5309e-02
 3.0000e+00       2.1000e+00       1.2908e+00       2.5761e-01       8.0074e-01      -4.6813e-01       1.1444e-01       8.3704e-02
 3.0000e+00       2.1000e+00       1.3008e+00       2.6091e-01       8.0106e-01      -4.7186e-01       1.1419e-01       8.2112e-02
 3.0000e+00       2.1000e+00       1.3108e+00       2.6422e-01       8.0138e-01      -4.7554e-01       1.1390e-01       8.0533e-02
 3.0000e+00       2.1000e+00       1.3208e+00       2.6754e-01       8.0172e-01      -4.7918e-01       1.1357e-01       7.8967e-02
 3.0000e+00       2.1000e+00       1.3308e+00       2.7088e-01       8.0205e-01      -4.8278e-01       1.1319e-01       7.7414e-02
 3.0000e+00       2.1000e+00       1.3408e+00       2.7423e-01       8.0239e-01      -4.8633e-01       1.1278e-01       7.5875e-02
 3.0000e+00       2.1000e+00       1.3508e+00       2.7759e-01       8.0273e-01      -4.8983e-01       1.1233e-01       7.4349e-02
 3.0000e+00       2.1000e+00       1.3608e+00       2.8096e-01       8.0308e-01      -4.9330e-01       1.1184e-01       7.2837e-02
 3.0000e+00       2.1000e+00       1.3708e+00       2.8434e-01       8.0342e-01      -4.9672e-01       1.1131e-01       7.1338e-02
 3.0000e+00       2.1000e+00       1.3808e+00       2.8772e-01       8.0376e-01      -5.0009e-01       1.1075e-01       6.9853e-02
 3.0000e+00       2.1000e+00       1.3908e+00       2.9111e-01       8.0410e-01      -5.0342e-01       1.1016e-01       6.8382e-02
 3.0000e+00       2.1000e+00       1.4008e+00       2.9451e-01       8.0444e-01      -5.0670e-01       1.0953e-01       6.6924e-02
 3.0000e+00       2.1000e+00       1.4108e+00       2.9791e-01       8.0477e-01      -5.0995e-01       1.0886e-01       6.5480e-02
 3.0000e+00       2.1000e+00       1.4208e+00       3.0132e-01       8.0510e-01      -5.1314e-01       1.0817e-01       6.4050e-02
 3.0000e+00       2.1000e+00       1.4308e+00       3.0473e-01       8.0542e-01      -5.1629e-01       1.0744e-01       6.2634e-02
 3.0000e+00       2.1000e+00       1.4408e+00       3.0813e-01       8.0574e-01      -5.1940e-01       1.0668e-01       6.1232e-02
 3.0000e+00       2.1000e+00       1.4508e+00       3.1154e-01       8.0604e-01      -5.2247e-01       1.0589e-01       5.9844e-02
 3.0000e+00       2.1000e+00       1.4608e+00       3.1495e-01       8.0634e-01      -5.2549e-01       1.0507e-01       5.8470e-02
 3.0000e+00       2.1000e+00       1.4708e+00       3.1836e-01       8.0663e-01      -5.2846e-01       1.0423e-01       5.7109e-02
 3.0000e+00       2.1000e+00       1.4808e+00       3.2176e-01       8.0691e-01      -5.3139e-01       1.0336e-01       5.5763e-02
 3.0000e+00       2.1000e+00       1.4908e+00       3.2517e-01       8.0717e-01      -5.3428e-01       1.0246e-01       5.4431e-02
