 8.5000e+00       3.2800e+00       3.3388e-01       2.2437e-02       1.9033e-02       0.0000e+00       0.0000e+00       0.0000e+00
 8.5000e+00       3.2800e+00       3.4388e-01       2.1021e-02       1.8598e-02       1.4422e-03      -6.1289e-05       1.7196e-03
 8.5000e+00       3.2800e+00       3.5388e-01       1.9710e-02       1.8185e-02       1.9150e-03      -1.0747e-04       2.3720e-03
 8.5000e+00       3.2800e+00       3.6388e-01       1.8492e-02       1.7793e-02       2.2017e-03      -1.4017e-04       2.8337e-03
 8.5000e+00       3.2800e+00       3.7388e-01       1.7361e-02       1.7421e-02       2.3858e-03      -1.6084e-04       3.1916e-03
 8.5000e+00       3.2800e+00       3.8388e-01       1.6310e-02       1.7068e-02       2.5021e-03      -1.7079e-04       3.4805e-03
 8.5000e+00       3.2800e+00       3.9388e-01       1.5331e-02       1.6732e-02       2.5697e-03      -1.7122e-04       3.7189e-03
 8.5000e+00       3.2800e+00       4.0388e-01       1.4420e-02       1.6413e-02       2.6005e-03      -1.6322e-04       3.9180e-03
 8.5000e+00       3.2800e+00       4.1388e-01       1.3570e-02       1.6109e-02       2.6027e-03      -1.4775e-04       4.0854e-03
 8.5000e+00       3.2800e+00       4.2388e-01       1.2778e-02       1.5821e-02       2.5822e-03      -1.2571e-04       4.2265e-03
 8.5000e+00       3.2800e+00       4.3388e-01       1.2038e-02       1.5547e-02       2.5434e-03      -9.7916e-05       4.3454e-03
 8.5000e+00       3.2800e+00       4.4388e-01       1.1347e-02       1.5286e-02       2.4896e-03      -6.5092e-05       4.4452e-03
 8.5000e+00       3.2800e+00       4.5388e-01       1.0701e-02       1.5038e-02       2.4236e-03      -2.7912e-05       4.5284e-03
 8.5000e+00       3.2800e+00       4.6388e-01       1.0098e-02       1.4802e-02       2.3476e-03       1.3017e-05       4.5971e-03
 8.5000e+00       3.2800e+00       4.7388e-01       9.5328e-03       1.4578e-02       2.2633e-03       5.7139e-05       4.6529e-03
 8.5000e+00       3.2800e+00       4.8388e-01       9.0043e-03       1.4365e-02       2.1721e-03       1.0395e-04       4.6973e-03
 8.5000e+00       3.2800e+00       4.9388e-01       8.5094e-03       1.4163e-02       2.0754e-03       1.5299e-04       4.7315e-03
 8.5000e+00       3.2800e+00       5.0388e-01       8.0458e-03       1.3970e-02       1.9742e-03       2.0384e-04       4.7565e-03
 8.5000e+00       3.2800e+00       5.1388e-01       7.6115e-03       1.3787e-02       1.8692e-03       2.5613e-04       4.7733e-03
 8.5000e+00       3.2800e+00       5.2388e-01       7.2043e-03       1.3614e-02       1.7613e-03       3.0950e-04       4.7827e-03
 8.5000e+00       3.2800e+00       5.3388e-01       6.8226e-03       1.3448e-02       1.6511e-03       3.6364e-04       4.7854e-03
 8.5000e+00       3.2800e+00       5.4388e-01       6.4646e-03       1.3291e-02       1.5391e-03       4.1828e-04       4.7820e-03
 8.5000e+00       3.2800e+00       5.5388e-01       6.1287e-03       1.3143e-02       1.4258e-03       4.7314e-04       4.7731e-03
 8.5000e+00       3.2800e+00       5.6388e-01       5.8136e-03       1.3001e-02       1.3117e-03       5.2800e-04       4.7591e-03
 8.5000e+00       3.2800e+00       5.7388e-01       5.5179e-03       1.2867e-02       1.1970e-03       5.8265e-04       4.7406e-03
 8.5000e+00       3.2800e+00       5.8388e-01       5.2404e-03       1.2739e-02       1.0821e-03       6.3689e-04       4.7179e-03
 8.5000e+00       3.2800e+00       5.9388e-01       4.9799e-03       1.2619e-02       9.6731e-04       6.9056e-04       4.6915e-03
 8.5000e+00       3.2800e+00       6.0388e-01       4.7353e-03       1.2504e-02       8.5278e-04       7.4350e-04       4.6617e-03
 8.5000e+00       3.2800e+00       6.1388e-01       4.5057e-03       1.2395e-02       7.3875e-04       7.9558e-04       4.6287e-03
 8.5000e+00       3.2800e+00       6.2388e-01       4.2902e-03       1.2292e-02       6.2540e-04       8.4667e-04       4.5929e-03
 8.5000e+00       3.2800e+00       6.3388e-01       4.0879e-03       1.2195e-02       5.1289e-04       8.9666e-04       4.5545e-03
 8.5000e+00       3.2800e+00       6.4388e-01       3.8979e-03       1.2102e-02       4.0136e-04       9.4545e-04       4.5138e-03
 8.5000e+00       3.2800e+00       6.5388e-01       3.7196e-03       1.2015e-02       2.9092e-04       9.9298e-04       4.4709e-03
 8.5000e+00       3.2800e+00       6.6388e-01       3.5522e-03       1.1932e-02       1.8169e-04       1.0391e-03       4.4262e-03
 8.5000e+00       3.2800e+00       6.7388e-01       3.3951e-03       1.1853e-02       7.3750e-05       1.0839e-03       4.3797e-03
 8.5000e+00       3.2800e+00       6.8388e-01       3.2476e-03       1.1779e-02      -3.2811e-05       1.1272e-03       4.3317e-03
 8.5000e+00       3.2800e+00       6.9388e-01       3.1093e-03       1.1709e-02      -1.3793e-04       1.1690e-03       4.2823e-03
 8.5000e+00       3.2800e+00       7.0388e-01       2.9796e-03       1.1643e-02      -2.4154e-04       1.2092e-03       4.2317e-03
 8.5000e+00       3.2800e+00       7.1388e-01       2.8579e-03       1.1580e-02      -3.4360e-04       1.2478e-03       4.1800e-03
 8.5000e+00       3.2800e+00       7.2388e-01       2.7438e-03       1.1521e-02      -4.4406e-04       1.2848e-03       4.1273e-03
 8.5000e+00       3.2800e+00       7.3388e-01       2.6369e-03       1.1465e-02      -5.4288e-04       1.3202e-03       4.0737e-03
 8.5000e+00       3.2800e+00       7.4388e-01       2.5367e-03       1.1412e-02      -6.4004e-04       1.3540e-03       4.0194e-03
 8.5000e+00       3.2800e+00       7.5388e-01       2.4429e-03       1.1362e-02      -7.3550e-04       1.3861e-03       3.9645e-03
 8.5000e+00       3.2800e+00       7.6388e-01       2.3550e-03       1.1315e-02      -8.2926e-04       1.4165e-03       3.9090e-03
 8.5000e+00       3.2800e+00       7.7388e-01       2.2729e-03       1.1270e-02      -9.2128e-04       1.4453e-03       3.8531e-03
 8.5000e+00       3.2800e+00       7.8388e-01       2.1960e-03       1.1228e-02      -1.0116e-03       1.4725e-03       3.7968e-03
 8.5000e+00       3.2800e+00       7.9388e-01       2.1242e-03       1.1189e-02      -1.1001e-03       1.4980e-03       3.7402e-03
 8.5000e+00       3.2800e+00       8.0388e-01       2.0571e-03       1.1152e-02      -1.1869e-03       1.5218e-03       3.6834e-03
 8.5000e+00       3.2800e+00       8.1388e-01       1.9944e-03       1.1116e-02      -1.2719e-03       1.5441e-03       3.6265e-03
 8.5000e+00       3.2800e+00       8.2388e-01       1.9360e-03       1.1083e-02      -1.3552e-03       1.5647e-03       3.5694e-03
 8.5000e+00       3.2800e+00       8.3388e-01       1.8816e-03       1.1052e-02      -1.4367e-03       1.5838e-03       3.5124e-03
 8.5000e+00       3.2800e+00       8.4388e-01       1.8308e-03       1.1022e-02      -1.5164e-03       1.6013e-03       3.4553e-03
 8.5000e+00       3.2800e+00       8.5388e-01       1.7837e-03       1.0994e-02      -1.5944e-03       1.6172e-03       3.3983e-03
 8.5000e+00       3.2800e+00       8.6388e-01       1.7398e-03       1.0968e-02      -1.6707e-03       1.6317e-03       3.3414e-03
 8.5000e+00       3.2800e+00       8.7388e-01       1.6991e-03       1.0943e-02      -1.7453e-03       1.6446e-03       3.2847e-03
 8.5000e+00       3.2800e+00       8.8388e-01       1.6614e-03       1.0919e-02      -1.8181e-03       1.6561e-03       3.2282e-03
 8.5000e+00       3.2800e+00       8.9388e-01       1.6265e-03       1.0897e-02      -1.8892e-03       1.6662e-03       3.1720e-03
 8.5000e+00       3.2800e+00       9.0388e-01       1.5942e-03       1.0876e-02      -1.9587e-03       1.6749e-03       3.1160e-03
 8.5000e+00       3.2800e+00       9.1388e-01       1.5644e-03       1.0856e-02      -2.0264e-03       1.6822e-03       3.0603e-03
 8.5000e+00       3.2800e+00       9.2388e-01       1.5369e-03       1.0837e-02      -2.0925e-03       1.6881e-03       3.0049e-03
 8.5000e+00       3.2800e+00       9.3388e-01       1.5116e-03       1.0819e-02      -2.1570e-03       1.6928e-03       2.9499e-03
 8.5000e+00       3.2800e+00       9.4388e-01       1.4884e-03       1.0802e-02      -2.2198e-03       1.6962e-03       2.8953e-03
 8.5000e+00       3.2800e+00       9.5388e-01       1.4672e-03       1.0786e-02      -2.2810e-03       1.6983e-03       2.8411e-03
 8.5000e+00       3.2800e+00       9.6388e-01       1.4478e-03       1.0770e-02      -2.3407e-03       1.6992e-03       2.7873e-03
 8.5000e+00       3.2800e+00       9.7388e-01       1.4301e-03       1.0755e-02      -2.3987e-03       1.6990e-03       2.7340e-03
 8.5000e+00       3.2800e+00       9.8388e-01       1.4140e-03       1.0741e-02      -2.4552e-03       1.6976e-03       2.6812e-03
 8.5000e+00       3.2800e+00       9.9388e-01       1.3995e-03       1.0727e-02      -2.5102e-03       1.6951e-03       2.6289e-03
 8.5000e+00       3.2800e+00       1.0039e+00       1.3865e-03       1.0713e-02      -2.5636e-03       1.6916e-03       2.5770e-03
 8.5000e+00       3.2800e+00       1.0139e+00       1.3748e-03       1.0701e-02      -2.6156e-03       1.6870e-03       2.5257e-03
 8.5000e+00       3.2800e+00       1.0239e+00       1.3643e-03       1.0688e-02      -2.6661e-03       1.6814e-03       2.4749e-03
 8.5000e+00       3.2800e+00       1.0339e+00       1.3551e-03       1.0676e-02      -2.7151e-03       1.6748e-03       2.4246e-03
 8.5000e+00       3.2800e+00       1.0439e+00       1.3469e-03       1.0664e-02      -2.7627e-03       1.6673e-03       2.3749e-03
 8.5000e+00       3.2800e+00       1.0539e+00       1.3398e-03       1.0652e-02      -2.8089e-03       1.6589e-03       2.3258e-03
 8.5000e+00       3.2800e+00       1.0639e+00       1.3337e-03       1.0641e-02      -2.8536e-03       1.6497e-03       2.2772e-03
 8.5000e+00       3.2800e+00       1.0739e+00       1.3286e-03       1.0630e-02      -2.8971e-03       1.6396e-03       2.2293e-03
 8.5000e+00       3.2800e+00       1.0839e+00       1.3242e-03       1.0618e-02      -2.9391e-03       1.6287e-03       2.1819e-03
 8.5000e+00       3.2800e+00       1.0939e+00       1.3207e-03       1.0607e-02      -2.9798e-03       1.6170e-03       2.1350e-03
 8.5000e+00       3.2800e+00       1.1039e+00       1.3179e-03       1.0596e-02      -3.0193e-03       1.6046e-03       2.0888e-03
 8.5000e+00       3.2800e+00       1.1139e+00       1.3158e-03       1.0585e-02      -3.0574e-03       1.5915e-03       2.0432e-03
 8.5000e+00       3.2800e+00       1.1239e+00       1.3144e-03       1.0574e-02      -3.0943e-03       1.5777e-03       1.9982e-03
 8.5000e+00       3.2800e+00       1.1339e+00       1.3135e-03       1.0563e-02      -3.1299e-03       1.5633e-03       1.9538e-03
 8.5000e+00       3.2800e+00       1.1439e+00       1.3133e-03       1.0552e-02      -3.1643e-03       1.5483e-03       1.9100e-03
 8.5000e+00       3.2800e+00       1.1539e+00       1.3135e-03       1.0541e-02      -3.1975e-03       1.5326e-03       1.8668e-03
 8.5000e+00       3.2800e+00       1.1639e+00       1.3142e-03       1.0529e-02      -3.2295e-03       1.5165e-03       1.8242e-03
 8.5000e+00       3.2800e+00       1.1739e+00       1.3154e-03       1.0518e-02      -3.2603e-03       1.4998e-03       1.7822e-03
 8.5000e+00       3.2800e+00       1.1839e+00       1.3169e-03       1.0506e-02      -3.2900e-03       1.4825e-03       1.7408e-03
 8.5000e+00       3.2800e+00       1.1939e+00       1.3189e-03       1.0494e-02      -3.3186e-03       1.4649e-03       1.7001e-03
 8.5000e+00       3.2800e+00       1.2039e+00       1.3211e-03       1.0482e-02      -3.3461e-03       1.4468e-03       1.6599e-03
 8.5000e+00       3.2800e+00       1.2139e+00       1.3237e-03       1.0470e-02      -3.3725e-03       1.4282e-03       1.6204e-03
 8.5000e+00       3.2800e+00       1.2239e+00       1.3266e-03       1.0457e-02      -3.3978e-03       1.4093e-03       1.5815e-03
 8.5000e+00       3.2800e+00       1.2339e+00       1.3297e-03       1.0444e-02      -3.4221e-03       1.3900e-03       1.5431e-03
 8.5000e+00       3.2800e+00       1.2439e+00       1.3331e-03       1.0431e-02      -3.4454e-03       1.3704e-03       1.5054e-03
 8.5000e+00       3.2800e+00       1.2539e+00       1.3366e-03       1.0418e-02      -3.4677e-03       1.3504e-03       1.4683e-03
 8.5000e+00       3.2800e+00       1.2639e+00       1.3404e-03       1.0404e-02      -3.4889e-03       1.3302e-03       1.4317e-03
 8.5000e+00       3.2800e+00       1.2739e+00       1.3443e-03       1.0390e-02      -3.5093e-03       1.3097e-03       1.3958e-03
 8.5000e+00       3.2800e+00       1.2839e+00       1.3483e-03       1.0375e-02      -3.5286e-03       1.2889e-03       1.3605e-03
 8.5000e+00       3.2800e+00       1.2939e+00       1.3525e-03       1.0360e-02      -3.5471e-03       1.2679e-03       1.3257e-03
 8.5000e+00       3.2800e+00       1.3039e+00       1.3568e-03       1.0345e-02      -3.5646e-03       1.2467e-03       1.2915e-03
 8.5000e+00       3.2800e+00       1.3139e+00       1.3612e-03       1.0330e-02      -3.5812e-03       1.2253e-03       1.2579e-03
 8.5000e+00       3.2800e+00       1.3239e+00       1.3656e-03       1.0314e-02      -3.5970e-03       1.2038e-03       1.2249e-03
 8.5000e+00       3.2800e+00       1.3339e+00       1.3701e-03       1.0297e-02      -3.6119e-03       1.1821e-03       1.1924e-03
 8.5000e+00       3.2800e+00       1.3439e+00       1.3747e-03       1.0281e-02      -3.6260e-03       1.1602e-03       1.1605e-03
 8.5000e+00       3.2800e+00       1.3539e+00       1.3792e-03       1.0264e-02      -3.6392e-03       1.1383e-03       1.1292e-03
 8.5000e+00       3.2800e+00       1.3639e+00       1.3838e-03       1.0246e-02      -3.6517e-03       1.1163e-03       1.0984e-03
 8.5000e+00       3.2800e+00       1.3739e+00       1.3884e-03       1.0228e-02      -3.6633e-03       1.0942e-03       1.0681e-03
 8.5000e+00       3.2800e+00       1.3839e+00       1.3930e-03       1.0210e-02      -3.6742e-03       1.0720e-03       1.0384e-03
 8.5000e+00       3.2800e+00       1.3939e+00       1.3976e-03       1.0191e-02      -3.6844e-03       1.0498e-03       1.0093e-03
