 2.0000e+00       3.2800e+00       3.0344e-02       1.4129e+00       4.8046e-01       0.0000e+00       0.0000e+00 
 2.0000e+00       3.2800e+00       4.0344e-02       1.2049e+00       4.3467e-01       1.7217e-01      -3.6996e-02 
 2.0000e+00       3.2800e+00       5.0344e-02       1.0289e+00       4.0199e-01       1.8983e-01      -6.0764e-02 
 2.0000e+00       3.2800e+00       6.0344e-02       8.8310e-01       3.7706e-01       1.8723e-01      -7.6715e-02 
 2.0000e+00       3.2800e+00       7.0344e-02       7.6252e-01       3.5705e-01       1.7833e-01      -8.7677e-02 
 2.0000e+00       3.2800e+00       8.0344e-02       6.6223e-01       3.4038e-01       1.6748e-01      -9.5271e-02 
 2.0000e+00       3.2800e+00       9.0344e-02       5.7819e-01       3.2606e-01       1.5632e-01      -1.0049e-01 
 2.0000e+00       3.2800e+00       1.0034e-01       5.0723e-01       3.1347e-01       1.4551e-01      -1.0398e-01 
 2.0000e+00       3.2800e+00       1.1034e-01       4.4687e-01       3.0220e-01       1.3529e-01      -1.0617e-01 
 2.0000e+00       3.2800e+00       1.2034e-01       3.9517e-01       2.9196e-01       1.2574e-01      -1.0737e-01 
 2.0000e+00       3.2800e+00       1.3034e-01       3.5063e-01       2.8253e-01       1.1686e-01      -1.0781e-01 
 2.0000e+00       3.2800e+00       1.4034e-01       3.1203e-01       2.7377e-01       1.0862e-01      -1.0764e-01 
 2.0000e+00       3.2800e+00       1.5034e-01       2.7842e-01       2.6556e-01       1.0097e-01      -1.0699e-01 
 2.0000e+00       3.2800e+00       1.6034e-01       2.4902e-01       2.5782e-01       9.3857e-02      -1.0596e-01 
 2.0000e+00       3.2800e+00       1.7034e-01       2.2320e-01       2.5048e-01       8.7244e-02      -1.0462e-01 
 2.0000e+00       3.2800e+00       1.8034e-01       2.0045e-01       2.4349e-01       8.1082e-02      -1.0303e-01 
 2.0000e+00       3.2800e+00       1.9034e-01       1.8034e-01       2.3681e-01       7.5330e-02      -1.0124e-01 
 2.0000e+00       3.2800e+00       2.0034e-01       1.6251e-01       2.3041e-01       6.9952e-02      -9.9293e-02 
 2.0000e+00       3.2800e+00       2.1034e-01       1.4666e-01       2.2426e-01       6.4917e-02      -9.7220e-02 
 2.0000e+00       3.2800e+00       2.2034e-01       1.3254e-01       2.1834e-01       6.0193e-02      -9.5049e-02 
 2.0000e+00       3.2800e+00       2.3034e-01       1.1993e-01       2.1263e-01       5.5757e-02      -9.2801e-02 
 2.0000e+00       3.2800e+00       2.4034e-01       1.0865e-01       2.0711e-01       5.1585e-02      -9.0497e-02 
 2.0000e+00       3.2800e+00       2.5034e-01       9.8551e-02       2.0177e-01       4.7655e-02      -8.8151e-02 
 2.0000e+00       3.2800e+00       2.6034e-01       8.9489e-02       1.9661e-01       4.3950e-02      -8.5779e-02 
 2.0000e+00       3.2800e+00       2.7034e-01       8.1349e-02       1.9160e-01       4.0454e-02      -8.3391e-02 
 2.0000e+00       3.2800e+00       2.8034e-01       7.4029e-02       1.8675e-01       3.7150e-02      -8.0999e-02 
 2.0000e+00       3.2800e+00       2.9034e-01       6.7441e-02       1.8204e-01       3.4025e-02      -7.8609e-02 
 2.0000e+00       3.2800e+00       3.0034e-01       6.1507e-02       1.7747e-01       3.1068e-02      -7.6230e-02 
 2.0000e+00       3.2800e+00       3.1034e-01       5.6159e-02       1.7303e-01       2.8267e-02      -7.3867e-02 
 2.0000e+00       3.2800e+00       3.2034e-01       5.1335e-02       1.6873e-01       2.5612e-02      -7.1527e-02 
 2.0000e+00       3.2800e+00       3.3034e-01       4.6984e-02       1.6454e-01       2.3093e-02      -6.9214e-02 
 2.0000e+00       3.2800e+00       3.4034e-01       4.3057e-02       1.6047e-01       2.0703e-02      -6.6931e-02 
 2.0000e+00       3.2800e+00       3.5034e-01       3.9514e-02       1.5651e-01       1.8433e-02      -6.4682e-02 
 2.0000e+00       3.2800e+00       3.6034e-01       3.6317e-02       1.5267e-01       1.6277e-02      -6.2470e-02 
 2.0000e+00       3.2800e+00       3.7034e-01       3.3432e-02       1.4893e-01       1.4228e-02      -6.0296e-02 
 2.0000e+00       3.2800e+00       3.8034e-01       3.0829e-02       1.4530e-01       1.2279e-02      -5.8164e-02 
 2.0000e+00       3.2800e+00       3.9034e-01       2.8484e-02       1.4176e-01       1.0426e-02      -5.6073e-02 
 2.0000e+00       3.2800e+00       4.0034e-01       2.6370e-02       1.3832e-01       8.6623e-03      -5.4027e-02 
 2.0000e+00       3.2800e+00       4.1034e-01       2.4467e-02       1.3498e-01       6.9842e-03      -5.2025e-02 
 2.0000e+00       3.2800e+00       4.2034e-01       2.2755e-02       1.3172e-01       5.3867e-03      -5.0068e-02 
 2.0000e+00       3.2800e+00       4.3034e-01       2.1217e-02       1.2856e-01       3.8659e-03      -4.8157e-02 
 2.0000e+00       3.2800e+00       4.4034e-01       1.9837e-02       1.2548e-01       2.4176e-03      -4.6293e-02 
 2.0000e+00       3.2800e+00       4.5034e-01       1.8601e-02       1.2249e-01       1.0384e-03      -4.4474e-02 
 2.0000e+00       3.2800e+00       4.6034e-01       1.7496e-02       1.1957e-01      -2.7530e-04      -4.2703e-02 
 2.0000e+00       3.2800e+00       4.7034e-01       1.6510e-02       1.1674e-01      -1.5266e-03      -4.0977e-02 
 2.0000e+00       3.2800e+00       4.8034e-01       1.5632e-02       1.1398e-01      -2.7185e-03      -3.9298e-02 
 2.0000e+00       3.2800e+00       4.9034e-01       1.4853e-02       1.1130e-01      -3.8538e-03      -3.7664e-02 
 2.0000e+00       3.2800e+00       5.0034e-01       1.4164e-02       1.0869e-01      -4.9352e-03      -3.6076e-02 
 2.0000e+00       3.2800e+00       5.1034e-01       1.3557e-02       1.0615e-01      -5.9651e-03      -3.4533e-02 
 2.0000e+00       3.2800e+00       5.2034e-01       1.3024e-02       1.0368e-01      -6.9461e-03      -3.3034e-02 
 2.0000e+00       3.2800e+00       5.3034e-01       1.2560e-02       1.0128e-01      -7.8801e-03      -3.1579e-02 
 2.0000e+00       3.2800e+00       5.4034e-01       1.2157e-02       9.8943e-02      -8.7695e-03      -3.0168e-02 
 2.0000e+00       3.2800e+00       5.5034e-01       1.1810e-02       9.6668e-02      -9.6161e-03      -2.8799e-02 
 2.0000e+00       3.2800e+00       5.6034e-01       1.1514e-02       9.4456e-02      -1.0422e-02      -2.7471e-02 
 2.0000e+00       3.2800e+00       5.7034e-01       1.1265e-02       9.2303e-02      -1.1189e-02      -2.6185e-02 
 2.0000e+00       3.2800e+00       5.8034e-01       1.1058e-02       9.0208e-02      -1.1918e-02      -2.4939e-02 
 2.0000e+00       3.2800e+00       5.9034e-01       1.0889e-02       8.8170e-02      -1.2611e-02      -2.3733e-02 
 2.0000e+00       3.2800e+00       6.0034e-01       1.0755e-02       8.6187e-02      -1.3271e-02      -2.2565e-02 
 2.0000e+00       3.2800e+00       6.1034e-01       1.0653e-02       8.4257e-02      -1.3897e-02      -2.1435e-02 
 2.0000e+00       3.2800e+00       6.2034e-01       1.0579e-02       8.2380e-02      -1.4492e-02      -2.0342e-02 
 2.0000e+00       3.2800e+00       6.3034e-01       1.0530e-02       8.0553e-02      -1.5057e-02      -1.9285e-02 
 2.0000e+00       3.2800e+00       6.4034e-01       1.0505e-02       7.8776e-02      -1.5593e-02      -1.8264e-02 
 2.0000e+00       3.2800e+00       6.5034e-01       1.0500e-02       7.7046e-02      -1.6102e-02      -1.7277e-02 
 2.0000e+00       3.2800e+00       6.6034e-01       1.0515e-02       7.5362e-02      -1.6584e-02      -1.6324e-02 
 2.0000e+00       3.2800e+00       6.7034e-01       1.0545e-02       7.3724e-02      -1.7040e-02      -1.5404e-02 
 2.0000e+00       3.2800e+00       6.8034e-01       1.0591e-02       7.2130e-02      -1.7472e-02      -1.4516e-02 
 2.0000e+00       3.2800e+00       6.9034e-01       1.0650e-02       7.0578e-02      -1.7881e-02      -1.3659e-02 
 2.0000e+00       3.2800e+00       7.0034e-01       1.0721e-02       6.9068e-02      -1.8267e-02      -1.2832e-02 
 2.0000e+00       3.2800e+00       7.1034e-01       1.0803e-02       6.7598e-02      -1.8632e-02      -1.2036e-02 
 2.0000e+00       3.2800e+00       7.2034e-01       1.0893e-02       6.6167e-02      -1.8976e-02      -1.1267e-02 
 2.0000e+00       3.2800e+00       7.3034e-01       1.0992e-02       6.4775e-02      -1.9300e-02      -1.0527e-02 
 2.0000e+00       3.2800e+00       7.4034e-01       1.1097e-02       6.3419e-02      -1.9605e-02      -9.8143e-03 
 2.0000e+00       3.2800e+00       7.5034e-01       1.1208e-02       6.2099e-02      -1.9892e-02      -9.1279e-03 
 2.0000e+00       3.2800e+00       7.6034e-01       1.1324e-02       6.0814e-02      -2.0161e-02      -8.4672e-03 
 2.0000e+00       3.2800e+00       7.7034e-01       1.1445e-02       5.9563e-02      -2.0413e-02      -7.8314e-03 
 2.0000e+00       3.2800e+00       7.8034e-01       1.1569e-02       5.8345e-02      -2.0649e-02      -7.2199e-03 
 2.0000e+00       3.2800e+00       7.9034e-01       1.1695e-02       5.7160e-02      -2.0870e-02      -6.6320e-03 
 2.0000e+00       3.2800e+00       8.0034e-01       1.1824e-02       5.6005e-02      -2.1075e-02      -6.0668e-03 
 2.0000e+00       3.2800e+00       8.1034e-01       1.1954e-02       5.4880e-02      -2.1266e-02      -5.5239e-03 
 2.0000e+00       3.2800e+00       8.2034e-01       1.2086e-02       5.3785e-02      -2.1444e-02      -5.0024e-03 
 2.0000e+00       3.2800e+00       8.3034e-01       1.2217e-02       5.2718e-02      -2.1608e-02      -4.5018e-03 
 2.0000e+00       3.2800e+00       8.4034e-01       1.2349e-02       5.1679e-02      -2.1759e-02      -4.0214e-03 
 2.0000e+00       3.2800e+00       8.5034e-01       1.2481e-02       5.0667e-02      -2.1898e-02      -3.5605e-03 
 2.0000e+00       3.2800e+00       8.6034e-01       1.2612e-02       4.9680e-02      -2.2025e-02      -3.1186e-03 
 2.0000e+00       3.2800e+00       8.7034e-01       1.2742e-02       4.8720e-02      -2.2141e-02      -2.6951e-03 
 2.0000e+00       3.2800e+00       8.8034e-01       1.2870e-02       4.7784e-02      -2.2246e-02      -2.2893e-03 
 2.0000e+00       3.2800e+00       8.9034e-01       1.2997e-02       4.6872e-02      -2.2341e-02      -1.9007e-03 
 2.0000e+00       3.2800e+00       9.0034e-01       1.3123e-02       4.5983e-02      -2.2426e-02      -1.5288e-03 
 2.0000e+00       3.2800e+00       9.1034e-01       1.3246e-02       4.5117e-02      -2.2501e-02      -1.1731e-03 
 2.0000e+00       3.2800e+00       9.2034e-01       1.3367e-02       4.4272e-02      -2.2567e-02      -8.3288e-04 
 2.0000e+00       3.2800e+00       9.3034e-01       1.3486e-02       4.3450e-02      -2.2624e-02      -5.0777e-04 
 2.0000e+00       3.2800e+00       9.4034e-01       1.3602e-02       4.2647e-02      -2.2672e-02      -1.9724e-04 
 2.0000e+00       3.2800e+00       9.5034e-01       1.3716e-02       4.1865e-02      -2.2712e-02       9.9191e-05 
 2.0000e+00       3.2800e+00       9.6034e-01       1.3827e-02       4.1103e-02      -2.2745e-02       3.8200e-04 
 2.0000e+00       3.2800e+00       9.7034e-01       1.3935e-02       4.0359e-02      -2.2770e-02       6.5165e-04 
 2.0000e+00       3.2800e+00       9.8034e-01       1.4040e-02       3.9634e-02      -2.2788e-02       9.0859e-04 
 2.0000e+00       3.2800e+00       9.9034e-01       1.4142e-02       3.8927e-02      -2.2798e-02       1.1532e-03 
