 1.1000e+01       2.8900e+00       7.1094e-01       4.4789e-03       1.0637e-02       0.0000e+00       0.0000e+00
 1.1000e+01       2.8900e+00       7.2094e-01       4.2717e-03       1.0659e-02       5.3792e-05       4.5156e-05
 1.1000e+01       2.8900e+00       7.3094e-01       4.0752e-03       1.0684e-02       4.7959e-05       8.9977e-05
 1.1000e+01       2.8900e+00       7.4094e-01       3.8890e-03       1.0715e-02       2.5400e-05       1.3434e-04
 1.1000e+01       2.8900e+00       7.5094e-01       3.7126e-03       1.0749e-02      -7.9425e-06       1.7814e-04
 1.1000e+01       2.8900e+00       7.6094e-01       3.5454e-03       1.0787e-02      -4.9228e-05       2.2128e-04
 1.1000e+01       2.8900e+00       7.7094e-01       3.3871e-03       1.0829e-02      -9.6723e-05       2.6365e-04
 1.1000e+01       2.8900e+00       7.8094e-01       3.2371e-03       1.0875e-02      -1.4923e-04       3.0519e-04
 1.1000e+01       2.8900e+00       7.9094e-01       3.0951e-03       1.0923e-02      -2.0586e-04       3.4581e-04
 1.1000e+01       2.8900e+00       8.0094e-01       2.9607e-03       1.0974e-02      -2.6591e-04       3.8544e-04
 1.1000e+01       2.8900e+00       8.1094e-01       2.8335e-03       1.1029e-02      -3.2884e-04       4.2403e-04
 1.1000e+01       2.8900e+00       8.2094e-01       2.7132e-03       1.1085e-02      -3.9418e-04       4.6153e-04
 1.1000e+01       2.8900e+00       8.3094e-01       2.5994e-03       1.1144e-02      -4.6153e-04       4.9788e-04
 1.1000e+01       2.8900e+00       8.4094e-01       2.4918e-03       1.1206e-02      -5.3057e-04       5.3304e-04
 1.1000e+01       2.8900e+00       8.5094e-01       2.3902e-03       1.1269e-02      -6.0100e-04       5.6698e-04
 1.1000e+01       2.8900e+00       8.6094e-01       2.2943e-03       1.1334e-02      -6.7257e-04       5.9966e-04
 1.1000e+01       2.8900e+00       8.7094e-01       2.2037e-03       1.1401e-02      -7.4507e-04       6.3106e-04
 1.1000e+01       2.8900e+00       8.8094e-01       2.1182e-03       1.1469e-02      -8.1829e-04       6.6115e-04
 1.1000e+01       2.8900e+00       8.9094e-01       2.0377e-03       1.1539e-02      -8.9205e-04       6.8992e-04
 1.1000e+01       2.8900e+00       9.0094e-01       1.9618e-03       1.1610e-02      -9.6621e-04       7.1735e-04
 1.1000e+01       2.8900e+00       9.1094e-01       1.8903e-03       1.1682e-02      -1.0406e-03       7.4344e-04
 1.1000e+01       2.8900e+00       9.2094e-01       1.8231e-03       1.1756e-02      -1.1151e-03       7.6817e-04
 1.1000e+01       2.8900e+00       9.3094e-01       1.7599e-03       1.1830e-02      -1.1897e-03       7.9154e-04
 1.1000e+01       2.8900e+00       9.4094e-01       1.7005e-03       1.1904e-02      -1.2641e-03       8.1354e-04
 1.1000e+01       2.8900e+00       9.5094e-01       1.6448e-03       1.1980e-02      -1.3383e-03       8.3419e-04
 1.1000e+01       2.8900e+00       9.6094e-01       1.5926e-03       1.2056e-02      -1.4122e-03       8.5348e-04
 1.1000e+01       2.8900e+00       9.7094e-01       1.5438e-03       1.2132e-02      -1.4858e-03       8.7142e-04
 1.1000e+01       2.8900e+00       9.8094e-01       1.4981e-03       1.2209e-02      -1.5590e-03       8.8802e-04
 1.1000e+01       2.8900e+00       9.9094e-01       1.4554e-03       1.2285e-02      -1.6316e-03       9.0329e-04
 1.1000e+01       2.8900e+00       1.0009e+00       1.4156e-03       1.2362e-02      -1.7037e-03       9.1724e-04
 1.1000e+01       2.8900e+00       1.0109e+00       1.3786e-03       1.2439e-02      -1.7751e-03       9.2989e-04
 1.1000e+01       2.8900e+00       1.0209e+00       1.3442e-03       1.2516e-02      -1.8459e-03       9.4124e-04
 1.1000e+01       2.8900e+00       1.0309e+00       1.3123e-03       1.2593e-02      -1.9160e-03       9.5133e-04
 1.1000e+01       2.8900e+00       1.0409e+00       1.2827e-03       1.2670e-02      -1.9853e-03       9.6016e-04
 1.1000e+01       2.8900e+00       1.0509e+00       1.2554e-03       1.2746e-02      -2.0538e-03       9.6776e-04
 1.1000e+01       2.8900e+00       1.0609e+00       1.2303e-03       1.2822e-02      -2.1215e-03       9.7415e-04
 1.1000e+01       2.8900e+00       1.0709e+00       1.2072e-03       1.2897e-02      -2.1883e-03       9.7935e-04
 1.1000e+01       2.8900e+00       1.0809e+00       1.1860e-03       1.2972e-02      -2.2543e-03       9.8338e-04
 1.1000e+01       2.8900e+00       1.0909e+00       1.1667e-03       1.3046e-02      -2.3193e-03       9.8626e-04
 1.1000e+01       2.8900e+00       1.1009e+00       1.1492e-03       1.3120e-02      -2.3833e-03       9.8803e-04
 1.1000e+01       2.8900e+00       1.1109e+00       1.1334e-03       1.3193e-02      -2.4464e-03       9.8870e-04
 1.1000e+01       2.8900e+00       1.1209e+00       1.1191e-03       1.3265e-02      -2.5086e-03       9.8830e-04
 1.1000e+01       2.8900e+00       1.1309e+00       1.1064e-03       1.3336e-02      -2.5697e-03       9.8686e-04
 1.1000e+01       2.8900e+00       1.1409e+00       1.0951e-03       1.3407e-02      -2.6298e-03       9.8440e-04
 1.1000e+01       2.8900e+00       1.1509e+00       1.0851e-03       1.3477e-02      -2.6888e-03       9.8096e-04
 1.1000e+01       2.8900e+00       1.1609e+00       1.0764e-03       1.3545e-02      -2.7469e-03       9.7655e-04
 1.1000e+01       2.8900e+00       1.1709e+00       1.0690e-03       1.3613e-02      -2.8039e-03       9.7121e-04
 1.1000e+01       2.8900e+00       1.1809e+00       1.0627e-03       1.3680e-02      -2.8598e-03       9.6497e-04
 1.1000e+01       2.8900e+00       1.1909e+00       1.0576e-03       1.3746e-02      -2.9146e-03       9.5784e-04
 1.1000e+01       2.8900e+00       1.2009e+00       1.0534e-03       1.3810e-02      -2.9684e-03       9.4987e-04
 1.1000e+01       2.8900e+00       1.2109e+00       1.0503e-03       1.3874e-02      -3.0211e-03       9.4107e-04
 1.1000e+01       2.8900e+00       1.2209e+00       1.0481e-03       1.3936e-02      -3.0727e-03       9.3148e-04
 1.1000e+01       2.8900e+00       1.2309e+00       1.0467e-03       1.3997e-02      -3.1232e-03       9.2112e-04
 1.1000e+01       2.8900e+00       1.2409e+00       1.0462e-03       1.4057e-02      -3.1726e-03       9.1003e-04
 1.1000e+01       2.8900e+00       1.2509e+00       1.0464e-03       1.4116e-02      -3.2209e-03       8.9823e-04
 1.1000e+01       2.8900e+00       1.2609e+00       1.0474e-03       1.4173e-02      -3.2682e-03       8.8575e-04
 1.1000e+01       2.8900e+00       1.2709e+00       1.0491e-03       1.4229e-02      -3.3143e-03       8.7261e-04
 1.1000e+01       2.8900e+00       1.2809e+00       1.0514e-03       1.4284e-02      -3.3594e-03       8.5885e-04
 1.1000e+01       2.8900e+00       1.2909e+00       1.0544e-03       1.4338e-02      -3.4034e-03       8.4449e-04
 1.1000e+01       2.8900e+00       1.3009e+00       1.0579e-03       1.4390e-02      -3.4463e-03       8.2956e-04
 1.1000e+01       2.8900e+00       1.3109e+00       1.0619e-03       1.4441e-02      -3.4881e-03       8.1409e-04
 1.1000e+01       2.8900e+00       1.3209e+00       1.0664e-03       1.4490e-02      -3.5288e-03       7.9810e-04
 1.1000e+01       2.8900e+00       1.3309e+00       1.0714e-03       1.4538e-02      -3.5685e-03       7.8162e-04
 1.1000e+01       2.8900e+00       1.3409e+00       1.0768e-03       1.4584e-02      -3.6071e-03       7.6468e-04
 1.1000e+01       2.8900e+00       1.3509e+00       1.0826e-03       1.4630e-02      -3.6446e-03       7.4730e-04
 1.1000e+01       2.8900e+00       1.3609e+00       1.0887e-03       1.4673e-02      -3.6811e-03       7.2950e-04
 1.1000e+01       2.8900e+00       1.3709e+00       1.0952e-03       1.4716e-02      -3.7166e-03       7.1132e-04
 1.1000e+01       2.8900e+00       1.3809e+00       1.1020e-03       1.4757e-02      -3.7510e-03       6.9278e-04
 1.1000e+01       2.8900e+00       1.3909e+00       1.1091e-03       1.4796e-02      -3.7844e-03       6.7390e-04
 1.1000e+01       2.8900e+00       1.4009e+00       1.1164e-03       1.4834e-02      -3.8167e-03       6.5470e-04
 1.1000e+01       2.8900e+00       1.4109e+00       1.1240e-03       1.4871e-02      -3.8481e-03       6.3521e-04
 1.1000e+01       2.8900e+00       1.4209e+00       1.1318e-03       1.4906e-02      -3.8784e-03       6.1546e-04
 1.1000e+01       2.8900e+00       1.4309e+00       1.1398e-03       1.4939e-02      -3.9078e-03       5.9546e-04
 1.1000e+01       2.8900e+00       1.4409e+00       1.1479e-03       1.4971e-02      -3.9361e-03       5.7524e-04
 1.1000e+01       2.8900e+00       1.4509e+00       1.1562e-03       1.5002e-02      -3.9635e-03       5.5483e-04
 1.1000e+01       2.8900e+00       1.4609e+00       1.1646e-03       1.5031e-02      -3.9900e-03       5.3423e-04
 1.1000e+01       2.8900e+00       1.4709e+00       1.1731e-03       1.5059e-02      -4.0154e-03       5.1347e-04
 1.1000e+01       2.8900e+00       1.4809e+00       1.1817e-03       1.5085e-02      -4.0400e-03       4.9258e-04
 1.1000e+01       2.8900e+00       1.4909e+00       1.1904e-03       1.5110e-02      -4.0635e-03       4.7158e-04
 1.1000e+01       2.8900e+00       1.5009e+00       1.1991e-03       1.5134e-02      -4.0862e-03       4.5047e-04
 1.1000e+01       2.8900e+00       1.5109e+00       1.2079e-03       1.5156e-02      -4.1080e-03       4.2929e-04
 1.1000e+01       2.8900e+00       1.5209e+00       1.2167e-03       1.5176e-02      -4.1288e-03       4.0806e-04
 1.1000e+01       2.8900e+00       1.5309e+00       1.2255e-03       1.5195e-02      -4.1488e-03       3.8678e-04
 1.1000e+01       2.8900e+00       1.5409e+00       1.2343e-03       1.5213e-02      -4.1679e-03       3.6548e-04
 1.1000e+01       2.8900e+00       1.5509e+00       1.2431e-03       1.5229e-02      -4.1861e-03       3.4418e-04
 1.1000e+01       2.8900e+00       1.5609e+00       1.2519e-03       1.5244e-02      -4.2035e-03       3.2289e-04
 1.1000e+01       2.8900e+00       1.5709e+00       1.2606e-03       1.5257e-02      -4.2200e-03       3.0163e-04
 1.1000e+01       2.8900e+00       1.5809e+00       1.2693e-03       1.5270e-02      -4.2358e-03       2.8041e-04
 1.1000e+01       2.8900e+00       1.5909e+00       1.2779e-03       1.5280e-02      -4.2506e-03       2.5926e-04
 1.1000e+01       2.8900e+00       1.6009e+00       1.2865e-03       1.5289e-02      -4.2647e-03       2.3818e-04
 1.1000e+01       2.8900e+00       1.6109e+00       1.2949e-03       1.5297e-02      -4.2780e-03       2.1720e-04
 1.1000e+01       2.8900e+00       1.6209e+00       1.3033e-03       1.5304e-02      -4.2906e-03       1.9632e-04
 1.1000e+01       2.8900e+00       1.6309e+00       1.3116e-03       1.5309e-02      -4.3023e-03       1.7556e-04
 1.1000e+01       2.8900e+00       1.6409e+00       1.3198e-03       1.5313e-02      -4.3133e-03       1.5493e-04
