 1.0500e+01       2.8900e+00       6.6664e-01       5.8991e-03       1.2332e-02       0.0000e+00       0.0000e+00
 1.0500e+01       2.8900e+00       6.7664e-01       5.6224e-03       1.2320e-02       1.4227e-04       4.9086e-05
 1.0500e+01       2.8900e+00       6.8664e-01       5.3603e-03       1.2315e-02       1.6594e-04       9.8361e-05
 1.0500e+01       2.8900e+00       6.9664e-01       5.1120e-03       1.2315e-02       1.6146e-04       1.4765e-04
 1.0500e+01       2.8900e+00       7.0664e-01       4.8767e-03       1.2321e-02       1.3976e-04       1.9677e-04
 1.0500e+01       2.8900e+00       7.1664e-01       4.6539e-03       1.2333e-02       1.0576e-04       2.4559e-04
 1.0500e+01       2.8900e+00       7.2664e-01       4.4428e-03       1.2349e-02       6.2313e-05       2.9396e-04
 1.0500e+01       2.8900e+00       7.3664e-01       4.2430e-03       1.2371e-02       1.1334e-05       3.4176e-04
 1.0500e+01       2.8900e+00       7.4664e-01       4.0537e-03       1.2397e-02      -4.5799e-05       3.8886e-04
 1.0500e+01       2.8900e+00       7.5664e-01       3.8745e-03       1.2427e-02      -1.0803e-04       4.3516e-04
 1.0500e+01       2.8900e+00       7.6664e-01       3.7049e-03       1.2461e-02      -1.7454e-04       4.8057e-04
 1.0500e+01       2.8900e+00       7.7664e-01       3.5444e-03       1.2499e-02      -2.4464e-04       5.2499e-04
 1.0500e+01       2.8900e+00       7.8664e-01       3.3926e-03       1.2541e-02      -3.1777e-04       5.6836e-04
 1.0500e+01       2.8900e+00       7.9664e-01       3.2490e-03       1.2586e-02      -3.9346e-04       6.1059e-04
 1.0500e+01       2.8900e+00       8.0664e-01       3.1132e-03       1.2634e-02      -4.7130e-04       6.5163e-04
 1.0500e+01       2.8900e+00       8.1664e-01       2.9849e-03       1.2684e-02      -5.5093e-04       6.9142e-04
 1.0500e+01       2.8900e+00       8.2664e-01       2.8637e-03       1.2738e-02      -6.3206e-04       7.2992e-04
 1.0500e+01       2.8900e+00       8.3664e-01       2.7492e-03       1.2794e-02      -7.1439e-04       7.6707e-04
 1.0500e+01       2.8900e+00       8.4664e-01       2.6412e-03       1.2852e-02      -7.9770e-04       8.0285e-04
 1.0500e+01       2.8900e+00       8.5664e-01       2.5393e-03       1.2913e-02      -8.8177e-04       8.3721e-04
 1.0500e+01       2.8900e+00       8.6664e-01       2.4432e-03       1.2975e-02      -9.6641e-04       8.7014e-04
 1.0500e+01       2.8900e+00       8.7664e-01       2.3526e-03       1.3039e-02      -1.0514e-03       9.0161e-04
 1.0500e+01       2.8900e+00       8.8664e-01       2.2674e-03       1.3105e-02      -1.1367e-03       9.3161e-04
 1.0500e+01       2.8900e+00       8.9664e-01       2.1872e-03       1.3173e-02      -1.2221e-03       9.6012e-04
 1.0500e+01       2.8900e+00       9.0664e-01       2.1117e-03       1.3241e-02      -1.3074e-03       9.8712e-04
 1.0500e+01       2.8900e+00       9.1664e-01       2.0409e-03       1.3311e-02      -1.3926e-03       1.0126e-03
 1.0500e+01       2.8900e+00       9.2664e-01       1.9744e-03       1.3382e-02      -1.4776e-03       1.0366e-03
 1.0500e+01       2.8900e+00       9.3664e-01       1.9120e-03       1.3454e-02      -1.5622e-03       1.0591e-03
 1.0500e+01       2.8900e+00       9.4664e-01       1.8536e-03       1.3526e-02      -1.6464e-03       1.0801e-03
 1.0500e+01       2.8900e+00       9.5664e-01       1.7989e-03       1.3599e-02      -1.7301e-03       1.0996e-03
 1.0500e+01       2.8900e+00       9.6664e-01       1.7479e-03       1.3673e-02      -1.8131e-03       1.1176e-03
 1.0500e+01       2.8900e+00       9.7664e-01       1.7002e-03       1.3747e-02      -1.8956e-03       1.1341e-03
 1.0500e+01       2.8900e+00       9.8664e-01       1.6558e-03       1.3822e-02      -1.9773e-03       1.1492e-03
 1.0500e+01       2.8900e+00       9.9664e-01       1.6145e-03       1.3897e-02      -2.0582e-03       1.1628e-03
 1.0500e+01       2.8900e+00       1.0066e+00       1.5762e-03       1.3972e-02      -2.1384e-03       1.1750e-03
 1.0500e+01       2.8900e+00       1.0166e+00       1.5406e-03       1.4047e-02      -2.2176e-03       1.1858e-03
 1.0500e+01       2.8900e+00       1.0266e+00       1.5077e-03       1.4122e-02      -2.2960e-03       1.1951e-03
 1.0500e+01       2.8900e+00       1.0366e+00       1.4774e-03       1.4197e-02      -2.3734e-03       1.2031e-03
 1.0500e+01       2.8900e+00       1.0466e+00       1.4495e-03       1.4271e-02      -2.4498e-03       1.2098e-03
 1.0500e+01       2.8900e+00       1.0566e+00       1.4239e-03       1.4346e-02      -2.5253e-03       1.2151e-03
 1.0500e+01       2.8900e+00       1.0666e+00       1.4005e-03       1.4420e-02      -2.5996e-03       1.2192e-03
 1.0500e+01       2.8900e+00       1.0766e+00       1.3791e-03       1.4493e-02      -2.6729e-03       1.2219e-03
 1.0500e+01       2.8900e+00       1.0866e+00       1.3598e-03       1.4566e-02      -2.7452e-03       1.2234e-03
 1.0500e+01       2.8900e+00       1.0966e+00       1.3423e-03       1.4639e-02      -2.8163e-03       1.2237e-03
 1.0500e+01       2.8900e+00       1.1066e+00       1.3266e-03       1.4711e-02      -2.8862e-03       1.2228e-03
 1.0500e+01       2.8900e+00       1.1166e+00       1.3126e-03       1.4782e-02      -2.9551e-03       1.2207e-03
 1.0500e+01       2.8900e+00       1.1266e+00       1.3002e-03       1.4852e-02      -3.0227e-03       1.2175e-03
 1.0500e+01       2.8900e+00       1.1366e+00       1.2894e-03       1.4922e-02      -3.0892e-03       1.2132e-03
 1.0500e+01       2.8900e+00       1.1466e+00       1.2800e-03       1.4991e-02      -3.1545e-03       1.2078e-03
 1.0500e+01       2.8900e+00       1.1566e+00       1.2719e-03       1.5059e-02      -3.2186e-03       1.2014e-03
 1.0500e+01       2.8900e+00       1.1666e+00       1.2652e-03       1.5125e-02      -3.2815e-03       1.1940e-03
 1.0500e+01       2.8900e+00       1.1766e+00       1.2597e-03       1.5191e-02      -3.3432e-03       1.1855e-03
 1.0500e+01       2.8900e+00       1.1866e+00       1.2553e-03       1.5256e-02      -3.4037e-03       1.1762e-03
 1.0500e+01       2.8900e+00       1.1966e+00       1.2521e-03       1.5320e-02      -3.4629e-03       1.1659e-03
 1.0500e+01       2.8900e+00       1.2066e+00       1.2498e-03       1.5383e-02      -3.5210e-03       1.1547e-03
 1.0500e+01       2.8900e+00       1.2166e+00       1.2486e-03       1.5444e-02      -3.5778e-03       1.1427e-03
 1.0500e+01       2.8900e+00       1.2266e+00       1.2483e-03       1.5505e-02      -3.6333e-03       1.1298e-03
 1.0500e+01       2.8900e+00       1.2366e+00       1.2488e-03       1.5564e-02      -3.6877e-03       1.1161e-03
 1.0500e+01       2.8900e+00       1.2466e+00       1.2502e-03       1.5622e-02      -3.7408e-03       1.1017e-03
 1.0500e+01       2.8900e+00       1.2566e+00       1.2523e-03       1.5678e-02      -3.7927e-03       1.0866e-03
 1.0500e+01       2.8900e+00       1.2666e+00       1.2552e-03       1.5734e-02      -3.8434e-03       1.0707e-03
 1.0500e+01       2.8900e+00       1.2766e+00       1.2587e-03       1.5788e-02      -3.8928e-03       1.0542e-03
 1.0500e+01       2.8900e+00       1.2866e+00       1.2629e-03       1.5840e-02      -3.9411e-03       1.0370e-03
 1.0500e+01       2.8900e+00       1.2966e+00       1.2676e-03       1.5892e-02      -3.9881e-03       1.0192e-03
 1.0500e+01       2.8900e+00       1.3066e+00       1.2729e-03       1.5942e-02      -4.0339e-03       1.0008e-03
 1.0500e+01       2.8900e+00       1.3166e+00       1.2787e-03       1.5990e-02      -4.0786e-03       9.8189e-04
 1.0500e+01       2.8900e+00       1.3266e+00       1.2850e-03       1.6038e-02      -4.1220e-03       9.6244e-04
 1.0500e+01       2.8900e+00       1.3366e+00       1.2917e-03       1.6083e-02      -4.1643e-03       9.4249e-04
 1.0500e+01       2.8900e+00       1.3466e+00       1.2988e-03       1.6128e-02      -4.2054e-03       9.2208e-04
 1.0500e+01       2.8900e+00       1.3566e+00       1.3063e-03       1.6170e-02      -4.2453e-03       9.0122e-04
 1.0500e+01       2.8900e+00       1.3666e+00       1.3142e-03       1.6212e-02      -4.2841e-03       8.7996e-04
 1.0500e+01       2.8900e+00       1.3766e+00       1.3223e-03       1.6252e-02      -4.3217e-03       8.5830e-04
 1.0500e+01       2.8900e+00       1.3866e+00       1.3307e-03       1.6290e-02      -4.3582e-03       8.3629e-04
 1.0500e+01       2.8900e+00       1.3966e+00       1.3394e-03       1.6327e-02      -4.3935e-03       8.1395e-04
 1.0500e+01       2.8900e+00       1.4066e+00       1.3483e-03       1.6363e-02      -4.4278e-03       7.9130e-04
 1.0500e+01       2.8900e+00       1.4166e+00       1.3574e-03       1.6397e-02      -4.4609e-03       7.6837e-04
 1.0500e+01       2.8900e+00       1.4266e+00       1.3667e-03       1.6429e-02      -4.4929e-03       7.4518e-04
 1.0500e+01       2.8900e+00       1.4366e+00       1.3762e-03       1.6460e-02      -4.5239e-03       7.2176e-04
 1.0500e+01       2.8900e+00       1.4466e+00       1.3858e-03       1.6490e-02      -4.5538e-03       6.9814e-04
 1.0500e+01       2.8900e+00       1.4566e+00       1.3955e-03       1.6518e-02      -4.5826e-03       6.7433e-04
 1.0500e+01       2.8900e+00       1.4666e+00       1.4053e-03       1.6544e-02      -4.6103e-03       6.5035e-04
 1.0500e+01       2.8900e+00       1.4766e+00       1.4152e-03       1.6569e-02      -4.6371e-03       6.2624e-04
 1.0500e+01       2.8900e+00       1.4866e+00       1.4252e-03       1.6593e-02      -4.6628e-03       6.0201e-04
 1.0500e+01       2.8900e+00       1.4966e+00       1.4352e-03       1.6615e-02      -4.6875e-03       5.7768e-04
 1.0500e+01       2.8900e+00       1.5066e+00       1.4452e-03       1.6635e-02      -4.7111e-03       5.5328e-04
 1.0500e+01       2.8900e+00       1.5166e+00       1.4552e-03       1.6655e-02      -4.7339e-03       5.2883e-04
 1.0500e+01       2.8900e+00       1.5266e+00       1.4653e-03       1.6672e-02      -4.7556e-03       5.0434e-04
 1.0500e+01       2.8900e+00       1.5366e+00       1.4753e-03       1.6688e-02      -4.7763e-03       4.7984e-04
 1.0500e+01       2.8900e+00       1.5466e+00       1.4853e-03       1.6703e-02      -4.7962e-03       4.5534e-04
 1.0500e+01       2.8900e+00       1.5566e+00       1.4952e-03       1.6716e-02      -4.8151e-03       4.3086e-04
 1.0500e+01       2.8900e+00       1.5666e+00       1.5051e-03       1.6728e-02      -4.8330e-03       4.0643e-04
 1.0500e+01       2.8900e+00       1.5766e+00       1.5149e-03       1.6738e-02      -4.8501e-03       3.8205e-04
 1.0500e+01       2.8900e+00       1.5866e+00       1.5246e-03       1.6747e-02      -4.8663e-03       3.5774e-04
 1.0500e+01       2.8900e+00       1.5966e+00       1.5343e-03       1.6754e-02      -4.8815e-03       3.3353e-04
 1.0500e+01       2.8900e+00       1.6066e+00       1.5438e-03       1.6761e-02      -4.8960e-03       3.0943e-04
 1.0500e+01       2.8900e+00       1.6166e+00       1.5533e-03       1.6765e-02      -4.9095e-03       2.8545e-04
 1.0500e+01       2.8900e+00       1.6266e+00       1.5626e-03       1.6768e-02      -4.9223e-03       2.6161e-04
 1.0500e+01       2.8900e+00       1.6366e+00       1.5718e-03       1.6770e-02      -4.9342e-03       2.3792e-04
 1.0500e+01       2.8900e+00       1.6466e+00       1.5809e-03       1.6771e-02      -4.9453e-03       2.1439e-04
