 6.0000e+00       2.1000e+00       7.9111e-01       5.2142e-02       2.3338e-01       0.0000e+00       0.0000e+00       0.0000e+00
 6.0000e+00       2.1000e+00       8.0111e-01       5.0136e-02       2.3392e-01      -3.4750e-03       6.2613e-04       1.1450e-02
 6.0000e+00       2.1000e+00       8.1111e-01       4.8232e-02       2.3451e-01      -5.2498e-03       1.2515e-03       1.5887e-02
 6.0000e+00       2.1000e+00       8.2111e-01       4.6427e-02       2.3516e-01      -6.8334e-03       1.8745e-03       1.9089e-02
 6.0000e+00       2.1000e+00       8.3111e-01       4.4716e-02       2.3587e-01      -8.3487e-03       2.4940e-03       2.1621e-02
 6.0000e+00       2.1000e+00       8.4111e-01       4.3096e-02       2.3662e-01      -9.8377e-03       3.1085e-03       2.3709e-02
 6.0000e+00       2.1000e+00       8.5111e-01       4.1565e-02       2.3743e-01      -1.1319e-02       3.7170e-03       2.5471e-02
 6.0000e+00       2.1000e+00       8.6111e-01       4.0118e-02       2.3827e-01      -1.2801e-02       4.3182e-03       2.6978e-02
 6.0000e+00       2.1000e+00       8.7111e-01       3.8752e-02       2.3917e-01      -1.4290e-02       4.9112e-03       2.8278e-02
 6.0000e+00       2.1000e+00       8.8111e-01       3.7465e-02       2.4010e-01      -1.5787e-02       5.4950e-03       2.9405e-02
 6.0000e+00       2.1000e+00       8.9111e-01       3.6255e-02       2.4107e-01      -1.7294e-02       6.0686e-03       3.0384e-02
 6.0000e+00       2.1000e+00       9.0111e-01       3.5117e-02       2.4208e-01      -1.8812e-02       6.6313e-03       3.1234e-02
 6.0000e+00       2.1000e+00       9.1111e-01       3.4050e-02       2.4312e-01      -2.0339e-02       7.1822e-03       3.1971e-02
 6.0000e+00       2.1000e+00       9.2111e-01       3.3051e-02       2.4420e-01      -2.1875e-02       7.7207e-03       3.2607e-02
 6.0000e+00       2.1000e+00       9.3111e-01       3.2118e-02       2.4531e-01      -2.3421e-02       8.2461e-03       3.3153e-02
 6.0000e+00       2.1000e+00       9.4111e-01       3.1248e-02       2.4645e-01      -2.4975e-02       8.7577e-03       3.3618e-02
 6.0000e+00       2.1000e+00       9.5111e-01       3.0440e-02       2.4761e-01      -2.6537e-02       9.2550e-03       3.4008e-02
 6.0000e+00       2.1000e+00       9.6111e-01       2.9691e-02       2.4880e-01      -2.8105e-02       9.7375e-03       3.4331e-02
 6.0000e+00       2.1000e+00       9.7111e-01       2.8998e-02       2.5002e-01      -2.9679e-02       1.0205e-02       3.4591e-02
 6.0000e+00       2.1000e+00       9.8111e-01       2.8361e-02       2.5126e-01      -3.1259e-02       1.0656e-02       3.4795e-02
 6.0000e+00       2.1000e+00       9.9111e-01       2.7778e-02       2.5252e-01      -3.2842e-02       1.1092e-02       3.4945e-02
 6.0000e+00       2.1000e+00       1.0011e+00       2.7245e-02       2.5380e-01      -3.4429e-02       1.1511e-02       3.5047e-02
 6.0000e+00       2.1000e+00       1.0111e+00       2.6762e-02       2.5510e-01      -3.6018e-02       1.1913e-02       3.5103e-02
 6.0000e+00       2.1000e+00       1.0211e+00       2.6327e-02       2.5641e-01      -3.7609e-02       1.2299e-02       3.5116e-02
 6.0000e+00       2.1000e+00       1.0311e+00       2.5938e-02       2.5775e-01      -3.9201e-02       1.2667e-02       3.5091e-02
 6.0000e+00       2.1000e+00       1.0411e+00       2.5594e-02       2.5909e-01      -4.0793e-02       1.3017e-02       3.5028e-02
 6.0000e+00       2.1000e+00       1.0511e+00       2.5293e-02       2.6045e-01      -4.2385e-02       1.3350e-02       3.4931e-02
 6.0000e+00       2.1000e+00       1.0611e+00       2.5034e-02       2.6182e-01      -4.3975e-02       1.3666e-02       3.4801e-02
 6.0000e+00       2.1000e+00       1.0711e+00       2.4815e-02       2.6320e-01      -4.5564e-02       1.3963e-02       3.4642e-02
 6.0000e+00       2.1000e+00       1.0811e+00       2.4634e-02       2.6459e-01      -4.7149e-02       1.4243e-02       3.4453e-02
 6.0000e+00       2.1000e+00       1.0911e+00       2.4491e-02       2.6598e-01      -4.8732e-02       1.4504e-02       3.4238e-02
 6.0000e+00       2.1000e+00       1.1011e+00       2.4384e-02       2.6739e-01      -5.0310e-02       1.4748e-02       3.3998e-02
 6.0000e+00       2.1000e+00       1.1111e+00       2.4312e-02       2.6880e-01      -5.1884e-02       1.4973e-02       3.3735e-02
 6.0000e+00       2.1000e+00       1.1211e+00       2.4274e-02       2.7021e-01      -5.3453e-02       1.5181e-02       3.3449e-02
 6.0000e+00       2.1000e+00       1.1311e+00       2.4268e-02       2.7162e-01      -5.5016e-02       1.5370e-02       3.3142e-02
 6.0000e+00       2.1000e+00       1.1411e+00       2.4293e-02       2.7304e-01      -5.6573e-02       1.5542e-02       3.2815e-02
 6.0000e+00       2.1000e+00       1.1511e+00       2.4348e-02       2.7446e-01      -5.8123e-02       1.5695e-02       3.2470e-02
 6.0000e+00       2.1000e+00       1.1611e+00       2.4432e-02       2.7588e-01      -5.9666e-02       1.5831e-02       3.2108e-02
 6.0000e+00       2.1000e+00       1.1711e+00       2.4544e-02       2.7730e-01      -6.1201e-02       1.5949e-02       3.1729e-02
 6.0000e+00       2.1000e+00       1.1811e+00       2.4682e-02       2.7872e-01      -6.2727e-02       1.6050e-02       3.1334e-02
 6.0000e+00       2.1000e+00       1.1911e+00       2.4847e-02       2.8014e-01      -6.4245e-02       1.6133e-02       3.0925e-02
 6.0000e+00       2.1000e+00       1.2011e+00       2.5036e-02       2.8155e-01      -6.5753e-02       1.6199e-02       3.0502e-02
 6.0000e+00       2.1000e+00       1.2111e+00       2.5250e-02       2.8296e-01      -6.7252e-02       1.6248e-02       3.0067e-02
 6.0000e+00       2.1000e+00       1.2211e+00       2.5486e-02       2.8436e-01      -6.8741e-02       1.6280e-02       2.9619e-02
 6.0000e+00       2.1000e+00       1.2311e+00       2.5744e-02       2.8575e-01      -7.0219e-02       1.6295e-02       2.9160e-02
 6.0000e+00       2.1000e+00       1.2411e+00       2.6024e-02       2.8714e-01      -7.1686e-02       1.6294e-02       2.8690e-02
 6.0000e+00       2.1000e+00       1.2511e+00       2.6324e-02       2.8853e-01      -7.3142e-02       1.6276e-02       2.8210e-02
 6.0000e+00       2.1000e+00       1.2611e+00       2.6643e-02       2.8990e-01      -7.4586e-02       1.6243e-02       2.7720e-02
 6.0000e+00       2.1000e+00       1.2711e+00       2.6981e-02       2.9127e-01      -7.6018e-02       1.6193e-02       2.7222e-02
 6.0000e+00       2.1000e+00       1.2811e+00       2.7337e-02       2.9262e-01      -7.7438e-02       1.6128e-02       2.6716e-02
 6.0000e+00       2.1000e+00       1.2911e+00       2.7709e-02       2.9397e-01      -7.8845e-02       1.6048e-02       2.6201e-02
 6.0000e+00       2.1000e+00       1.3011e+00       2.8099e-02       2.9530e-01      -8.0239e-02       1.5952e-02       2.5680e-02
 6.0000e+00       2.1000e+00       1.3111e+00       2.8503e-02       2.9662e-01      -8.1619e-02       1.5842e-02       2.5152e-02
 6.0000e+00       2.1000e+00       1.3211e+00       2.8923e-02       2.9793e-01      -8.2986e-02       1.5717e-02       2.4618e-02
 6.0000e+00       2.1000e+00       1.3311e+00       2.9356e-02       2.9923e-01      -8.4339e-02       1.5578e-02       2.4078e-02
 6.0000e+00       2.1000e+00       1.3411e+00       2.9803e-02       3.0051e-01      -8.5678e-02       1.5425e-02       2.3533e-02
 6.0000e+00       2.1000e+00       1.3511e+00       3.0263e-02       3.0178e-01      -8.7002e-02       1.5259e-02       2.2983e-02
 6.0000e+00       2.1000e+00       1.3611e+00       3.0735e-02       3.0304e-01      -8.8312e-02       1.5079e-02       2.2429e-02
 6.0000e+00       2.1000e+00       1.3711e+00       3.1219e-02       3.0428e-01      -8.9606e-02       1.4886e-02       2.1870e-02
 6.0000e+00       2.1000e+00       1.3811e+00       3.1713e-02       3.0550e-01      -9.0886e-02       1.4680e-02       2.1308e-02
 6.0000e+00       2.1000e+00       1.3911e+00       3.2217e-02       3.0671e-01      -9.2150e-02       1.4462e-02       2.0742e-02
 6.0000e+00       2.1000e+00       1.4011e+00       3.2732e-02       3.0790e-01      -9.3398e-02       1.4232e-02       2.0174e-02
 6.0000e+00       2.1000e+00       1.4111e+00       3.3255e-02       3.0908e-01      -9.4630e-02       1.3990e-02       1.9603e-02
 6.0000e+00       2.1000e+00       1.4211e+00       3.3786e-02       3.1024e-01      -9.5847e-02       1.3737e-02       1.9029e-02
 6.0000e+00       2.1000e+00       1.4311e+00       3.4326e-02       3.1137e-01      -9.7047e-02       1.3473e-02       1.8454e-02
 6.0000e+00       2.1000e+00       1.4411e+00       3.4873e-02       3.1250e-01      -9.8231e-02       1.3198e-02       1.7876e-02
 6.0000e+00       2.1000e+00       1.4511e+00       3.5427e-02       3.1360e-01      -9.9398e-02       1.2912e-02       1.7298e-02
 6.0000e+00       2.1000e+00       1.4611e+00       3.5987e-02       3.1468e-01      -1.0055e-01       1.2617e-02       1.6718e-02
 6.0000e+00       2.1000e+00       1.4711e+00       3.6553e-02       3.1574e-01      -1.0168e-01       1.2312e-02       1.6137e-02
 6.0000e+00       2.1000e+00       1.4811e+00       3.7124e-02       3.1679e-01      -1.0280e-01       1.1997e-02       1.5556e-02
 6.0000e+00       2.1000e+00       1.4911e+00       3.7701e-02       3.1781e-01      -1.0390e-01       1.1673e-02       1.4974e-02
