 1.5000e+00       3.2800e+00       1.8108e-02       1.9398e+00       6.7833e-01       0.0000e+00       0.0000e+00 
 1.5000e+00       3.2800e+00       2.8108e-02       1.6996e+00       5.9034e-01       3.0644e-01      -7.4669e-02 
 1.5000e+00       3.2800e+00       3.8108e-02       1.4518e+00       5.3488e-01       3.1260e-01      -1.1674e-01 
 1.5000e+00       3.2800e+00       4.8108e-02       1.2368e+00       4.9585e-01       2.9116e-01      -1.4232e-01 
 1.5000e+00       3.2800e+00       5.8108e-02       1.0574e+00       4.6622e-01       2.6534e-01      -1.5850e-01 
 1.5000e+00       3.2800e+00       6.8108e-02       9.0867e-01       4.4243e-01       2.4057e-01      -1.6883e-01 
 1.5000e+00       3.2800e+00       7.8108e-02       7.8510e-01       4.2252e-01       2.1815e-01      -1.7531e-01 
 1.5000e+00       3.2800e+00       8.8108e-02       6.8176e-01       4.0533e-01       1.9820e-01      -1.7912e-01 
 1.5000e+00       3.2800e+00       9.8108e-02       5.9475e-01       3.9011e-01       1.8050e-01      -1.8103e-01 
 1.5000e+00       3.2800e+00       1.0811e-01       5.2097e-01       3.7637e-01       1.6476e-01      -1.8154e-01 
 1.5000e+00       3.2800e+00       1.1811e-01       4.5800e-01       3.6379e-01       1.5071e-01      -1.8100e-01 
 1.5000e+00       3.2800e+00       1.2811e-01       4.0393e-01       3.5214e-01       1.3810e-01      -1.7965e-01 
 1.5000e+00       3.2800e+00       1.3811e-01       3.5726e-01       3.4123e-01       1.2673e-01      -1.7768e-01 
 1.5000e+00       3.2800e+00       1.4811e-01       3.1679e-01       3.3095e-01       1.1643e-01      -1.7524e-01 
 1.5000e+00       3.2800e+00       1.5811e-01       2.8153e-01       3.2120e-01       1.0705e-01      -1.7242e-01 
 1.5000e+00       3.2800e+00       1.6811e-01       2.5070e-01       3.1192e-01       9.8476e-02      -1.6931e-01 
 1.5000e+00       3.2800e+00       1.7811e-01       2.2365e-01       3.0303e-01       9.0611e-02      -1.6597e-01 
 1.5000e+00       3.2800e+00       1.8811e-01       1.9984e-01       2.9451e-01       8.3372e-02      -1.6247e-01 
 1.5000e+00       3.2800e+00       1.9811e-01       1.7884e-01       2.8631e-01       7.6687e-02      -1.5883e-01 
 1.5000e+00       3.2800e+00       2.0811e-01       1.6025e-01       2.7841e-01       7.0498e-02      -1.5509e-01 
 1.5000e+00       3.2800e+00       2.1811e-01       1.4378e-01       2.7078e-01       6.4752e-02      -1.5129e-01 
 1.5000e+00       3.2800e+00       2.2811e-01       1.2915e-01       2.6340e-01       5.9407e-02      -1.4745e-01 
 1.5000e+00       3.2800e+00       2.3811e-01       1.1613e-01       2.5626e-01       5.4423e-02      -1.4358e-01 
 1.5000e+00       3.2800e+00       2.4811e-01       1.0454e-01       2.4934e-01       4.9769e-02      -1.3971e-01 
 1.5000e+00       3.2800e+00       2.5811e-01       9.4201e-02       2.4262e-01       4.5414e-02      -1.3584e-01 
 1.5000e+00       3.2800e+00       2.6811e-01       8.4969e-02       2.3611e-01       4.1334e-02      -1.3200e-01 
 1.5000e+00       3.2800e+00       2.7811e-01       7.6721e-02       2.2979e-01       3.7506e-02      -1.2818e-01 
 1.5000e+00       3.2800e+00       2.8811e-01       6.9346e-02       2.2366e-01       3.3909e-02      -1.2440e-01 
 1.5000e+00       3.2800e+00       2.9811e-01       6.2749e-02       2.1770e-01       3.0527e-02      -1.2067e-01 
 1.5000e+00       3.2800e+00       3.0811e-01       5.6846e-02       2.1190e-01       2.7342e-02      -1.1699e-01 
 1.5000e+00       3.2800e+00       3.1811e-01       5.1564e-02       2.0627e-01       2.4342e-02      -1.1337e-01 
 1.5000e+00       3.2800e+00       3.2811e-01       4.6837e-02       2.0080e-01       2.1512e-02      -1.0981e-01 
 1.5000e+00       3.2800e+00       3.3811e-01       4.2607e-02       1.9548e-01       1.8841e-02      -1.0631e-01 
 1.5000e+00       3.2800e+00       3.4811e-01       3.8825e-02       1.9031e-01       1.6319e-02      -1.0288e-01 
 1.5000e+00       3.2800e+00       3.5811e-01       3.5445e-02       1.8529e-01       1.3936e-02      -9.9515e-02 
 1.5000e+00       3.2800e+00       3.6811e-01       3.2426e-02       1.8040e-01       1.1682e-02      -9.6222e-02 
 1.5000e+00       3.2800e+00       3.7811e-01       2.9733e-02       1.7564e-01       9.5509e-03      -9.3002e-02 
 1.5000e+00       3.2800e+00       3.8811e-01       2.7333e-02       1.7102e-01       7.5340e-03      -8.9855e-02 
 1.5000e+00       3.2800e+00       3.9811e-01       2.5197e-02       1.6653e-01       5.6248e-03      -8.6781e-02 
 1.5000e+00       3.2800e+00       4.0811e-01       2.3301e-02       1.6216e-01       3.8171e-03      -8.3782e-02 
 1.5000e+00       3.2800e+00       4.1811e-01       2.1620e-02       1.5791e-01       2.1050e-03      -8.0856e-02 
 1.5000e+00       3.2800e+00       4.2811e-01       2.0134e-02       1.5378e-01       4.8317e-04      -7.8004e-02 
 1.5000e+00       3.2800e+00       4.3811e-01       1.8824e-02       1.4976e-01      -1.0534e-03      -7.5226e-02 
 1.5000e+00       3.2800e+00       4.4811e-01       1.7673e-02       1.4585e-01      -2.5095e-03      -7.2522e-02 
 1.5000e+00       3.2800e+00       4.5811e-01       1.6666e-02       1.4205e-01      -3.8892e-03      -6.9889e-02 
 1.5000e+00       3.2800e+00       4.6811e-01       1.5789e-02       1.3836e-01      -5.1966e-03      -6.7329e-02 
 1.5000e+00       3.2800e+00       4.7811e-01       1.5030e-02       1.3477e-01      -6.4356e-03      -6.4839e-02 
 1.5000e+00       3.2800e+00       4.8811e-01       1.4376e-02       1.3128e-01      -7.6096e-03      -6.2420e-02 
 1.5000e+00       3.2800e+00       4.9811e-01       1.3819e-02       1.2789e-01      -8.7219e-03      -6.0069e-02 
 1.5000e+00       3.2800e+00       5.0811e-01       1.3348e-02       1.2459e-01      -9.7756e-03      -5.7787e-02 
 1.5000e+00       3.2800e+00       5.1811e-01       1.2955e-02       1.2139e-01      -1.0774e-02      -5.5571e-02 
 1.5000e+00       3.2800e+00       5.2811e-01       1.2633e-02       1.1827e-01      -1.1719e-02      -5.3421e-02 
 1.5000e+00       3.2800e+00       5.3811e-01       1.2374e-02       1.1524e-01      -1.2613e-02      -5.1335e-02 
 1.5000e+00       3.2800e+00       5.4811e-01       1.2172e-02       1.1230e-01      -1.3460e-02      -4.9312e-02 
 1.5000e+00       3.2800e+00       5.5811e-01       1.2022e-02       1.0944e-01      -1.4261e-02      -4.7351e-02 
 1.5000e+00       3.2800e+00       5.6811e-01       1.1917e-02       1.0665e-01      -1.5018e-02      -4.5450e-02 
 1.5000e+00       3.2800e+00       5.7811e-01       1.1854e-02       1.0395e-01      -1.5734e-02      -4.3609e-02 
 1.5000e+00       3.2800e+00       5.8811e-01       1.1828e-02       1.0132e-01      -1.6411e-02      -4.1825e-02 
 1.5000e+00       3.2800e+00       5.9811e-01       1.1834e-02       9.8770e-02      -1.7049e-02      -4.0098e-02 
 1.5000e+00       3.2800e+00       6.0811e-01       1.1870e-02       9.6287e-02      -1.7652e-02      -3.8426e-02 
 1.5000e+00       3.2800e+00       6.1811e-01       1.1931e-02       9.3875e-02      -1.8220e-02      -3.6808e-02 
 1.5000e+00       3.2800e+00       6.2811e-01       1.2016e-02       9.1530e-02      -1.8756e-02      -3.5242e-02 
 1.5000e+00       3.2800e+00       6.3811e-01       1.2121e-02       8.9251e-02      -1.9260e-02      -3.3728e-02 
 1.5000e+00       3.2800e+00       6.4811e-01       1.2243e-02       8.7036e-02      -1.9734e-02      -3.2263e-02 
 1.5000e+00       3.2800e+00       6.5811e-01       1.2381e-02       8.4884e-02      -2.0180e-02      -3.0847e-02 
 1.5000e+00       3.2800e+00       6.6811e-01       1.2532e-02       8.2791e-02      -2.0598e-02      -2.9478e-02 
 1.5000e+00       3.2800e+00       6.7811e-01       1.2695e-02       8.0758e-02      -2.0990e-02      -2.8155e-02 
 1.5000e+00       3.2800e+00       6.8811e-01       1.2867e-02       7.8782e-02      -2.1357e-02      -2.6877e-02 
 1.5000e+00       3.2800e+00       6.9811e-01       1.3048e-02       7.6861e-02      -2.1700e-02      -2.5643e-02 
 1.5000e+00       3.2800e+00       7.0811e-01       1.3235e-02       7.4994e-02      -2.2021e-02      -2.4451e-02 
 1.5000e+00       3.2800e+00       7.1811e-01       1.3427e-02       7.3179e-02      -2.2319e-02      -2.3300e-02 
 1.5000e+00       3.2800e+00       7.2811e-01       1.3624e-02       7.1416e-02      -2.2597e-02      -2.2188e-02 
 1.5000e+00       3.2800e+00       7.3811e-01       1.3824e-02       6.9701e-02      -2.2855e-02      -2.1116e-02 
 1.5000e+00       3.2800e+00       7.4811e-01       1.4026e-02       6.8035e-02      -2.3093e-02      -2.0082e-02 
 1.5000e+00       3.2800e+00       7.5811e-01       1.4229e-02       6.6415e-02      -2.3313e-02      -1.9084e-02 
 1.5000e+00       3.2800e+00       7.6811e-01       1.4433e-02       6.4841e-02      -2.3516e-02      -1.8121e-02 
 1.5000e+00       3.2800e+00       7.7811e-01       1.4637e-02       6.3310e-02      -2.3702e-02      -1.7193e-02 
 1.5000e+00       3.2800e+00       7.8811e-01       1.4839e-02       6.1822e-02      -2.3872e-02      -1.6298e-02 
 1.5000e+00       3.2800e+00       7.9811e-01       1.5041e-02       6.0375e-02      -2.4027e-02      -1.5436e-02 
 1.5000e+00       3.2800e+00       8.0811e-01       1.5240e-02       5.8969e-02      -2.4167e-02      -1.4605e-02 
 1.5000e+00       3.2800e+00       8.1811e-01       1.5437e-02       5.7602e-02      -2.4293e-02      -1.3805e-02 
 1.5000e+00       3.2800e+00       8.2811e-01       1.5631e-02       5.6272e-02      -2.4405e-02      -1.3034e-02 
 1.5000e+00       3.2800e+00       8.3811e-01       1.5822e-02       5.4980e-02      -2.4505e-02      -1.2292e-02 
 1.5000e+00       3.2800e+00       8.4811e-01       1.6009e-02       5.3723e-02      -2.4592e-02      -1.1578e-02 
 1.5000e+00       3.2800e+00       8.5811e-01       1.6193e-02       5.2501e-02      -2.4668e-02      -1.0890e-02 
 1.5000e+00       3.2800e+00       8.6811e-01       1.6372e-02       5.1313e-02      -2.4732e-02      -1.0228e-02 
 1.5000e+00       3.2800e+00       8.7811e-01       1.6548e-02       5.0157e-02      -2.4786e-02      -9.5920e-03 
 1.5000e+00       3.2800e+00       8.8811e-01       1.6718e-02       4.9033e-02      -2.4829e-02      -8.9799e-03 
 1.5000e+00       3.2800e+00       8.9811e-01       1.6884e-02       4.7939e-02      -2.4863e-02      -8.3915e-03 
 1.5000e+00       3.2800e+00       9.0811e-01       1.7046e-02       4.6876e-02      -2.4887e-02      -7.8258e-03 
 1.5000e+00       3.2800e+00       9.1811e-01       1.7202e-02       4.5842e-02      -2.4902e-02      -7.2822e-03 
 1.5000e+00       3.2800e+00       9.2811e-01       1.7353e-02       4.4836e-02      -2.4909e-02      -6.7601e-03 
 1.5000e+00       3.2800e+00       9.3811e-01       1.7500e-02       4.3857e-02      -2.4907e-02      -6.2585e-03 
 1.5000e+00       3.2800e+00       9.4811e-01       1.7641e-02       4.2905e-02      -2.4897e-02      -5.7770e-03 
 1.5000e+00       3.2800e+00       9.5811e-01       1.7777e-02       4.1978e-02      -2.4880e-02      -5.3148e-03 
 1.5000e+00       3.2800e+00       9.6811e-01       1.7907e-02       4.1077e-02      -2.4856e-02      -4.8712e-03 
 1.5000e+00       3.2800e+00       9.7811e-01       1.8033e-02       4.0200e-02      -2.4825e-02      -4.4458e-03 
 1.5000e+00       3.2800e+00       9.8811e-01       1.8153e-02       3.9346e-02      -2.4788e-02      -4.0378e-03 
 1.5000e+00       3.2800e+00       9.9811e-01       1.8268e-02       3.8515e-02      -2.4744e-02      -3.6466e-03 
