 2.5000e+00       2.1000e+00       2.2943e-01       1.5918e+00       1.8460e+00       0.0000e+00       0.0000e+00       0.0000e+00
 2.5000e+00       2.1000e+00       2.3943e-01       1.4856e+00       1.8067e+00       3.2732e-02      -1.7251e-02       8.4863e-02
 2.5000e+00       2.1000e+00       2.4943e-01       1.3885e+00       1.7697e+00       4.0197e-02      -3.2158e-02       1.1747e-01
 2.5000e+00       2.1000e+00       2.5943e-01       1.2995e+00       1.7349e+00       4.2337e-02      -4.4984e-02       1.4081e-01
 2.5000e+00       2.1000e+00       2.6943e-01       1.2178e+00       1.7020e+00       4.1506e-02      -5.5958e-02       1.5915e-01
 2.5000e+00       2.1000e+00       2.7943e-01       1.1427e+00       1.6709e+00       3.8732e-02      -6.5279e-02       1.7418e-01
 2.5000e+00       2.1000e+00       2.8943e-01       1.0734e+00       1.6413e+00       3.4587e-02      -7.3119e-02       1.8677e-01
 2.5000e+00       2.1000e+00       2.9943e-01       1.0095e+00       1.6132e+00       2.9434e-02      -7.9632e-02       1.9748e-01
 2.5000e+00       2.1000e+00       3.0943e-01       9.5047e-01       1.5865e+00       2.3521e-02      -8.4952e-02       2.0667e-01
 2.5000e+00       2.1000e+00       3.1943e-01       8.9583e-01       1.5610e+00       1.7024e-02      -8.9199e-02       2.1459e-01
 2.5000e+00       2.1000e+00       3.2943e-01       8.4521e-01       1.5367e+00       1.0072e-02      -9.2479e-02       2.2145e-01
 2.5000e+00       2.1000e+00       3.3943e-01       7.9826e-01       1.5135e+00       2.7655e-03      -9.4887e-02       2.2738e-01
 2.5000e+00       2.1000e+00       3.4943e-01       7.5469e-01       1.4912e+00      -4.8208e-03      -9.6507e-02       2.3251e-01
 2.5000e+00       2.1000e+00       3.5943e-01       7.1421e-01       1.4699e+00      -1.2627e-02      -9.7417e-02       2.3694e-01
 2.5000e+00       2.1000e+00       3.6943e-01       6.7658e-01       1.4495e+00      -2.0605e-02      -9.7686e-02       2.4074e-01
 2.5000e+00       2.1000e+00       3.7943e-01       6.4157e-01       1.4299e+00      -2.8718e-02      -9.7374e-02       2.4398e-01
 2.5000e+00       2.1000e+00       3.8943e-01       6.0898e-01       1.4110e+00      -3.6934e-02      -9.6540e-02       2.4671e-01
 2.5000e+00       2.1000e+00       3.9943e-01       5.7864e-01       1.3929e+00      -4.5229e-02      -9.5233e-02       2.4900e-01
 2.5000e+00       2.1000e+00       4.0943e-01       5.5038e-01       1.3755e+00      -5.3582e-02      -9.3500e-02       2.5088e-01
 2.5000e+00       2.1000e+00       4.1943e-01       5.2405e-01       1.3588e+00      -6.1976e-02      -9.1385e-02       2.5238e-01
 2.5000e+00       2.1000e+00       4.2943e-01       4.9951e-01       1.3427e+00      -7.0397e-02      -8.8925e-02       2.5355e-01
 2.5000e+00       2.1000e+00       4.3943e-01       4.7663e-01       1.3272e+00      -7.8834e-02      -8.6155e-02       2.5440e-01
 2.5000e+00       2.1000e+00       4.4943e-01       4.5532e-01       1.3122e+00      -8.7275e-02      -8.3109e-02       2.5498e-01
 2.5000e+00       2.1000e+00       4.5943e-01       4.3545e-01       1.2978e+00      -9.5714e-02      -7.9815e-02       2.5529e-01
 2.5000e+00       2.1000e+00       4.6943e-01       4.1694e-01       1.2839e+00      -1.0414e-01      -7.6302e-02       2.5537e-01
 2.5000e+00       2.1000e+00       4.7943e-01       3.9970e-01       1.2705e+00      -1.1256e-01      -7.2594e-02       2.5522e-01
 2.5000e+00       2.1000e+00       4.8943e-01       3.8365e-01       1.2576e+00      -1.2095e-01      -6.8713e-02       2.5488e-01
 2.5000e+00       2.1000e+00       4.9943e-01       3.6871e-01       1.2451e+00      -1.2932e-01      -6.4683e-02       2.5435e-01
 2.5000e+00       2.1000e+00       5.0943e-01       3.5481e-01       1.2331e+00      -1.3766e-01      -6.0521e-02       2.5365e-01
 2.5000e+00       2.1000e+00       5.1943e-01       3.4190e-01       1.2215e+00      -1.4597e-01      -5.6246e-02       2.5279e-01
 2.5000e+00       2.1000e+00       5.2943e-01       3.2992e-01       1.2102e+00      -1.5424e-01      -5.1875e-02       2.5178e-01
 2.5000e+00       2.1000e+00       5.3943e-01       3.1880e-01       1.1994e+00      -1.6248e-01      -4.7422e-02       2.5064e-01
 2.5000e+00       2.1000e+00       5.4943e-01       3.0851e-01       1.1889e+00      -1.7068e-01      -4.2903e-02       2.4938e-01
 2.5000e+00       2.1000e+00       5.5943e-01       2.9898e-01       1.1788e+00      -1.7884e-01      -3.8329e-02       2.4800e-01
 2.5000e+00       2.1000e+00       5.6943e-01       2.9019e-01       1.1691e+00      -1.8695e-01      -3.3714e-02       2.4652e-01
 2.5000e+00       2.1000e+00       5.7943e-01       2.8208e-01       1.1596e+00      -1.9503e-01      -2.9068e-02       2.4494e-01
 2.5000e+00       2.1000e+00       5.8943e-01       2.7463e-01       1.1505e+00      -2.0306e-01      -2.4402e-02       2.4327e-01
 2.5000e+00       2.1000e+00       5.9943e-01       2.6779e-01       1.1417e+00      -2.1105e-01      -1.9726e-02       2.4152e-01
 2.5000e+00       2.1000e+00       6.0943e-01       2.6153e-01       1.1332e+00      -2.1899e-01      -1.5047e-02       2.3970e-01
 2.5000e+00       2.1000e+00       6.1943e-01       2.5582e-01       1.1250e+00      -2.2688e-01      -1.0375e-02       2.3780e-01
 2.5000e+00       2.1000e+00       6.2943e-01       2.5064e-01       1.1171e+00      -2.3473e-01      -5.7157e-03       2.3584e-01
 2.5000e+00       2.1000e+00       6.3943e-01       2.4595e-01       1.1094e+00      -2.4253e-01      -1.0776e-03       2.3382e-01
 2.5000e+00       2.1000e+00       6.4943e-01       2.4173e-01       1.1020e+00      -2.5028e-01       3.5335e-03       2.3175e-01
 2.5000e+00       2.1000e+00       6.5943e-01       2.3796e-01       1.0949e+00      -2.5798e-01       8.1116e-03       2.2963e-01
 2.5000e+00       2.1000e+00       6.6943e-01       2.3462e-01       1.0880e+00      -2.6563e-01       1.2651e-02       2.2746e-01
 2.5000e+00       2.1000e+00       6.7943e-01       2.3167e-01       1.0813e+00      -2.7324e-01       1.7148e-02       2.2526e-01
 2.5000e+00       2.1000e+00       6.8943e-01       2.2911e-01       1.0749e+00      -2.8079e-01       2.1596e-02       2.2301e-01
 2.5000e+00       2.1000e+00       6.9943e-01       2.2691e-01       1.0687e+00      -2.8829e-01       2.5993e-02       2.2074e-01
 2.5000e+00       2.1000e+00       7.0943e-01       2.2506e-01       1.0627e+00      -2.9575e-01       3.0333e-02       2.1844e-01
 2.5000e+00       2.1000e+00       7.1943e-01       2.2354e-01       1.0569e+00      -3.0315e-01       3.4614e-02       2.1610e-01
 2.5000e+00       2.1000e+00       7.2943e-01       2.2234e-01       1.0513e+00      -3.1050e-01       3.8832e-02       2.1375e-01
 2.5000e+00       2.1000e+00       7.3943e-01       2.2143e-01       1.0459e+00      -3.1781e-01       4.2985e-02       2.1138e-01
 2.5000e+00       2.1000e+00       7.4943e-01       2.2081e-01       1.0407e+00      -3.2506e-01       4.7069e-02       2.0898e-01
 2.5000e+00       2.1000e+00       7.5943e-01       2.2046e-01       1.0357e+00      -3.3225e-01       5.1082e-02       2.0657e-01
 2.5000e+00       2.1000e+00       7.6943e-01       2.2036e-01       1.0309e+00      -3.3940e-01       5.5023e-02       2.0415e-01
 2.5000e+00       2.1000e+00       7.7943e-01       2.2052e-01       1.0262e+00      -3.4650e-01       5.8888e-02       2.0172e-01
 2.5000e+00       2.1000e+00       7.8943e-01       2.2091e-01       1.0217e+00      -3.5354e-01       6.2678e-02       1.9928e-01
 2.5000e+00       2.1000e+00       7.9943e-01       2.2153e-01       1.0174e+00      -3.6053e-01       6.6389e-02       1.9683e-01
 2.5000e+00       2.1000e+00       8.0943e-01       2.2236e-01       1.0132e+00      -3.6747e-01       7.0020e-02       1.9438e-01
 2.5000e+00       2.1000e+00       8.1943e-01       2.2339e-01       1.0092e+00      -3.7436e-01       7.3571e-02       1.9192e-01
 2.5000e+00       2.1000e+00       8.2943e-01       2.2462e-01       1.0053e+00      -3.8119e-01       7.7040e-02       1.8946e-01
 2.5000e+00       2.1000e+00       8.3943e-01       2.2604e-01       1.0016e+00      -3.8797e-01       8.0427e-02       1.8700e-01
 2.5000e+00       2.1000e+00       8.4943e-01       2.2764e-01       9.9798e-01      -3.9470e-01       8.3730e-02       1.8454e-01
 2.5000e+00       2.1000e+00       8.5943e-01       2.2941e-01       9.9452e-01      -4.0138e-01       8.6949e-02       1.8208e-01
 2.5000e+00       2.1000e+00       8.6943e-01       2.3133e-01       9.9119e-01      -4.0800e-01       9.0084e-02       1.7963e-01
 2.5000e+00       2.1000e+00       8.7943e-01       2.3342e-01       9.8798e-01      -4.1458e-01       9.3134e-02       1.7718e-01
 2.5000e+00       2.1000e+00       8.8943e-01       2.3565e-01       9.8490e-01      -4.2109e-01       9.6099e-02       1.7473e-01
 2.5000e+00       2.1000e+00       8.9943e-01       2.3803e-01       9.8193e-01      -4.2756e-01       9.8979e-02       1.7230e-01
 2.5000e+00       2.1000e+00       9.0943e-01       2.4054e-01       9.7908e-01      -4.3397e-01       1.0177e-01       1.6987e-01
 2.5000e+00       2.1000e+00       9.1943e-01       2.4318e-01       9.7634e-01      -4.4033e-01       1.0448e-01       1.6745e-01
 2.5000e+00       2.1000e+00       9.2943e-01       2.4594e-01       9.7371e-01      -4.4663e-01       1.0711e-01       1.6504e-01
 2.5000e+00       2.1000e+00       9.3943e-01       2.4882e-01       9.7118e-01      -4.5288e-01       1.0964e-01       1.6264e-01
 2.5000e+00       2.1000e+00       9.4943e-01       2.5181e-01       9.6875e-01      -4.5908e-01       1.1210e-01       1.6025e-01
 2.5000e+00       2.1000e+00       9.5943e-01       2.5492e-01       9.6642e-01      -4.6522e-01       1.1447e-01       1.5787e-01
 2.5000e+00       2.1000e+00       9.6943e-01       2.5812e-01       9.6418e-01      -4.7132e-01       1.1675e-01       1.5550e-01
 2.5000e+00       2.1000e+00       9.7943e-01       2.6142e-01       9.6203e-01      -4.7735e-01       1.1896e-01       1.5315e-01
 2.5000e+00       2.1000e+00       9.8943e-01       2.6482e-01       9.5997e-01      -4.8334e-01       1.2107e-01       1.5081e-01
 2.5000e+00       2.1000e+00       9.9943e-01       2.6830e-01       9.5800e-01      -4.8926e-01       1.2311e-01       1.4849e-01
 2.5000e+00       2.1000e+00       1.0094e+00       2.7187e-01       9.5610e-01      -4.9514e-01       1.2507e-01       1.4618e-01
 2.5000e+00       2.1000e+00       1.0194e+00       2.7552e-01       9.5429e-01      -5.0096e-01       1.2694e-01       1.4388e-01
 2.5000e+00       2.1000e+00       1.0294e+00       2.7925e-01       9.5255e-01      -5.0673e-01       1.2873e-01       1.4160e-01
 2.5000e+00       2.1000e+00       1.0394e+00       2.8305e-01       9.5088e-01      -5.1244e-01       1.3044e-01       1.3934e-01
 2.5000e+00       2.1000e+00       1.0494e+00       2.8692e-01       9.4928e-01      -5.1810e-01       1.3208e-01       1.3709e-01
 2.5000e+00       2.1000e+00       1.0594e+00       2.9086e-01       9.4775e-01      -5.2371e-01       1.3363e-01       1.3486e-01
 2.5000e+00       2.1000e+00       1.0694e+00       2.9486e-01       9.4629e-01      -5.2926e-01       1.3511e-01       1.3264e-01
 2.5000e+00       2.1000e+00       1.0794e+00       2.9893e-01       9.4489e-01      -5.3476e-01       1.3651e-01       1.3045e-01
 2.5000e+00       2.1000e+00       1.0894e+00       3.0305e-01       9.4355e-01      -5.4020e-01       1.3784e-01       1.2827e-01
 2.5000e+00       2.1000e+00       1.0994e+00       3.0722e-01       9.4227e-01      -5.4559e-01       1.3909e-01       1.2611e-01
 2.5000e+00       2.1000e+00       1.1094e+00       3.1145e-01       9.4104e-01      -5.5093e-01       1.4026e-01       1.2396e-01
 2.5000e+00       2.1000e+00       1.1194e+00       3.1572e-01       9.3987e-01      -5.5621e-01       1.4136e-01       1.2184e-01
 2.5000e+00       2.1000e+00       1.1294e+00       3.2004e-01       9.3875e-01      -5.6144e-01       1.4240e-01       1.1973e-01
 2.5000e+00       2.1000e+00       1.1394e+00       3.2441e-01       9.3767e-01      -5.6661e-01       1.4336e-01       1.1765e-01
 2.5000e+00       2.1000e+00       1.1494e+00       3.2881e-01       9.3665e-01      -5.7174e-01       1.4425e-01       1.1558e-01
 2.5000e+00       2.1000e+00       1.1594e+00       3.3326e-01       9.3567e-01      -5.7680e-01       1.4507e-01       1.1353e-01
 2.5000e+00       2.1000e+00       1.1694e+00       3.3774e-01       9.3473e-01      -5.8181e-01       1.4582e-01       1.1150e-01
 2.5000e+00       2.1000e+00       1.1794e+00       3.4225e-01       9.3383e-01      -5.8677e-01       1.4651e-01       1.0949e-01
 2.5000e+00       2.1000e+00       1.1894e+00       3.4680e-01       9.3298e-01      -5.9168e-01       1.4713e-01       1.0750e-01
 2.5000e+00       2.1000e+00       1.1994e+00       3.5138e-01       9.3216e-01      -5.9653e-01       1.4768e-01       1.0552e-01
 2.5000e+00       2.1000e+00       1.2094e+00       3.5599e-01       9.3137e-01      -6.0132e-01       1.4817e-01       1.0357e-01
 2.5000e+00       2.1000e+00       1.2194e+00       3.6062e-01       9.3062e-01      -6.0607e-01       1.4860e-01       1.0164e-01
 2.5000e+00       2.1000e+00       1.2294e+00       3.6528e-01       9.2990e-01      -6.1076e-01       1.4897e-01       9.9725e-02
 2.5000e+00       2.1000e+00       1.2394e+00       3.6996e-01       9.2921e-01      -6.1539e-01       1.4928e-01       9.7831e-02
 2.5000e+00       2.1000e+00       1.2494e+00       3.7467e-01       9.2855e-01      -6.1998e-01       1.4952e-01       9.5958e-02
 2.5000e+00       2.1000e+00       1.2594e+00       3.7939e-01       9.2792e-01      -6.2450e-01       1.4971e-01       9.4104e-02
 2.5000e+00       2.1000e+00       1.2694e+00       3.8413e-01       9.2731e-01      -6.2898e-01       1.4984e-01       9.2271e-02
 2.5000e+00       2.1000e+00       1.2794e+00       3.8889e-01       9.2673e-01      -6.3340e-01       1.4992e-01       9.0457e-02
 2.5000e+00       2.1000e+00       1.2894e+00       3.9366e-01       9.2617e-01      -6.3777e-01       1.4994e-01       8.8663e-02
 2.5000e+00       2.1000e+00       1.2994e+00       3.9844e-01       9.2563e-01      -6.4209e-01       1.4990e-01       8.6889e-02
 2.5000e+00       2.1000e+00       1.3094e+00       4.0324e-01       9.2510e-01      -6.4635e-01       1.4982e-01       8.5135e-02
 2.5000e+00       2.1000e+00       1.3194e+00       4.0805e-01       9.2460e-01      -6.5056e-01       1.4968e-01       8.3401e-02
 2.5000e+00       2.1000e+00       1.3294e+00       4.1287e-01       9.2411e-01      -6.5471e-01       1.4949e-01       8.1687e-02
 2.5000e+00       2.1000e+00       1.3394e+00       4.1769e-01       9.2364e-01      -6.5882e-01       1.4925e-01       7.9993e-02
 2.5000e+00       2.1000e+00       1.3494e+00       4.2252e-01       9.2318e-01      -6.6287e-01       1.4896e-01       7.8319e-02
 2.5000e+00       2.1000e+00       1.3594e+00       4.2736e-01       9.2274e-01      -6.6687e-01       1.4862e-01       7.6664e-02
 2.5000e+00       2.1000e+00       1.3694e+00       4.3220e-01       9.2230e-01      -6.7081e-01       1.4824e-01       7.5030e-02
 2.5000e+00       2.1000e+00       1.3794e+00       4.3705e-01       9.2188e-01      -6.7470e-01       1.4781e-01       7.3415e-02
 2.5000e+00       2.1000e+00       1.3894e+00       4.4189e-01       9.2146e-01      -6.7854e-01       1.4734e-01       7.1820e-02
 2.5000e+00       2.1000e+00       1.3994e+00       4.4674e-01       9.2106e-01      -6.8233e-01       1.4682e-01       7.0245e-02
 2.5000e+00       2.1000e+00       1.4094e+00       4.5159e-01       9.2066e-01      -6.8607e-01       1.4626e-01       6.8689e-02
 2.5000e+00       2.1000e+00       1.4194e+00       4.5644e-01       9.2026e-01      -6.8975e-01       1.4566e-01       6.7153e-02
 2.5000e+00       2.1000e+00       1.4294e+00       4.6128e-01       9.1987e-01      -6.9339e-01       1.4502e-01       6.5636e-02
 2.5000e+00       2.1000e+00       1.4394e+00       4.6612e-01       9.1949e-01      -6.9697e-01       1.4434e-01       6.4139e-02
 2.5000e+00       2.1000e+00       1.4494e+00       4.7096e-01       9.1910e-01      -7.0049e-01       1.4362e-01       6.2661e-02
 2.5000e+00       2.1000e+00       1.4594e+00       4.7579e-01       9.1872e-01      -7.0397e-01       1.4286e-01       6.1203e-02
 2.5000e+00       2.1000e+00       1.4694e+00       4.8062e-01       9.1834e-01      -7.0740e-01       1.4207e-01       5.9764e-02
 2.5000e+00       2.1000e+00       1.4794e+00       4.8544e-01       9.1795e-01      -7.1077e-01       1.4124e-01       5.8344e-02
 2.5000e+00       2.1000e+00       1.4894e+00       4.9026e-01       9.1757e-01      -7.1410e-01       1.4038e-01       5.6943e-02
 2.5000e+00       2.1000e+00       1.4994e+00       4.9506e-01       9.1718e-01      -7.1737e-01       1.3949e-01       5.5561e-02
