 8.0000e+00       2.8900e+00       4.5330e-01       2.4001e-02       3.2161e-02       0.0000e+00       0.0000e+00
 8.0000e+00       2.8900e+00       4.6330e-01       2.2728e-02       3.1692e-02       1.2839e-03       1.1746e-05
 8.0000e+00       2.8900e+00       4.7330e-01       2.1532e-02       3.1248e-02       1.6910e-03       3.5294e-05
 8.0000e+00       2.8900e+00       4.8330e-01       2.0407e-02       3.0830e-02       1.9247e-03       6.9373e-05
 8.0000e+00       2.8900e+00       4.9330e-01       1.9349e-02       3.0435e-02       2.0606e-03       1.1281e-04
 8.0000e+00       2.8900e+00       5.0330e-01       1.8354e-02       3.0064e-02       2.1303e-03       1.6454e-04
 8.0000e+00       2.8900e+00       5.1330e-01       1.7418e-02       2.9714e-02       2.1512e-03       2.2356e-04
 8.0000e+00       2.8900e+00       5.2330e-01       1.6536e-02       2.9384e-02       2.1345e-03       2.8897e-04
 8.0000e+00       2.8900e+00       5.3330e-01       1.5706e-02       2.9075e-02       2.0877e-03       3.5992e-04
 8.0000e+00       2.8900e+00       5.4330e-01       1.4923e-02       2.8784e-02       2.0164e-03       4.3564e-04
 8.0000e+00       2.8900e+00       5.5330e-01       1.4186e-02       2.8511e-02       1.9249e-03       5.1543e-04
 8.0000e+00       2.8900e+00       5.6330e-01       1.3491e-02       2.8255e-02       1.8165e-03       5.9863e-04
 8.0000e+00       2.8900e+00       5.7330e-01       1.2836e-02       2.8016e-02       1.6940e-03       6.8463e-04
 8.0000e+00       2.8900e+00       5.8330e-01       1.2219e-02       2.7792e-02       1.5594e-03       7.7288e-04
 8.0000e+00       2.8900e+00       5.9330e-01       1.1637e-02       2.7583e-02       1.4147e-03       8.6288e-04
 8.0000e+00       2.8900e+00       6.0330e-01       1.1088e-02       2.7388e-02       1.2613e-03       9.5416e-04
 8.0000e+00       2.8900e+00       6.1330e-01       1.0570e-02       2.7206e-02       1.1007e-03       1.0463e-03
 8.0000e+00       2.8900e+00       6.2330e-01       1.0082e-02       2.7038e-02       9.3388e-04       1.1389e-03
 8.0000e+00       2.8900e+00       6.3330e-01       9.6212e-03       2.6881e-02       7.6188e-04       1.2315e-03
 8.0000e+00       2.8900e+00       6.4330e-01       9.1870e-03       2.6737e-02       5.8551e-04       1.3240e-03
 8.0000e+00       2.8900e+00       6.5330e-01       8.7775e-03       2.6604e-02       4.0555e-04       1.4159e-03
 8.0000e+00       2.8900e+00       6.6330e-01       8.3915e-03       2.6481e-02       2.2263e-04       1.5069e-03
 8.0000e+00       2.8900e+00       6.7330e-01       8.0276e-03       2.6368e-02       3.7347e-05       1.5970e-03
 8.0000e+00       2.8900e+00       6.8330e-01       7.6846e-03       2.6265e-02      -1.4980e-04       1.6857e-03
 8.0000e+00       2.8900e+00       6.9330e-01       7.3614e-03       2.6172e-02      -3.3834e-04       1.7730e-03
 8.0000e+00       2.8900e+00       7.0330e-01       7.0569e-03       2.6087e-02      -5.2787e-04       1.8585e-03
 8.0000e+00       2.8900e+00       7.1330e-01       6.7701e-03       2.6010e-02      -7.1804e-04       1.9422e-03
 8.0000e+00       2.8900e+00       7.2330e-01       6.5000e-03       2.5941e-02      -9.0851e-04       2.0240e-03
 8.0000e+00       2.8900e+00       7.3330e-01       6.2459e-03       2.5880e-02      -1.0990e-03       2.1035e-03
 8.0000e+00       2.8900e+00       7.4330e-01       6.0067e-03       2.5826e-02      -1.2892e-03       2.1809e-03
 8.0000e+00       2.8900e+00       7.5330e-01       5.7819e-03       2.5779e-02      -1.4789e-03       2.2559e-03
 8.0000e+00       2.8900e+00       7.6330e-01       5.5705e-03       2.5738e-02      -1.6679e-03       2.3284e-03
 8.0000e+00       2.8900e+00       7.7330e-01       5.3720e-03       2.5703e-02      -1.8560e-03       2.3984e-03
 8.0000e+00       2.8900e+00       7.8330e-01       5.1856e-03       2.5674e-02      -2.0431e-03       2.4658e-03
 8.0000e+00       2.8900e+00       7.9330e-01       5.0107e-03       2.5651e-02      -2.2289e-03       2.5306e-03
 8.0000e+00       2.8900e+00       8.0330e-01       4.8468e-03       2.5633e-02      -2.4133e-03       2.5927e-03
 8.0000e+00       2.8900e+00       8.1330e-01       4.6932e-03       2.5619e-02      -2.5962e-03       2.6520e-03
 8.0000e+00       2.8900e+00       8.2330e-01       4.5494e-03       2.5610e-02      -2.7775e-03       2.7085e-03
 8.0000e+00       2.8900e+00       8.3330e-01       4.4150e-03       2.5605e-02      -2.9570e-03       2.7623e-03
 8.0000e+00       2.8900e+00       8.4330e-01       4.2894e-03       2.5605e-02      -3.1347e-03       2.8132e-03
 8.0000e+00       2.8900e+00       8.5330e-01       4.1723e-03       2.5608e-02      -3.3105e-03       2.8613e-03
 8.0000e+00       2.8900e+00       8.6330e-01       4.0631e-03       2.5615e-02      -3.4843e-03       2.9066e-03
 8.0000e+00       2.8900e+00       8.7330e-01       3.9615e-03       2.5625e-02      -3.6560e-03       2.9491e-03
 8.0000e+00       2.8900e+00       8.8330e-01       3.8671e-03       2.5638e-02      -3.8256e-03       2.9887e-03
 8.0000e+00       2.8900e+00       8.9330e-01       3.7795e-03       2.5654e-02      -3.9930e-03       3.0256e-03
 8.0000e+00       2.8900e+00       9.0330e-01       3.6984e-03       2.5673e-02      -4.1582e-03       3.0596e-03
 8.0000e+00       2.8900e+00       9.1330e-01       3.6235e-03       2.5695e-02      -4.3211e-03       3.0909e-03
 8.0000e+00       2.8900e+00       9.2330e-01       3.5543e-03       2.5718e-02      -4.4817e-03       3.1194e-03
 8.0000e+00       2.8900e+00       9.3330e-01       3.4908e-03       2.5744e-02      -4.6399e-03       3.1453e-03
 8.0000e+00       2.8900e+00       9.4330e-01       3.4324e-03       2.5772e-02      -4.7958e-03       3.1684e-03
 8.0000e+00       2.8900e+00       9.5330e-01       3.3791e-03       2.5801e-02      -4.9492e-03       3.1889e-03
 8.0000e+00       2.8900e+00       9.6330e-01       3.3304e-03       2.5832e-02      -5.1002e-03       3.2068e-03
 8.0000e+00       2.8900e+00       9.7330e-01       3.2863e-03       2.5864e-02      -5.2487e-03       3.2222e-03
 8.0000e+00       2.8900e+00       9.8330e-01       3.2464e-03       2.5898e-02      -5.3948e-03       3.2350e-03
 8.0000e+00       2.8900e+00       9.9330e-01       3.2105e-03       2.5933e-02      -5.5384e-03       3.2453e-03
 8.0000e+00       2.8900e+00       1.0033e+00       3.1784e-03       2.5969e-02      -5.6795e-03       3.2532e-03
 8.0000e+00       2.8900e+00       1.0133e+00       3.1500e-03       2.6006e-02      -5.8181e-03       3.2587e-03
 8.0000e+00       2.8900e+00       1.0233e+00       3.1249e-03       2.6044e-02      -5.9542e-03       3.2618e-03
 8.0000e+00       2.8900e+00       1.0333e+00       3.1031e-03       2.6082e-02      -6.0878e-03       3.2627e-03
 8.0000e+00       2.8900e+00       1.0433e+00       3.0844e-03       2.6120e-02      -6.2189e-03       3.2613e-03
 8.0000e+00       2.8900e+00       1.0533e+00       3.0685e-03       2.6160e-02      -6.3474e-03       3.2578e-03
 8.0000e+00       2.8900e+00       1.0633e+00       3.0554e-03       2.6199e-02      -6.4735e-03       3.2521e-03
 8.0000e+00       2.8900e+00       1.0733e+00       3.0449e-03       2.6238e-02      -6.5971e-03       3.2443e-03
 8.0000e+00       2.8900e+00       1.0833e+00       3.0369e-03       2.6278e-02      -6.7181e-03       3.2345e-03
 8.0000e+00       2.8900e+00       1.0933e+00       3.0311e-03       2.6318e-02      -6.8367e-03       3.2228e-03
 8.0000e+00       2.8900e+00       1.1033e+00       3.0275e-03       2.6357e-02      -6.9528e-03       3.2091e-03
 8.0000e+00       2.8900e+00       1.1133e+00       3.0259e-03       2.6397e-02      -7.0665e-03       3.1936e-03
 8.0000e+00       2.8900e+00       1.1233e+00       3.0263e-03       2.6436e-02      -7.1777e-03       3.1762e-03
 8.0000e+00       2.8900e+00       1.1333e+00       3.0285e-03       2.6474e-02      -7.2864e-03       3.1571e-03
 8.0000e+00       2.8900e+00       1.1433e+00       3.0323e-03       2.6512e-02      -7.3927e-03       3.1364e-03
 8.0000e+00       2.8900e+00       1.1533e+00       3.0378e-03       2.6550e-02      -7.4966e-03       3.1139e-03
 8.0000e+00       2.8900e+00       1.1633e+00       3.0448e-03       2.6587e-02      -7.5982e-03       3.0899e-03
 8.0000e+00       2.8900e+00       1.1733e+00       3.0531e-03       2.6624e-02      -7.6973e-03       3.0644e-03
 8.0000e+00       2.8900e+00       1.1833e+00       3.0628e-03       2.6659e-02      -7.7940e-03       3.0374e-03
 8.0000e+00       2.8900e+00       1.1933e+00       3.0737e-03       2.6694e-02      -7.8885e-03       3.0090e-03
 8.0000e+00       2.8900e+00       1.2033e+00       3.0857e-03       2.6728e-02      -7.9806e-03       2.9792e-03
 8.0000e+00       2.8900e+00       1.2133e+00       3.0988e-03       2.6762e-02      -8.0704e-03       2.9482e-03
 8.0000e+00       2.8900e+00       1.2233e+00       3.1129e-03       2.6794e-02      -8.1579e-03       2.9158e-03
 8.0000e+00       2.8900e+00       1.2333e+00       3.1278e-03       2.6825e-02      -8.2431e-03       2.8823e-03
 8.0000e+00       2.8900e+00       1.2433e+00       3.1437e-03       2.6856e-02      -8.3261e-03       2.8476e-03
 8.0000e+00       2.8900e+00       1.2533e+00       3.1602e-03       2.6885e-02      -8.4068e-03       2.8118e-03
 8.0000e+00       2.8900e+00       1.2633e+00       3.1775e-03       2.6913e-02      -8.4854e-03       2.7750e-03
 8.0000e+00       2.8900e+00       1.2733e+00       3.1955e-03       2.6940e-02      -8.5618e-03       2.7372e-03
 8.0000e+00       2.8900e+00       1.2833e+00       3.2140e-03       2.6965e-02      -8.6360e-03       2.6984e-03
 8.0000e+00       2.8900e+00       1.2933e+00       3.2331e-03       2.6990e-02      -8.7081e-03       2.6588e-03
 8.0000e+00       2.8900e+00       1.3033e+00       3.2526e-03       2.7013e-02      -8.7781e-03       2.6182e-03
 8.0000e+00       2.8900e+00       1.3133e+00       3.2726e-03       2.7035e-02      -8.8460e-03       2.5769e-03
 8.0000e+00       2.8900e+00       1.3233e+00       3.2930e-03       2.7055e-02      -8.9118e-03       2.5349e-03
 8.0000e+00       2.8900e+00       1.3333e+00       3.3137e-03       2.7075e-02      -8.9756e-03       2.4921e-03
 8.0000e+00       2.8900e+00       1.3433e+00       3.3347e-03       2.7092e-02      -9.0374e-03       2.4487e-03
 8.0000e+00       2.8900e+00       1.3533e+00       3.3559e-03       2.7109e-02      -9.0972e-03       2.4046e-03
 8.0000e+00       2.8900e+00       1.3633e+00       3.3774e-03       2.7124e-02      -9.1550e-03       2.3600e-03
 8.0000e+00       2.8900e+00       1.3733e+00       3.3990e-03       2.7137e-02      -9.2109e-03       2.3148e-03
 8.0000e+00       2.8900e+00       1.3833e+00       3.4208e-03       2.7149e-02      -9.2649e-03       2.2692e-03
 8.0000e+00       2.8900e+00       1.3933e+00       3.4427e-03       2.7160e-02      -9.3169e-03       2.2231e-03
 8.0000e+00       2.8900e+00       1.4033e+00       3.4647e-03       2.7169e-02      -9.3671e-03       2.1766e-03
 8.0000e+00       2.8900e+00       1.4133e+00       3.4867e-03       2.7177e-02      -9.4155e-03       2.1297e-03
 8.0000e+00       2.8900e+00       1.4233e+00       3.5087e-03       2.7183e-02      -9.4621e-03       2.0825e-03
 8.0000e+00       2.8900e+00       1.4333e+00       3.5307e-03       2.7187e-02      -9.5068e-03       2.0350e-03
 8.0000e+00       2.8900e+00       1.4433e+00       3.5526e-03       2.7190e-02      -9.5498e-03       1.9873e-03
 8.0000e+00       2.8900e+00       1.4533e+00       3.5745e-03       2.7192e-02      -9.5911e-03       1.9393e-03
 8.0000e+00       2.8900e+00       1.4633e+00       3.5963e-03       2.7192e-02      -9.6306e-03       1.8912e-03
 8.0000e+00       2.8900e+00       1.4733e+00       3.6180e-03       2.7190e-02      -9.6685e-03       1.8429e-03
 8.0000e+00       2.8900e+00       1.4833e+00       3.6395e-03       2.7187e-02      -9.7047e-03       1.7945e-03
 8.0000e+00       2.8900e+00       1.4933e+00       3.6609e-03       2.7182e-02      -9.7393e-03       1.7460e-03
 8.0000e+00       2.8900e+00       1.5033e+00       3.6821e-03       2.7176e-02      -9.7722e-03       1.6974e-03
 8.0000e+00       2.8900e+00       1.5133e+00       3.7031e-03       2.7168e-02      -9.8036e-03       1.6489e-03
 8.0000e+00       2.8900e+00       1.5233e+00       3.7239e-03       2.7158e-02      -9.8333e-03       1.6003e-03
 8.0000e+00       2.8900e+00       1.5333e+00       3.7445e-03       2.7147e-02      -9.8616e-03       1.5518e-03
 8.0000e+00       2.8900e+00       1.5433e+00       3.7649e-03       2.7135e-02      -9.8883e-03       1.5034e-03
 8.0000e+00       2.8900e+00       1.5533e+00       3.7849e-03       2.7120e-02      -9.9136e-03       1.4551e-03
 8.0000e+00       2.8900e+00       1.5633e+00       3.8047e-03       2.7105e-02      -9.9374e-03       1.4069e-03
 8.0000e+00       2.8900e+00       1.5733e+00       3.8242e-03       2.7087e-02      -9.9597e-03       1.3588e-03
 8.0000e+00       2.8900e+00       1.5833e+00       3.8435e-03       2.7069e-02      -9.9807e-03       1.3109e-03
 8.0000e+00       2.8900e+00       1.5933e+00       3.8624e-03       2.7048e-02      -1.0000e-02       1.2632e-03
 8.0000e+00       2.8900e+00       1.6033e+00       3.8810e-03       2.7026e-02      -1.0018e-02       1.2158e-03
 8.0000e+00       2.8900e+00       1.6133e+00       3.8992e-03       2.7003e-02      -1.0035e-02       1.1685e-03
 8.0000e+00       2.8900e+00       1.6233e+00       3.9172e-03       2.6978e-02      -1.0051e-02       1.1216e-03
 8.0000e+00       2.8900e+00       1.6333e+00       3.9348e-03       2.6951e-02      -1.0065e-02       1.0749e-03
 8.0000e+00       2.8900e+00       1.6433e+00       3.9520e-03       2.6924e-02      -1.0078e-02       1.0286e-03
