 3.5000e+00       3.2800e+00       8.0351e-02       4.6088e-01       1.9443e-01       0.0000e+00       0.0000e+00 
 3.5000e+00       3.2800e+00       9.0351e-02       4.0553e-01       1.8480e-01       3.9149e-02      -6.4020e-03 
 3.5000e+00       3.2800e+00       1.0035e-01       3.5872e-01       1.7654e-01       4.8374e-02      -1.1370e-02 
 3.5000e+00       3.2800e+00       1.1035e-01       3.1880e-01       1.6932e-01       5.2213e-02      -1.5251e-02 
 3.5000e+00       3.2800e+00       1.2035e-01       2.8449e-01       1.6291e-01       5.3512e-02      -1.8286e-02 
 3.5000e+00       3.2800e+00       1.3035e-01       2.5482e-01       1.5714e-01       5.3418e-02      -2.0654e-02 
 3.5000e+00       3.2800e+00       1.4035e-01       2.2898e-01       1.5190e-01       5.2507e-02      -2.2485e-02 
 3.5000e+00       3.2800e+00       1.5035e-01       2.0638e-01       1.4708e-01       5.1103e-02      -2.3882e-02 
 3.5000e+00       3.2800e+00       1.6035e-01       1.8650e-01       1.4262e-01       4.9402e-02      -2.4921e-02 
 3.5000e+00       3.2800e+00       1.7035e-01       1.6893e-01       1.3846e-01       4.7525e-02      -2.5664e-02 
 3.5000e+00       3.2800e+00       1.8035e-01       1.5336e-01       1.3457e-01       4.5552e-02      -2.6160e-02 
 3.5000e+00       3.2800e+00       1.9035e-01       1.3950e-01       1.3089e-01       4.3536e-02      -2.6450e-02 
 3.5000e+00       3.2800e+00       2.0035e-01       1.2712e-01       1.2742e-01       4.1510e-02      -2.6566e-02 
 3.5000e+00       3.2800e+00       2.1035e-01       1.1603e-01       1.2412e-01       3.9499e-02      -2.6535e-02 
 3.5000e+00       3.2800e+00       2.2035e-01       1.0608e-01       1.2097e-01       3.7519e-02      -2.6381e-02 
 3.5000e+00       3.2800e+00       2.3035e-01       9.7119e-02       1.1797e-01       3.5580e-02      -2.6121e-02 
 3.5000e+00       3.2800e+00       2.4035e-01       8.9037e-02       1.1509e-01       3.3689e-02      -2.5773e-02 
 3.5000e+00       3.2800e+00       2.5035e-01       8.1731e-02       1.1234e-01       3.1851e-02      -2.5350e-02 
 3.5000e+00       3.2800e+00       2.6035e-01       7.5114e-02       1.0969e-01       3.0068e-02      -2.4863e-02 
 3.5000e+00       3.2800e+00       2.7035e-01       6.9112e-02       1.0714e-01       2.8340e-02      -2.4325e-02 
 3.5000e+00       3.2800e+00       2.8035e-01       6.3660e-02       1.0468e-01       2.6670e-02      -2.3742e-02 
 3.5000e+00       3.2800e+00       2.9035e-01       5.8699e-02       1.0231e-01       2.5055e-02      -2.3123e-02 
 3.5000e+00       3.2800e+00       3.0035e-01       5.4180e-02       1.0002e-01       2.3496e-02      -2.2475e-02 
 3.5000e+00       3.2800e+00       3.1035e-01       5.0060e-02       9.7803e-02       2.1991e-02      -2.1803e-02 
 3.5000e+00       3.2800e+00       3.2035e-01       4.6298e-02       9.5662e-02       2.0539e-02      -2.1113e-02 
 3.5000e+00       3.2800e+00       3.3035e-01       4.2860e-02       9.3590e-02       1.9138e-02      -2.0409e-02 
 3.5000e+00       3.2800e+00       3.4035e-01       3.9717e-02       9.1583e-02       1.7788e-02      -1.9695e-02 
 3.5000e+00       3.2800e+00       3.5035e-01       3.6840e-02       8.9639e-02       1.6485e-02      -1.8974e-02 
 3.5000e+00       3.2800e+00       3.6035e-01       3.4205e-02       8.7754e-02       1.5230e-02      -1.8250e-02 
 3.5000e+00       3.2800e+00       3.7035e-01       3.1791e-02       8.5926e-02       1.4020e-02      -1.7525e-02 
 3.5000e+00       3.2800e+00       3.8035e-01       2.9578e-02       8.4153e-02       1.2853e-02      -1.6802e-02 
 3.5000e+00       3.2800e+00       3.9035e-01       2.7548e-02       8.2432e-02       1.1728e-02      -1.6082e-02 
 3.5000e+00       3.2800e+00       4.0035e-01       2.5686e-02       8.0762e-02       1.0644e-02      -1.5368e-02 
 3.5000e+00       3.2800e+00       4.1035e-01       2.3977e-02       7.9140e-02       9.5987e-03      -1.4660e-02 
 3.5000e+00       3.2800e+00       4.2035e-01       2.2408e-02       7.7564e-02       8.5913e-03      -1.3961e-02 
 3.5000e+00       3.2800e+00       4.3035e-01       2.0968e-02       7.6034e-02       7.6202e-03      -1.3272e-02 
 3.5000e+00       3.2800e+00       4.4035e-01       1.9647e-02       7.4547e-02       6.6840e-03      -1.2593e-02 
 3.5000e+00       3.2800e+00       4.5035e-01       1.8434e-02       7.3102e-02       5.7816e-03      -1.1926e-02 
 3.5000e+00       3.2800e+00       4.6035e-01       1.7320e-02       7.1698e-02       4.9117e-03      -1.1271e-02 
 3.5000e+00       3.2800e+00       4.7035e-01       1.6298e-02       7.0332e-02       4.0732e-03      -1.0629e-02 
 3.5000e+00       3.2800e+00       4.8035e-01       1.5361e-02       6.9005e-02       3.2649e-03      -9.9998e-03 
 3.5000e+00       3.2800e+00       4.9035e-01       1.4501e-02       6.7714e-02       2.4857e-03      -9.3849e-03 
 3.5000e+00       3.2800e+00       5.0035e-01       1.3713e-02       6.6459e-02       1.7347e-03      -8.7843e-03 
 3.5000e+00       3.2800e+00       5.1035e-01       1.2991e-02       6.5238e-02       1.0108e-03      -8.1983e-03 
 3.5000e+00       3.2800e+00       5.2035e-01       1.2331e-02       6.4051e-02       3.1310e-04      -7.6270e-03 
 3.5000e+00       3.2800e+00       5.3035e-01       1.1726e-02       6.2895e-02      -3.5932e-04      -7.0706e-03 
 3.5000e+00       3.2800e+00       5.4035e-01       1.1174e-02       6.1771e-02      -1.0073e-03      -6.5293e-03 
 3.5000e+00       3.2800e+00       5.5035e-01       1.0669e-02       6.0677e-02      -1.6318e-03      -6.0030e-03 
 3.5000e+00       3.2800e+00       5.6035e-01       1.0209e-02       5.9613e-02      -2.2335e-03      -5.4919e-03 
 3.5000e+00       3.2800e+00       5.7035e-01       9.7896e-03       5.8577e-02      -2.8132e-03      -4.9958e-03 
 3.5000e+00       3.2800e+00       5.8035e-01       9.4083e-03       5.7568e-02      -3.3716e-03      -4.5148e-03 
 3.5000e+00       3.2800e+00       5.9035e-01       9.0621e-03       5.6586e-02      -3.9095e-03      -4.0487e-03 
 3.5000e+00       3.2800e+00       6.0035e-01       8.7482e-03       5.5630e-02      -4.4276e-03      -3.5974e-03 
 3.5000e+00       3.2800e+00       6.1035e-01       8.4643e-03       5.4699e-02      -4.9264e-03      -3.1608e-03 
 3.5000e+00       3.2800e+00       6.2035e-01       8.2081e-03       5.3793e-02      -5.4068e-03      -2.7387e-03 
 3.5000e+00       3.2800e+00       6.3035e-01       7.9775e-03       5.2910e-02      -5.8691e-03      -2.3310e-03 
 3.5000e+00       3.2800e+00       6.4035e-01       7.7706e-03       5.2050e-02      -6.3141e-03      -1.9374e-03 
 3.5000e+00       3.2800e+00       6.5035e-01       7.5856e-03       5.1213e-02      -6.7423e-03      -1.5578e-03 
 3.5000e+00       3.2800e+00       6.6035e-01       7.4208e-03       5.0397e-02      -7.1543e-03      -1.1918e-03 
 3.5000e+00       3.2800e+00       6.7035e-01       7.2746e-03       4.9602e-02      -7.5505e-03      -8.3935e-04 
 3.5000e+00       3.2800e+00       6.8035e-01       7.1458e-03       4.8827e-02      -7.9315e-03      -5.0011e-04 
 3.5000e+00       3.2800e+00       6.9035e-01       7.0329e-03       4.8072e-02      -8.2978e-03      -1.7385e-04 
 3.5000e+00       3.2800e+00       7.0035e-01       6.9347e-03       4.7336e-02      -8.6498e-03       1.3969e-04 
 3.5000e+00       3.2800e+00       7.1035e-01       6.8501e-03       4.6618e-02      -8.9880e-03       4.4077e-04 
 3.5000e+00       3.2800e+00       7.2035e-01       6.7780e-03       4.5919e-02      -9.3128e-03       7.2966e-04 
 3.5000e+00       3.2800e+00       7.3035e-01       6.7174e-03       4.5237e-02      -9.6247e-03       1.0066e-03 
 3.5000e+00       3.2800e+00       7.4035e-01       6.6674e-03       4.4571e-02      -9.9240e-03       1.2719e-03 
 3.5000e+00       3.2800e+00       7.5035e-01       6.6272e-03       4.3922e-02      -1.0211e-02       1.5259e-03 
 3.5000e+00       3.2800e+00       7.6035e-01       6.5959e-03       4.3290e-02      -1.0487e-02       1.7687e-03 
 3.5000e+00       3.2800e+00       7.7035e-01       6.5729e-03       4.2672e-02      -1.0751e-02       2.0007e-03 
 3.5000e+00       3.2800e+00       7.8035e-01       6.5574e-03       4.2070e-02      -1.1003e-02       2.2222e-03 
 3.5000e+00       3.2800e+00       7.9035e-01       6.5488e-03       4.1481e-02      -1.1246e-02       2.4334e-03 
 3.5000e+00       3.2800e+00       8.0035e-01       6.5465e-03       4.0908e-02      -1.1478e-02       2.6346e-03 
 3.5000e+00       3.2800e+00       8.1035e-01       6.5500e-03       4.0347e-02      -1.1699e-02       2.8260e-03 
 3.5000e+00       3.2800e+00       8.2035e-01       6.5587e-03       3.9800e-02      -1.1911e-02       3.0080e-03 
 3.5000e+00       3.2800e+00       8.3035e-01       6.5721e-03       3.9266e-02      -1.2114e-02       3.1808e-03 
 3.5000e+00       3.2800e+00       8.4035e-01       6.5899e-03       3.8744e-02      -1.2307e-02       3.3446e-03 
 3.5000e+00       3.2800e+00       8.5035e-01       6.6116e-03       3.8235e-02      -1.2492e-02       3.4998e-03 
 3.5000e+00       3.2800e+00       8.6035e-01       6.6367e-03       3.7737e-02      -1.2668e-02       3.6465e-03 
 3.5000e+00       3.2800e+00       8.7035e-01       6.6651e-03       3.7250e-02      -1.2836e-02       3.7851e-03 
 3.5000e+00       3.2800e+00       8.8035e-01       6.6962e-03       3.6775e-02      -1.2995e-02       3.9157e-03 
 3.5000e+00       3.2800e+00       8.9035e-01       6.7299e-03       3.6310e-02      -1.3147e-02       4.0386e-03 
 3.5000e+00       3.2800e+00       9.0035e-01       6.7657e-03       3.5856e-02      -1.3291e-02       4.1541e-03 
 3.5000e+00       3.2800e+00       9.1035e-01       6.8035e-03       3.5412e-02      -1.3428e-02       4.2624e-03 
 3.5000e+00       3.2800e+00       9.2035e-01       6.8430e-03       3.4977e-02      -1.3558e-02       4.3637e-03 
 3.5000e+00       3.2800e+00       9.3035e-01       6.8840e-03       3.4552e-02      -1.3680e-02       4.4582e-03 
 3.5000e+00       3.2800e+00       9.4035e-01       6.9262e-03       3.4137e-02      -1.3796e-02       4.5462e-03 
 3.5000e+00       3.2800e+00       9.5035e-01       6.9695e-03       3.3730e-02      -1.3906e-02       4.6279e-03 
 3.5000e+00       3.2800e+00       9.6035e-01       7.0136e-03       3.3332e-02      -1.4009e-02       4.7035e-03 
 3.5000e+00       3.2800e+00       9.7035e-01       7.0584e-03       3.2942e-02      -1.4106e-02       4.7732e-03 
 3.5000e+00       3.2800e+00       9.8035e-01       7.1038e-03       3.2560e-02      -1.4197e-02       4.8372e-03 
 3.5000e+00       3.2800e+00       9.9035e-01       7.1495e-03       3.2187e-02      -1.4283e-02       4.8957e-03 
