 5.0000e+00       3.2800e+00       1.4533e-01       1.6464e-01       8.9916e-02       0.0000e+00       0.0000e+00 
 5.0000e+00       3.2800e+00       1.5533e-01       1.4935e-01       8.6822e-02       1.2085e-02      -1.5362e-03 
 5.0000e+00       3.2800e+00       1.6533e-01       1.3583e-01       8.3985e-02       1.5588e-02      -2.8036e-03 
 5.0000e+00       3.2800e+00       1.7533e-01       1.2383e-01       8.1365e-02       1.7462e-02      -3.8455e-03 
 5.0000e+00       3.2800e+00       1.8533e-01       1.1314e-01       7.8931e-02       1.8490e-02      -4.6964e-03 
 5.0000e+00       3.2800e+00       1.9533e-01       1.0357e-01       7.6659e-02       1.8996e-02      -5.3849e-03 
 5.0000e+00       3.2800e+00       2.0533e-01       9.4984e-02       7.4528e-02       1.9156e-02      -5.9343e-03 
 5.0000e+00       3.2800e+00       2.1533e-01       8.7255e-02       7.2523e-02       1.9078e-02      -6.3643e-03 
 5.0000e+00       3.2800e+00       2.2533e-01       8.0279e-02       7.0630e-02       1.8829e-02      -6.6913e-03 
 5.0000e+00       3.2800e+00       2.3533e-01       7.3967e-02       6.8836e-02       1.8458e-02      -6.9293e-03 
 5.0000e+00       3.2800e+00       2.4533e-01       6.8242e-02       6.7133e-02       1.7998e-02      -7.0901e-03 
 5.0000e+00       3.2800e+00       2.5533e-01       6.3040e-02       6.5512e-02       1.7473e-02      -7.1839e-03 
 5.0000e+00       3.2800e+00       2.6533e-01       5.8303e-02       6.3966e-02       1.6902e-02      -7.2197e-03 
 5.0000e+00       3.2800e+00       2.7533e-01       5.3982e-02       6.2489e-02       1.6299e-02      -7.2051e-03 
 5.0000e+00       3.2800e+00       2.8533e-01       5.0034e-02       6.1077e-02       1.5674e-02      -7.1468e-03 
 5.0000e+00       3.2800e+00       2.9533e-01       4.6421e-02       5.9723e-02       1.5034e-02      -7.0507e-03 
 5.0000e+00       3.2800e+00       3.0533e-01       4.3110e-02       5.8424e-02       1.4386e-02      -6.9218e-03 
 5.0000e+00       3.2800e+00       3.1533e-01       4.0073e-02       5.7177e-02       1.3735e-02      -6.7648e-03 
 5.0000e+00       3.2800e+00       3.2533e-01       3.7283e-02       5.5979e-02       1.3085e-02      -6.5836e-03 
 5.0000e+00       3.2800e+00       3.3533e-01       3.4716e-02       5.4826e-02       1.2438e-02      -6.3818e-03 
 5.0000e+00       3.2800e+00       3.4533e-01       3.2354e-02       5.3715e-02       1.1798e-02      -6.1625e-03 
 5.0000e+00       3.2800e+00       3.5533e-01       3.0178e-02       5.2645e-02       1.1164e-02      -5.9286e-03 
 5.0000e+00       3.2800e+00       3.6533e-01       2.8171e-02       5.1614e-02       1.0540e-02      -5.6826e-03 
 5.0000e+00       3.2800e+00       3.7533e-01       2.6318e-02       5.0619e-02       9.9265e-03      -5.4265e-03 
 5.0000e+00       3.2800e+00       3.8533e-01       2.4607e-02       4.9659e-02       9.3236e-03      -5.1626e-03 
 5.0000e+00       3.2800e+00       3.9533e-01       2.3026e-02       4.8732e-02       8.7323e-03      -4.8924e-03 
 5.0000e+00       3.2800e+00       4.0533e-01       2.1564e-02       4.7837e-02       8.1532e-03      -4.6176e-03 
 5.0000e+00       3.2800e+00       4.1533e-01       2.0211e-02       4.6971e-02       7.5865e-03      -4.3396e-03 
 5.0000e+00       3.2800e+00       4.2533e-01       1.8959e-02       4.6135e-02       7.0323e-03      -4.0597e-03 
 5.0000e+00       3.2800e+00       4.3533e-01       1.7800e-02       4.5326e-02       6.4910e-03      -3.7789e-03 
 5.0000e+00       3.2800e+00       4.4533e-01       1.6726e-02       4.4543e-02       5.9624e-03      -3.4983e-03 
 5.0000e+00       3.2800e+00       4.5533e-01       1.5731e-02       4.3786e-02       5.4466e-03      -3.2187e-03 
 5.0000e+00       3.2800e+00       4.6533e-01       1.4808e-02       4.3053e-02       4.9436e-03      -2.9410e-03 
 5.0000e+00       3.2800e+00       4.7533e-01       1.3953e-02       4.2344e-02       4.4532e-03      -2.6658e-03 
 5.0000e+00       3.2800e+00       4.8533e-01       1.3160e-02       4.1657e-02       3.9753e-03      -2.3937e-03 
 5.0000e+00       3.2800e+00       4.9533e-01       1.2425e-02       4.0992e-02       3.5098e-03      -2.1254e-03 
 5.0000e+00       3.2800e+00       5.0533e-01       1.1743e-02       4.0348e-02       3.0565e-03      -1.8612e-03 
 5.0000e+00       3.2800e+00       5.1533e-01       1.1111e-02       3.9723e-02       2.6152e-03      -1.6016e-03 
 5.0000e+00       3.2800e+00       5.2533e-01       1.0525e-02       3.9118e-02       2.1858e-03      -1.3469e-03 
 5.0000e+00       3.2800e+00       5.3533e-01       9.9814e-03       3.8531e-02       1.7679e-03      -1.0976e-03 
 5.0000e+00       3.2800e+00       5.4533e-01       9.4775e-03       3.7963e-02       1.3614e-03      -8.5372e-04 
 5.0000e+00       3.2800e+00       5.5533e-01       9.0106e-03       3.7411e-02       9.6617e-04      -6.1563e-04 
 5.0000e+00       3.2800e+00       5.6533e-01       8.5778e-03       3.6877e-02       5.8186e-04      -3.8350e-04 
 5.0000e+00       3.2800e+00       5.7533e-01       8.1770e-03       3.6358e-02       2.0828e-04      -1.5747e-04 
 5.0000e+00       3.2800e+00       5.8533e-01       7.8059e-03       3.5854e-02      -1.5478e-04       6.2313e-05 
 5.0000e+00       3.2800e+00       5.9533e-01       7.4624e-03       3.5366e-02      -5.0755e-04       2.7576e-04 
 5.0000e+00       3.2800e+00       6.0533e-01       7.1447e-03       3.4892e-02      -8.5025e-04       4.8279e-04 
 5.0000e+00       3.2800e+00       6.1533e-01       6.8510e-03       3.4432e-02      -1.1831e-03       6.8336e-04 
 5.0000e+00       3.2800e+00       6.2533e-01       6.5796e-03       3.3985e-02      -1.5063e-03       8.7744e-04 
 5.0000e+00       3.2800e+00       6.3533e-01       6.3291e-03       3.3551e-02      -1.8201e-03       1.0650e-03 
 5.0000e+00       3.2800e+00       6.4533e-01       6.0980e-03       3.3129e-02      -2.1247e-03       1.2461e-03 
 5.0000e+00       3.2800e+00       6.5533e-01       5.8851e-03       3.2720e-02      -2.4203e-03       1.4206e-03 
 5.0000e+00       3.2800e+00       6.6533e-01       5.6891e-03       3.2322e-02      -2.7072e-03       1.5887e-03 
 5.0000e+00       3.2800e+00       6.7533e-01       5.5089e-03       3.1935e-02      -2.9854e-03       1.7504e-03 
 5.0000e+00       3.2800e+00       6.8533e-01       5.3433e-03       3.1559e-02      -3.2553e-03       1.9058e-03 
 5.0000e+00       3.2800e+00       6.9533e-01       5.1916e-03       3.1194e-02      -3.5169e-03       2.0548e-03 
 5.0000e+00       3.2800e+00       7.0533e-01       5.0526e-03       3.0838e-02      -3.7706e-03       2.1976e-03 
 5.0000e+00       3.2800e+00       7.1533e-01       4.9256e-03       3.0492e-02      -4.0165e-03       2.3343e-03 
 5.0000e+00       3.2800e+00       7.2533e-01       4.8098e-03       3.0156e-02      -4.2548e-03       2.4649e-03 
 5.0000e+00       3.2800e+00       7.3533e-01       4.7043e-03       2.9829e-02      -4.4856e-03       2.5896e-03 
 5.0000e+00       3.2800e+00       7.4533e-01       4.6086e-03       2.9510e-02      -4.7091e-03       2.7084e-03 
 5.0000e+00       3.2800e+00       7.5533e-01       4.5220e-03       2.9199e-02      -4.9256e-03       2.8215e-03 
 5.0000e+00       3.2800e+00       7.6533e-01       4.4437e-03       2.8897e-02      -5.1351e-03       2.9289e-03 
 5.0000e+00       3.2800e+00       7.7533e-01       4.3734e-03       2.8603e-02      -5.3379e-03       3.0308e-03 
 5.0000e+00       3.2800e+00       7.8533e-01       4.3104e-03       2.8316e-02      -5.5341e-03       3.1272e-03 
 5.0000e+00       3.2800e+00       7.9533e-01       4.2542e-03       2.8036e-02      -5.7239e-03       3.2184e-03 
 5.0000e+00       3.2800e+00       8.0533e-01       4.2044e-03       2.7764e-02      -5.9073e-03       3.3043e-03 
 5.0000e+00       3.2800e+00       8.1533e-01       4.1605e-03       2.7498e-02      -6.0847e-03       3.3852e-03 
 5.0000e+00       3.2800e+00       8.2533e-01       4.1221e-03       2.7239e-02      -6.2560e-03       3.4611e-03 
 5.0000e+00       3.2800e+00       8.3533e-01       4.0889e-03       2.6986e-02      -6.4216e-03       3.5322e-03 
 5.0000e+00       3.2800e+00       8.4533e-01       4.0604e-03       2.6739e-02      -6.5814e-03       3.5986e-03 
 5.0000e+00       3.2800e+00       8.5533e-01       4.0363e-03       2.6497e-02      -6.7357e-03       3.6605e-03 
 5.0000e+00       3.2800e+00       8.6533e-01       4.0163e-03       2.6262e-02      -6.8845e-03       3.7178e-03 
 5.0000e+00       3.2800e+00       8.7533e-01       4.0001e-03       2.6032e-02      -7.0281e-03       3.7709e-03 
 5.0000e+00       3.2800e+00       8.8533e-01       3.9875e-03       2.5807e-02      -7.1665e-03       3.8197e-03 
 5.0000e+00       3.2800e+00       8.9533e-01       3.9781e-03       2.5587e-02      -7.2998e-03       3.8644e-03 
 5.0000e+00       3.2800e+00       9.0533e-01       3.9717e-03       2.5373e-02      -7.4283e-03       3.9051e-03 
 5.0000e+00       3.2800e+00       9.1533e-01       3.9681e-03       2.5162e-02      -7.5519e-03       3.9420e-03 
 5.0000e+00       3.2800e+00       9.2533e-01       3.9671e-03       2.4957e-02      -7.6709e-03       3.9751e-03 
 5.0000e+00       3.2800e+00       9.3533e-01       3.9684e-03       2.4755e-02      -7.7853e-03       4.0046e-03 
 5.0000e+00       3.2800e+00       9.4533e-01       3.9719e-03       2.4558e-02      -7.8953e-03       4.0306e-03 
 5.0000e+00       3.2800e+00       9.5533e-01       3.9774e-03       2.4365e-02      -8.0009e-03       4.0532e-03 
 5.0000e+00       3.2800e+00       9.6533e-01       3.9846e-03       2.4176e-02      -8.1023e-03       4.0725e-03 
 5.0000e+00       3.2800e+00       9.7533e-01       3.9936e-03       2.3991e-02      -8.1996e-03       4.0886e-03 
 5.0000e+00       3.2800e+00       9.8533e-01       4.0040e-03       2.3809e-02      -8.2928e-03       4.1017e-03 
 5.0000e+00       3.2800e+00       9.9533e-01       4.0158e-03       2.3631e-02      -8.3821e-03       4.1118e-03 
