 4.5000e+00       3.2800e+00       1.2231e-01       2.2871e-01       1.1503e-01       0.0000e+00       0.0000e+00 
 4.5000e+00       3.2800e+00       1.3231e-01       2.0572e-01       1.1066e-01       1.7421e-02      -2.4165e-03 
 4.5000e+00       3.2800e+00       1.4231e-01       1.8564e-01       1.0672e-01       2.2236e-02      -4.3847e-03 
 4.5000e+00       3.2800e+00       1.5231e-01       1.6803e-01       1.0313e-01       2.4679e-02      -5.9856e-03 
 4.5000e+00       3.2800e+00       1.6231e-01       1.5249e-01       9.9831e-02       2.5915e-02      -7.2824e-03 
 4.5000e+00       3.2800e+00       1.7231e-01       1.3872e-01       9.6779e-02       2.6427e-02      -8.3250e-03 
 4.5000e+00       3.2800e+00       1.8231e-01       1.2648e-01       9.3939e-02       2.6473e-02      -9.1539e-03 
 4.5000e+00       3.2800e+00       1.9231e-01       1.1555e-01       9.1283e-02       2.6205e-02      -9.8016e-03 
 4.5000e+00       3.2800e+00       2.0231e-01       1.0575e-01       8.8787e-02       2.5721e-02      -1.0295e-02 
 4.5000e+00       3.2800e+00       2.1231e-01       9.6955e-02       8.6432e-02       2.5087e-02      -1.0657e-02 
 4.5000e+00       3.2800e+00       2.2231e-01       8.9028e-02       8.4204e-02       2.4349e-02      -1.0905e-02 
 4.5000e+00       3.2800e+00       2.3231e-01       8.1869e-02       8.2089e-02       2.3540e-02      -1.1057e-02 
 4.5000e+00       3.2800e+00       2.4231e-01       7.5388e-02       8.0075e-02       2.2683e-02      -1.1125e-02 
 4.5000e+00       3.2800e+00       2.5231e-01       6.9509e-02       7.8155e-02       2.1796e-02      -1.1120e-02 
 4.5000e+00       3.2800e+00       2.6231e-01       6.4165e-02       7.6319e-02       2.0891e-02      -1.1054e-02 
 4.5000e+00       3.2800e+00       2.7231e-01       5.9299e-02       7.4562e-02       1.9978e-02      -1.0934e-02 
 4.5000e+00       3.2800e+00       2.8231e-01       5.4861e-02       7.2877e-02       1.9065e-02      -1.0768e-02 
 4.5000e+00       3.2800e+00       2.9231e-01       5.0807e-02       7.1259e-02       1.8156e-02      -1.0562e-02 
 4.5000e+00       3.2800e+00       3.0231e-01       4.7099e-02       6.9704e-02       1.7257e-02      -1.0323e-02 
 4.5000e+00       3.2800e+00       3.1231e-01       4.3703e-02       6.8207e-02       1.6370e-02      -1.0055e-02 
 4.5000e+00       3.2800e+00       3.2231e-01       4.0590e-02       6.6766e-02       1.5497e-02      -9.7635e-03 
 4.5000e+00       3.2800e+00       3.3231e-01       3.7732e-02       6.5376e-02       1.4641e-02      -9.4513e-03 
 4.5000e+00       3.2800e+00       3.4231e-01       3.5106e-02       6.4035e-02       1.3802e-02      -9.1223e-03 
 4.5000e+00       3.2800e+00       3.5231e-01       3.2691e-02       6.2740e-02       1.2982e-02      -8.7796e-03 
 4.5000e+00       3.2800e+00       3.6231e-01       3.0468e-02       6.1490e-02       1.2181e-02      -8.4259e-03 
 4.5000e+00       3.2800e+00       3.7231e-01       2.8421e-02       6.0282e-02       1.1399e-02      -8.0636e-03 
 4.5000e+00       3.2800e+00       3.8231e-01       2.6535e-02       5.9113e-02       1.0637e-02      -7.6949e-03 
 4.5000e+00       3.2800e+00       3.9231e-01       2.4795e-02       5.7983e-02       9.8943e-03      -7.3218e-03 
 4.5000e+00       3.2800e+00       4.0231e-01       2.3189e-02       5.6889e-02       9.1715e-03      -6.9458e-03 
 4.5000e+00       3.2800e+00       4.1231e-01       2.1707e-02       5.5830e-02       8.4682e-03      -6.5686e-03 
 4.5000e+00       3.2800e+00       4.2231e-01       2.0339e-02       5.4805e-02       7.7842e-03      -6.1914e-03 
 4.5000e+00       3.2800e+00       4.3231e-01       1.9074e-02       5.3811e-02       7.1193e-03      -5.8155e-03 
 4.5000e+00       3.2800e+00       4.4231e-01       1.7906e-02       5.2848e-02       6.4730e-03      -5.4419e-03 
 4.5000e+00       3.2800e+00       4.5231e-01       1.6826e-02       5.1915e-02       5.8452e-03      -5.0714e-03 
 4.5000e+00       3.2800e+00       4.6231e-01       1.5827e-02       5.1011e-02       5.2353e-03      -4.7051e-03 
 4.5000e+00       3.2800e+00       4.7231e-01       1.4904e-02       5.0134e-02       4.6432e-03      -4.3434e-03 
 4.5000e+00       3.2800e+00       4.8231e-01       1.4050e-02       4.9283e-02       4.0683e-03      -3.9872e-03 
 4.5000e+00       3.2800e+00       4.9231e-01       1.3261e-02       4.8458e-02       3.5103e-03      -3.6369e-03 
 4.5000e+00       3.2800e+00       5.0231e-01       1.2531e-02       4.7657e-02       2.9688e-03      -3.2930e-03 
 4.5000e+00       3.2800e+00       5.1231e-01       1.1856e-02       4.6880e-02       2.4434e-03      -2.9560e-03 
 4.5000e+00       3.2800e+00       5.2231e-01       1.1233e-02       4.6126e-02       1.9338e-03      -2.6261e-03 
 4.5000e+00       3.2800e+00       5.3231e-01       1.0656e-02       4.5393e-02       1.4394e-03      -2.3036e-03 
 4.5000e+00       3.2800e+00       5.4231e-01       1.0124e-02       4.4682e-02       9.6005e-04      -1.9889e-03 
 4.5000e+00       3.2800e+00       5.5231e-01       9.6320e-03       4.3992e-02       4.9521e-04      -1.6821e-03 
 4.5000e+00       3.2800e+00       5.6231e-01       9.1781e-03       4.3321e-02       4.4573e-05      -1.3834e-03 
 4.5000e+00       3.2800e+00       5.7231e-01       8.7592e-03       4.2669e-02      -3.9224e-04      -1.0929e-03 
 4.5000e+00       3.2800e+00       5.8231e-01       8.3730e-03       4.2036e-02      -8.1559e-04      -8.1070e-04 
 4.5000e+00       3.2800e+00       5.9231e-01       8.0170e-03       4.1421e-02      -1.2258e-03      -5.3686e-04 
 4.5000e+00       3.2800e+00       6.0231e-01       7.6893e-03       4.0823e-02      -1.6233e-03      -2.7143e-04 
 4.5000e+00       3.2800e+00       6.1231e-01       7.3878e-03       4.0241e-02      -2.0083e-03      -1.4418e-05 
 4.5000e+00       3.2800e+00       6.2231e-01       7.1106e-03       3.9676e-02      -2.3812e-03       2.3417e-04 
 4.5000e+00       3.2800e+00       6.3231e-01       6.8561e-03       3.9126e-02      -2.7423e-03       4.7439e-04 
 4.5000e+00       3.2800e+00       6.4231e-01       6.6228e-03       3.8592e-02      -3.0920e-03       7.0626e-04 
 4.5000e+00       3.2800e+00       6.5231e-01       6.4090e-03       3.8072e-02      -3.4304e-03       9.2984e-04 
 4.5000e+00       3.2800e+00       6.6231e-01       6.2136e-03       3.7566e-02      -3.7580e-03       1.1452e-03 
 4.5000e+00       3.2800e+00       6.7231e-01       6.0351e-03       3.7073e-02      -4.0750e-03       1.3524e-03 
 4.5000e+00       3.2800e+00       6.8231e-01       5.8725e-03       3.6594e-02      -4.3817e-03       1.5517e-03 
 4.5000e+00       3.2800e+00       6.9231e-01       5.7246e-03       3.6128e-02      -4.6783e-03       1.7429e-03 
 4.5000e+00       3.2800e+00       7.0231e-01       5.5904e-03       3.5673e-02      -4.9651e-03       1.9264e-03 
 4.5000e+00       3.2800e+00       7.1231e-01       5.4690e-03       3.5231e-02      -5.2425e-03       2.1022e-03 
 4.5000e+00       3.2800e+00       7.2231e-01       5.3595e-03       3.4800e-02      -5.5105e-03       2.2704e-03 
 4.5000e+00       3.2800e+00       7.3231e-01       5.2609e-03       3.4381e-02      -5.7696e-03       2.4312e-03 
 4.5000e+00       3.2800e+00       7.4231e-01       5.1727e-03       3.3972e-02      -6.0199e-03       2.5848e-03 
 4.5000e+00       3.2800e+00       7.5231e-01       5.0940e-03       3.3573e-02      -6.2616e-03       2.7311e-03 
 4.5000e+00       3.2800e+00       7.6231e-01       5.0241e-03       3.3184e-02      -6.4950e-03       2.8705e-03 
 4.5000e+00       3.2800e+00       7.7231e-01       4.9625e-03       3.2806e-02      -6.7202e-03       3.0030e-03 
 4.5000e+00       3.2800e+00       7.8231e-01       4.9085e-03       3.2436e-02      -6.9376e-03       3.1289e-03 
 4.5000e+00       3.2800e+00       7.9231e-01       4.8617e-03       3.2076e-02      -7.1473e-03       3.2482e-03 
 4.5000e+00       3.2800e+00       8.0231e-01       4.8214e-03       3.1724e-02      -7.3496e-03       3.3611e-03 
 4.5000e+00       3.2800e+00       8.1231e-01       4.7872e-03       3.1381e-02      -7.5445e-03       3.4678e-03 
 4.5000e+00       3.2800e+00       8.2231e-01       4.7587e-03       3.1046e-02      -7.7324e-03       3.5684e-03 
 4.5000e+00       3.2800e+00       8.3231e-01       4.7354e-03       3.0719e-02      -7.9133e-03       3.6631e-03 
 4.5000e+00       3.2800e+00       8.4231e-01       4.7169e-03       3.0400e-02      -8.0875e-03       3.7520e-03 
 4.5000e+00       3.2800e+00       8.5231e-01       4.7029e-03       3.0088e-02      -8.2552e-03       3.8353e-03 
 4.5000e+00       3.2800e+00       8.6231e-01       4.6930e-03       2.9783e-02      -8.4165e-03       3.9132e-03 
 4.5000e+00       3.2800e+00       8.7231e-01       4.6869e-03       2.9485e-02      -8.5716e-03       3.9857e-03 
 4.5000e+00       3.2800e+00       8.8231e-01       4.6843e-03       2.9194e-02      -8.7206e-03       4.0531e-03 
 4.5000e+00       3.2800e+00       8.9231e-01       4.6848e-03       2.8909e-02      -8.8638e-03       4.1156e-03 
 4.5000e+00       3.2800e+00       9.0231e-01       4.6884e-03       2.8631e-02      -9.0012e-03       4.1731e-03 
 4.5000e+00       3.2800e+00       9.1231e-01       4.6946e-03       2.8358e-02      -9.1331e-03       4.2260e-03 
 4.5000e+00       3.2800e+00       9.2231e-01       4.7033e-03       2.8092e-02      -9.2595e-03       4.2743e-03 
 4.5000e+00       3.2800e+00       9.3231e-01       4.7142e-03       2.7831e-02      -9.3806e-03       4.3182e-03 
 4.5000e+00       3.2800e+00       9.4231e-01       4.7272e-03       2.7575e-02      -9.4966e-03       4.3578e-03 
 4.5000e+00       3.2800e+00       9.5231e-01       4.7420e-03       2.7325e-02      -9.6076e-03       4.3933e-03 
 4.5000e+00       3.2800e+00       9.6231e-01       4.7584e-03       2.7080e-02      -9.7137e-03       4.4248e-03 
 4.5000e+00       3.2800e+00       9.7231e-01       4.7764e-03       2.6840e-02      -9.8151e-03       4.4525e-03 
 4.5000e+00       3.2800e+00       9.8231e-01       4.7957e-03       2.6604e-02      -9.9118e-03       4.4764e-03 
 4.5000e+00       3.2800e+00       9.9231e-01       4.8162e-03       2.6373e-02      -1.0004e-02       4.4967e-03 
