 1.0000e+00       2.1000e+00       5.3275e-02       1.3010e+01       6.4045e+00       0.0000e+00       0.0000e+00       0.0000e+00
 1.0000e+00       2.1000e+00       6.3275e-02       1.1200e+01       5.9629e+00       5.0070e-01      -3.6065e-01       1.7743e-01
 1.0000e+00       2.1000e+00       7.3275e-02       9.7239e+00       5.6173e+00       5.4009e-01      -6.2396e-01       2.4234e-01
 1.0000e+00       2.1000e+00       8.3275e-02       8.5049e+00       5.3371e+00       5.1176e-01      -8.2085e-01       2.8664e-01
 1.0000e+00       2.1000e+00       9.3275e-02       7.4867e+00       5.1034e+00       4.6098e-01      -9.7046e-01       3.1960e-01
 1.0000e+00       2.1000e+00       1.0328e-01       6.6274e+00       4.9039e+00       4.0319e-01      -1.0853e+00       3.4501e-01
 1.0000e+00       2.1000e+00       1.1328e-01       5.8956e+00       4.7301e+00       3.4458e-01      -1.1737e+00       3.6487e-01
 1.0000e+00       2.1000e+00       1.2328e-01       5.2675e+00       4.5764e+00       2.8774e-01      -1.2417e+00       3.8044e-01
 1.0000e+00       2.1000e+00       1.3328e-01       4.7247e+00       4.4386e+00       2.3368e-01      -1.2937e+00       3.9257e-01
 1.0000e+00       2.1000e+00       1.4328e-01       4.2527e+00       4.3135e+00       1.8271e-01      -1.3328e+00       4.0186e-01
 1.0000e+00       2.1000e+00       1.5328e-01       3.8401e+00       4.1989e+00       1.3482e-01      -1.3614e+00       4.0878e-01
 1.0000e+00       2.1000e+00       1.6328e-01       3.4777e+00       4.0930e+00       8.9842e-02      -1.3814e+00       4.1369e-01
 1.0000e+00       2.1000e+00       1.7328e-01       3.1582e+00       3.9944e+00       4.7552e-02      -1.3942e+00       4.1686e-01
 1.0000e+00       2.1000e+00       1.8328e-01       2.8753e+00       3.9021e+00       7.7143e-03      -1.4012e+00       4.1855e-01
 1.0000e+00       2.1000e+00       1.9328e-01       2.6242e+00       3.8152e+00      -2.9900e-02      -1.4031e+00       4.1894e-01
 1.0000e+00       2.1000e+00       2.0328e-01       2.4007e+00       3.7329e+00      -6.5504e-02      -1.4008e+00       4.1820e-01
 1.0000e+00       2.1000e+00       2.1328e-01       2.2012e+00       3.6548e+00      -9.9292e-02      -1.3948e+00       4.1646e-01
 1.0000e+00       2.1000e+00       2.2328e-01       2.0228e+00       3.5803e+00      -1.3143e-01      -1.3859e+00       4.1386e-01
 1.0000e+00       2.1000e+00       2.3328e-01       1.8629e+00       3.5090e+00      -1.6209e-01      -1.3743e+00       4.1049e-01
 1.0000e+00       2.1000e+00       2.4328e-01       1.7196e+00       3.4407e+00      -1.9139e-01      -1.3604e+00       4.0645e-01
 1.0000e+00       2.1000e+00       2.5328e-01       1.5908e+00       3.3751e+00      -2.1945e-01      -1.3447e+00       4.0182e-01
 1.0000e+00       2.1000e+00       2.6328e-01       1.4750e+00       3.3119e+00      -2.4639e-01      -1.3273e+00       3.9667e-01
 1.0000e+00       2.1000e+00       2.7328e-01       1.3709e+00       3.2509e+00      -2.7229e-01      -1.3085e+00       3.9106e-01
 1.0000e+00       2.1000e+00       2.8328e-01       1.2772e+00       3.1919e+00      -2.9725e-01      -1.2885e+00       3.8505e-01
 1.0000e+00       2.1000e+00       2.9328e-01       1.1929e+00       3.1349e+00      -3.2133e-01      -1.2675e+00       3.7868e-01
 1.0000e+00       2.1000e+00       3.0328e-01       1.1170e+00       3.0796e+00      -3.4459e-01      -1.2457e+00       3.7201e-01
 1.0000e+00       2.1000e+00       3.1328e-01       1.0488e+00       3.0260e+00      -3.6711e-01      -1.2231e+00       3.6508e-01
 1.0000e+00       2.1000e+00       3.2328e-01       9.8745e-01       2.9739e+00      -3.8893e-01      -1.1999e+00       3.5792e-01
 1.0000e+00       2.1000e+00       3.3328e-01       9.3240e-01       2.9233e+00      -4.1009e-01      -1.1763e+00       3.5056e-01
 1.0000e+00       2.1000e+00       3.4328e-01       8.8305e-01       2.8741e+00      -4.3065e-01      -1.1522e+00       3.4303e-01
 1.0000e+00       2.1000e+00       3.5328e-01       8.3889e-01       2.8262e+00      -4.5063e-01      -1.1279e+00       3.3537e-01
 1.0000e+00       2.1000e+00       3.6328e-01       7.9948e-01       2.7796e+00      -4.7008e-01      -1.1033e+00       3.2759e-01
 1.0000e+00       2.1000e+00       3.7328e-01       7.6440e-01       2.7342e+00      -4.8902e-01      -1.0785e+00       3.1971e-01
 1.0000e+00       2.1000e+00       3.8328e-01       7.3328e-01       2.6899e+00      -5.0749e-01      -1.0536e+00       3.1177e-01
 1.0000e+00       2.1000e+00       3.9328e-01       7.0579e-01       2.6467e+00      -5.2550e-01      -1.0287e+00       3.0377e-01
 1.0000e+00       2.1000e+00       4.0328e-01       6.8164e-01       2.6046e+00      -5.4309e-01      -1.0038e+00       2.9573e-01
 1.0000e+00       2.1000e+00       4.1328e-01       6.6055e-01       2.5635e+00      -5.6026e-01      -9.7886e-01       2.8767e-01
 1.0000e+00       2.1000e+00       4.2328e-01       6.4227e-01       2.5233e+00      -5.7705e-01      -9.5403e-01       2.7960e-01
 1.0000e+00       2.1000e+00       4.3328e-01       6.2659e-01       2.4841e+00      -5.9348e-01      -9.2931e-01       2.7153e-01
 1.0000e+00       2.1000e+00       4.4328e-01       6.1330e-01       2.4459e+00      -6.0954e-01      -9.0472e-01       2.6347e-01
 1.0000e+00       2.1000e+00       4.5328e-01       6.0222e-01       2.4085e+00      -6.2528e-01      -8.8029e-01       2.5544e-01
 1.0000e+00       2.1000e+00       4.6328e-01       5.9317e-01       2.3719e+00      -6.4069e-01      -8.5605e-01       2.4744e-01
 1.0000e+00       2.1000e+00       4.7328e-01       5.8600e-01       2.3362e+00      -6.5579e-01      -8.3202e-01       2.3948e-01
 1.0000e+00       2.1000e+00       4.8328e-01       5.8057e-01       2.3013e+00      -6.7059e-01      -8.0821e-01       2.3158e-01
 1.0000e+00       2.1000e+00       4.9328e-01       5.7676e-01       2.2672e+00      -6.8511e-01      -7.8465e-01       2.2372e-01
 1.0000e+00       2.1000e+00       5.0328e-01       5.7443e-01       2.2338e+00      -6.9935e-01      -7.6135e-01       2.1593e-01
 1.0000e+00       2.1000e+00       5.1328e-01       5.7348e-01       2.2012e+00      -7.1332e-01      -7.3832e-01       2.0821e-01
 1.0000e+00       2.1000e+00       5.2328e-01       5.7382e-01       2.1693e+00      -7.2704e-01      -7.1558e-01       2.0056e-01
 1.0000e+00       2.1000e+00       5.3328e-01       5.7534e-01       2.1381e+00      -7.4052e-01      -6.9313e-01       1.9298e-01
 1.0000e+00       2.1000e+00       5.4328e-01       5.7796e-01       2.1076e+00      -7.5375e-01      -6.7099e-01       1.8549e-01
 1.0000e+00       2.1000e+00       5.5328e-01       5.8160e-01       2.0777e+00      -7.6675e-01      -6.4915e-01       1.7808e-01
 1.0000e+00       2.1000e+00       5.6328e-01       5.8619e-01       2.0485e+00      -7.7953e-01      -6.2763e-01       1.7075e-01
 1.0000e+00       2.1000e+00       5.7328e-01       5.9166e-01       2.0199e+00      -7.9208e-01      -6.0644e-01       1.6352e-01
 1.0000e+00       2.1000e+00       5.8328e-01       5.9795e-01       1.9920e+00      -8.0443e-01      -5.8557e-01       1.5638e-01
 1.0000e+00       2.1000e+00       5.9328e-01       6.0499e-01       1.9646e+00      -8.1657e-01      -5.6504e-01       1.4933e-01
 1.0000e+00       2.1000e+00       6.0328e-01       6.1275e-01       1.9379e+00      -8.2851e-01      -5.4484e-01       1.4238e-01
 1.0000e+00       2.1000e+00       6.1328e-01       6.2115e-01       1.9117e+00      -8.4026e-01      -5.2498e-01       1.3553e-01
 1.0000e+00       2.1000e+00       6.2328e-01       6.3017e-01       1.8860e+00      -8.5182e-01      -5.0545e-01       1.2877e-01
 1.0000e+00       2.1000e+00       6.3328e-01       6.3975e-01       1.8609e+00      -8.6319e-01      -4.8627e-01       1.2211e-01
 1.0000e+00       2.1000e+00       6.4328e-01       6.4985e-01       1.8364e+00      -8.7439e-01      -4.6742e-01       1.1556e-01
 1.0000e+00       2.1000e+00       6.5328e-01       6.6045e-01       1.8124e+00      -8.8540e-01      -4.4892e-01       1.0910e-01
 1.0000e+00       2.1000e+00       6.6328e-01       6.7149e-01       1.7888e+00      -8.9625e-01      -4.3075e-01       1.0275e-01
 1.0000e+00       2.1000e+00       6.7328e-01       6.8295e-01       1.7658e+00      -9.0693e-01      -4.1293e-01       9.6498e-02
 1.0000e+00       2.1000e+00       6.8328e-01       6.9481e-01       1.7433e+00      -9.1745e-01      -3.9544e-01       9.0348e-02
 1.0000e+00       2.1000e+00       6.9328e-01       7.0702e-01       1.7212e+00      -9.2781e-01      -3.7829e-01       8.4300e-02
 1.0000e+00       2.1000e+00       7.0328e-01       7.1957e-01       1.6996e+00      -9.3801e-01      -3.6148e-01       7.8354e-02
 1.0000e+00       2.1000e+00       7.1328e-01       7.3243e-01       1.6785e+00      -9.4806e-01      -3.4499e-01       7.2509e-02
 1.0000e+00       2.1000e+00       7.2328e-01       7.4557e-01       1.6578e+00      -9.5796e-01      -3.2884e-01       6.6766e-02
 1.0000e+00       2.1000e+00       7.3328e-01       7.5898e-01       1.6376e+00      -9.6771e-01      -3.1302e-01       6.1123e-02
 1.0000e+00       2.1000e+00       7.4328e-01       7.7263e-01       1.6178e+00      -9.7732e-01      -2.9752e-01       5.5580e-02
 1.0000e+00       2.1000e+00       7.5328e-01       7.8651e-01       1.5983e+00      -9.8679e-01      -2.8234e-01       5.0137e-02
 1.0000e+00       2.1000e+00       7.6328e-01       8.0059e-01       1.5794e+00      -9.9612e-01      -2.6749e-01       4.4792e-02
 1.0000e+00       2.1000e+00       7.7328e-01       8.1487e-01       1.5608e+00      -1.0053e+00      -2.5295e-01       3.9546e-02
 1.0000e+00       2.1000e+00       7.8328e-01       8.2932e-01       1.5426e+00      -1.0144e+00      -2.3872e-01       3.4397e-02
 1.0000e+00       2.1000e+00       7.9328e-01       8.4394e-01       1.5247e+00      -1.0233e+00      -2.2480e-01       2.9345e-02
 1.0000e+00       2.1000e+00       8.0328e-01       8.5870e-01       1.5073e+00      -1.0321e+00      -2.1119e-01       2.4388e-02
 1.0000e+00       2.1000e+00       8.1328e-01       8.7359e-01       1.4902e+00      -1.0408e+00      -1.9788e-01       1.9527e-02
 1.0000e+00       2.1000e+00       8.2328e-01       8.8861e-01       1.4735e+00      -1.0493e+00      -1.8487e-01       1.4758e-02
 1.0000e+00       2.1000e+00       8.3328e-01       9.0374e-01       1.4571e+00      -1.0578e+00      -1.7216e-01       1.0083e-02
 1.0000e+00       2.1000e+00       8.4328e-01       9.1898e-01       1.4411e+00      -1.0661e+00      -1.5973e-01       5.4994e-03
 1.0000e+00       2.1000e+00       8.5328e-01       9.3430e-01       1.4254e+00      -1.0743e+00      -1.4759e-01       1.0064e-03
 1.0000e+00       2.1000e+00       8.6328e-01       9.4970e-01       1.4100e+00      -1.0824e+00      -1.3574e-01      -3.3970e-03
 1.0000e+00       2.1000e+00       8.7328e-01       9.6518e-01       1.3949e+00      -1.0903e+00      -1.2416e-01      -7.7119e-03
 1.0000e+00       2.1000e+00       8.8328e-01       9.8072e-01       1.3802e+00      -1.0982e+00      -1.1286e-01      -1.1939e-02
 1.0000e+00       2.1000e+00       8.9328e-01       9.9633e-01       1.3658e+00      -1.1059e+00      -1.0183e-01      -1.6081e-02
 1.0000e+00       2.1000e+00       9.0328e-01       1.0120e+00       1.3517e+00      -1.1136e+00      -9.1064e-02      -2.0137e-02
 1.0000e+00       2.1000e+00       9.1328e-01       1.0277e+00       1.3378e+00      -1.1211e+00      -8.0563e-02      -2.4109e-02
 1.0000e+00       2.1000e+00       9.2328e-01       1.0434e+00       1.3243e+00      -1.1285e+00      -7.0320e-02      -2.7998e-02
 1.0000e+00       2.1000e+00       9.3328e-01       1.0592e+00       1.3110e+00      -1.1359e+00      -6.0333e-02      -3.1805e-02
 1.0000e+00       2.1000e+00       9.4328e-01       1.0750e+00       1.2980e+00      -1.1431e+00      -5.0595e-02      -3.5532e-02
 1.0000e+00       2.1000e+00       9.5328e-01       1.0908e+00       1.2853e+00      -1.1502e+00      -4.1104e-02      -3.9179e-02
 1.0000e+00       2.1000e+00       9.6328e-01       1.1066e+00       1.2728e+00      -1.1572e+00      -3.1856e-02      -4.2747e-02
 1.0000e+00       2.1000e+00       9.7328e-01       1.1224e+00       1.2606e+00      -1.1641e+00      -2.2846e-02      -4.6239e-02
 1.0000e+00       2.1000e+00       9.8328e-01       1.1383e+00       1.2487e+00      -1.1710e+00      -1.4070e-02      -4.9655e-02
 1.0000e+00       2.1000e+00       9.9328e-01       1.1541e+00       1.2370e+00      -1.1777e+00      -5.5246e-03      -5.2995e-02
 1.0000e+00       2.1000e+00       1.0033e+00       1.1700e+00       1.2255e+00      -1.1843e+00       2.7943e-03      -5.6262e-02
 1.0000e+00       2.1000e+00       1.0133e+00       1.1858e+00       1.2143e+00      -1.1909e+00       1.0891e-02      -5.9456e-02
 1.0000e+00       2.1000e+00       1.0233e+00       1.2017e+00       1.2033e+00      -1.1973e+00       1.8769e-02      -6.2578e-02
 1.0000e+00       2.1000e+00       1.0333e+00       1.2175e+00       1.1925e+00      -1.2037e+00       2.6432e-02      -6.5630e-02
 1.0000e+00       2.1000e+00       1.0433e+00       1.2333e+00       1.1819e+00      -1.2100e+00       3.3884e-02      -6.8612e-02
 1.0000e+00       2.1000e+00       1.0533e+00       1.2491e+00       1.1716e+00      -1.2162e+00       4.1129e-02      -7.1526e-02
 1.0000e+00       2.1000e+00       1.0633e+00       1.2649e+00       1.1615e+00      -1.2223e+00       4.8171e-02      -7.4372e-02
 1.0000e+00       2.1000e+00       1.0733e+00       1.2807e+00       1.1515e+00      -1.2283e+00       5.5014e-02      -7.7153e-02
 1.0000e+00       2.1000e+00       1.0833e+00       1.2964e+00       1.1418e+00      -1.2342e+00       6.1660e-02      -7.9867e-02
 1.0000e+00       2.1000e+00       1.0933e+00       1.3122e+00       1.1323e+00      -1.2400e+00       6.8115e-02      -8.2518e-02
 1.0000e+00       2.1000e+00       1.1033e+00       1.3279e+00       1.1229e+00      -1.2458e+00       7.4380e-02      -8.5105e-02
 1.0000e+00       2.1000e+00       1.1133e+00       1.3435e+00       1.1138e+00      -1.2515e+00       8.0461e-02      -8.7630e-02
 1.0000e+00       2.1000e+00       1.1233e+00       1.3592e+00       1.1048e+00      -1.2571e+00       8.6360e-02      -9.0094e-02
 1.0000e+00       2.1000e+00       1.1333e+00       1.3748e+00       1.0960e+00      -1.2626e+00       9.2081e-02      -9.2498e-02
 1.0000e+00       2.1000e+00       1.1433e+00       1.3903e+00       1.0874e+00      -1.2680e+00       9.7628e-02      -9.4842e-02
 1.0000e+00       2.1000e+00       1.1533e+00       1.4059e+00       1.0790e+00      -1.2734e+00       1.0300e-01      -9.7127e-02
 1.0000e+00       2.1000e+00       1.1633e+00       1.4214e+00       1.0707e+00      -1.2787e+00       1.0821e-01      -9.9355e-02
 1.0000e+00       2.1000e+00       1.1733e+00       1.4369e+00       1.0626e+00      -1.2839e+00       1.1325e-01      -1.0153e-01
 1.0000e+00       2.1000e+00       1.1833e+00       1.4523e+00       1.0547e+00      -1.2890e+00       1.1813e-01      -1.0364e-01
 1.0000e+00       2.1000e+00       1.1933e+00       1.4677e+00       1.0469e+00      -1.2941e+00       1.2286e-01      -1.0570e-01
 1.0000e+00       2.1000e+00       1.2033e+00       1.4831e+00       1.0392e+00      -1.2991e+00       1.2743e-01      -1.0771e-01
 1.0000e+00       2.1000e+00       1.2133e+00       1.4984e+00       1.0318e+00      -1.3040e+00       1.3184e-01      -1.0966e-01
 1.0000e+00       2.1000e+00       1.2233e+00       1.5137e+00       1.0244e+00      -1.3088e+00       1.3611e-01      -1.1156e-01
 1.0000e+00       2.1000e+00       1.2333e+00       1.5290e+00       1.0172e+00      -1.3136e+00       1.4023e-01      -1.1341e-01
 1.0000e+00       2.1000e+00       1.2433e+00       1.5442e+00       1.0102e+00      -1.3183e+00       1.4421e-01      -1.1521e-01
 1.0000e+00       2.1000e+00       1.2533e+00       1.5594e+00       1.0032e+00      -1.3229e+00       1.4805e-01      -1.1696e-01
 1.0000e+00       2.1000e+00       1.2633e+00       1.5745e+00       9.9644e-01      -1.3275e+00       1.5176e-01      -1.1866e-01
 1.0000e+00       2.1000e+00       1.2733e+00       1.5896e+00       9.8978e-01      -1.3320e+00       1.5533e-01      -1.2031e-01
 1.0000e+00       2.1000e+00       1.2833e+00       1.6047e+00       9.8324e-01      -1.3364e+00       1.5876e-01      -1.2192e-01
 1.0000e+00       2.1000e+00       1.2933e+00       1.6197e+00       9.7683e-01      -1.3407e+00       1.6207e-01      -1.2347e-01
 1.0000e+00       2.1000e+00       1.3033e+00       1.6346e+00       9.7054e-01      -1.3450e+00       1.6526e-01      -1.2498e-01
 1.0000e+00       2.1000e+00       1.3133e+00       1.6496e+00       9.6437e-01      -1.3492e+00       1.6832e-01      -1.2645e-01
 1.0000e+00       2.1000e+00       1.3233e+00       1.6645e+00       9.5832e-01      -1.3534e+00       1.7126e-01      -1.2787e-01
 1.0000e+00       2.1000e+00       1.3333e+00       1.6793e+00       9.5238e-01      -1.3575e+00       1.7408e-01      -1.2924e-01
 1.0000e+00       2.1000e+00       1.3433e+00       1.6941e+00       9.4654e-01      -1.3615e+00       1.7678e-01      -1.3058e-01
 1.0000e+00       2.1000e+00       1.3533e+00       1.7089e+00       9.4082e-01      -1.3655e+00       1.7938e-01      -1.3187e-01
 1.0000e+00       2.1000e+00       1.3633e+00       1.7236e+00       9.3520e-01      -1.3694e+00       1.8186e-01      -1.3311e-01
 1.0000e+00       2.1000e+00       1.3733e+00       1.7383e+00       9.2968e-01      -1.3732e+00       1.8424e-01      -1.3432e-01
 1.0000e+00       2.1000e+00       1.3833e+00       1.7529e+00       9.2427e-01      -1.3770e+00       1.8651e-01      -1.3548e-01
 1.0000e+00       2.1000e+00       1.3933e+00       1.7675e+00       9.1895e-01      -1.3807e+00       1.8867e-01      -1.3661e-01
 1.0000e+00       2.1000e+00       1.4033e+00       1.7821e+00       9.1372e-01      -1.3844e+00       1.9074e-01      -1.3769e-01
 1.0000e+00       2.1000e+00       1.4133e+00       1.7966e+00       9.0859e-01      -1.3880e+00       1.9270e-01      -1.3873e-01
 1.0000e+00       2.1000e+00       1.4233e+00       1.8111e+00       9.0355e-01      -1.3915e+00       1.9457e-01      -1.3974e-01
 1.0000e+00       2.1000e+00       1.4333e+00       1.8256e+00       8.9860e-01      -1.3950e+00       1.9635e-01      -1.4071e-01
 1.0000e+00       2.1000e+00       1.4433e+00       1.8400e+00       8.9374e-01      -1.3984e+00       1.9803e-01      -1.4164e-01
 1.0000e+00       2.1000e+00       1.4533e+00       1.8543e+00       8.8896e-01      -1.4018e+00       1.9962e-01      -1.4253e-01
 1.0000e+00       2.1000e+00       1.4633e+00       1.8687e+00       8.8427e-01      -1.4051e+00       2.0113e-01      -1.4338e-01
 1.0000e+00       2.1000e+00       1.4733e+00       1.8830e+00       8.7965e-01      -1.4083e+00       2.0255e-01      -1.4420e-01
 1.0000e+00       2.1000e+00       1.4833e+00       1.8972e+00       8.7511e-01      -1.4115e+00       2.0388e-01      -1.4499e-01
 1.0000e+00       2.1000e+00       1.4933e+00       1.9114e+00       8.7065e-01      -1.4146e+00       2.0513e-01      -1.4574e-01
