 8.0000e+00       3.2800e+00       3.0459e-01       2.9075e-02       2.3458e-02       0.0000e+00       0.0000e+00       0.0000e+00
 8.0000e+00       3.2800e+00       3.1459e-01       2.7165e-02       2.2892e-02       1.8965e-03      -1.0555e-04       2.0216e-03
 8.0000e+00       3.2800e+00       3.2459e-01       2.5402e-02       2.2356e-02       2.5151e-03      -1.8923e-04       2.7880e-03
 8.0000e+00       3.2800e+00       3.3459e-01       2.3772e-02       2.1847e-02       2.8887e-03      -2.5343e-04       3.3299e-03
 8.0000e+00       3.2800e+00       3.4459e-01       2.2263e-02       2.1364e-02       3.1278e-03      -3.0026e-04       3.7496e-03
 8.0000e+00       3.2800e+00       3.5459e-01       2.0864e-02       2.0904e-02       3.2786e-03      -3.3162e-04       4.0882e-03
 8.0000e+00       3.2800e+00       3.6459e-01       1.9567e-02       2.0467e-02       3.3662e-03      -3.4923e-04       4.3673e-03
 8.0000e+00       3.2800e+00       3.7459e-01       1.8363e-02       2.0051e-02       3.4064e-03      -3.5463e-04       4.6002e-03
 8.0000e+00       3.2800e+00       3.8459e-01       1.7244e-02       1.9655e-02       3.4100e-03      -3.4921e-04       4.7959e-03
 8.0000e+00       3.2800e+00       3.9459e-01       1.6203e-02       1.9278e-02       3.3847e-03      -3.3423e-04       4.9607e-03
 8.0000e+00       3.2800e+00       4.0459e-01       1.5234e-02       1.8918e-02       3.3362e-03      -3.1083e-04       5.0993e-03
 8.0000e+00       3.2800e+00       4.1459e-01       1.4331e-02       1.8576e-02       3.2690e-03      -2.8004e-04       5.2156e-03
 8.0000e+00       3.2800e+00       4.2459e-01       1.3490e-02       1.8250e-02       3.1867e-03      -2.4280e-04       5.3124e-03
 8.0000e+00       3.2800e+00       4.3459e-01       1.2705e-02       1.7939e-02       3.0919e-03      -1.9994e-04       5.3921e-03
 8.0000e+00       3.2800e+00       4.4459e-01       1.1972e-02       1.7642e-02       2.9869e-03      -1.5226e-04       5.4568e-03
 8.0000e+00       3.2800e+00       4.5459e-01       1.1288e-02       1.7360e-02       2.8738e-03      -1.0043e-04       5.5081e-03
 8.0000e+00       3.2800e+00       4.6459e-01       1.0649e-02       1.7090e-02       2.7538e-03      -4.5112e-05       5.5475e-03
 8.0000e+00       3.2800e+00       4.7459e-01       1.0051e-02       1.6833e-02       2.6285e-03       1.3132e-05       5.5763e-03
 8.0000e+00       3.2800e+00       4.8459e-01       9.4923e-03       1.6588e-02       2.4989e-03       7.3775e-05       5.5954e-03
 8.0000e+00       3.2800e+00       4.9459e-01       8.9695e-03       1.6354e-02       2.3658e-03       1.3634e-04       5.6058e-03
 8.0000e+00       3.2800e+00       5.0459e-01       8.4801e-03       1.6131e-02       2.2301e-03       2.0039e-04       5.6084e-03
 8.0000e+00       3.2800e+00       5.1459e-01       8.0219e-03       1.5919e-02       2.0925e-03       2.6554e-04       5.6039e-03
 8.0000e+00       3.2800e+00       5.2459e-01       7.5929e-03       1.5716e-02       1.9536e-03       3.3144e-04       5.5930e-03
 8.0000e+00       3.2800e+00       5.3459e-01       7.1909e-03       1.5523e-02       1.8138e-03       3.9775e-04       5.5763e-03
 8.0000e+00       3.2800e+00       5.4459e-01       6.8143e-03       1.5338e-02       1.6735e-03       4.6419e-04       5.5542e-03
 8.0000e+00       3.2800e+00       5.5459e-01       6.4614e-03       1.5163e-02       1.5332e-03       5.3050e-04       5.5274e-03
 8.0000e+00       3.2800e+00       5.6459e-01       6.1306e-03       1.4995e-02       1.3932e-03       5.9645e-04       5.4962e-03
 8.0000e+00       3.2800e+00       5.7459e-01       5.8204e-03       1.4835e-02       1.2537e-03       6.6181e-04       5.4610e-03
 8.0000e+00       3.2800e+00       5.8459e-01       5.5297e-03       1.4683e-02       1.1151e-03       7.2639e-04       5.4222e-03
 8.0000e+00       3.2800e+00       5.9459e-01       5.2570e-03       1.4538e-02       9.7738e-04       7.9003e-04       5.3801e-03
 8.0000e+00       3.2800e+00       6.0459e-01       5.0014e-03       1.4400e-02       8.4089e-04       8.5258e-04       5.3351e-03
 8.0000e+00       3.2800e+00       6.1459e-01       4.7617e-03       1.4268e-02       7.0574e-04       9.1389e-04       5.2873e-03
 8.0000e+00       3.2800e+00       6.2459e-01       4.5369e-03       1.4142e-02       5.7208e-04       9.7386e-04       5.2372e-03
 8.0000e+00       3.2800e+00       6.3459e-01       4.3261e-03       1.4023e-02       4.4002e-04       1.0324e-03       5.1848e-03
 8.0000e+00       3.2800e+00       6.4459e-01       4.1285e-03       1.3909e-02       3.0966e-04       1.0893e-03       5.1305e-03
 8.0000e+00       3.2800e+00       6.5459e-01       3.9433e-03       1.3800e-02       1.8109e-04       1.1446e-03       5.0744e-03
 8.0000e+00       3.2800e+00       6.6459e-01       3.7696e-03       1.3697e-02       5.4394e-05       1.1983e-03       5.0168e-03
 8.0000e+00       3.2800e+00       6.7459e-01       3.6069e-03       1.3598e-02      -7.0376e-05       1.2502e-03       4.9577e-03
 8.0000e+00       3.2800e+00       6.8459e-01       3.4544e-03       1.3504e-02      -1.9316e-04       1.3002e-03       4.8973e-03
 8.0000e+00       3.2800e+00       6.9459e-01       3.3116e-03       1.3415e-02      -3.1392e-04       1.3484e-03       4.8359e-03
 8.0000e+00       3.2800e+00       7.0459e-01       3.1778e-03       1.3330e-02      -4.3261e-04       1.3948e-03       4.7735e-03
 8.0000e+00       3.2800e+00       7.1459e-01       3.0526e-03       1.3249e-02      -5.4920e-04       1.4392e-03       4.7103e-03
 8.0000e+00       3.2800e+00       7.2459e-01       2.9354e-03       1.3171e-02      -6.6368e-04       1.4817e-03       4.6464e-03
 8.0000e+00       3.2800e+00       7.3459e-01       2.8258e-03       1.3098e-02      -7.7601e-04       1.5223e-03       4.5819e-03
 8.0000e+00       3.2800e+00       7.4459e-01       2.7233e-03       1.3028e-02      -8.8620e-04       1.5610e-03       4.5168e-03
 8.0000e+00       3.2800e+00       7.5459e-01       2.6274e-03       1.2961e-02      -9.9423e-04       1.5977e-03       4.4514e-03
 8.0000e+00       3.2800e+00       7.6459e-01       2.5379e-03       1.2897e-02      -1.1001e-03       1.6324e-03       4.3856e-03
 8.0000e+00       3.2800e+00       7.7459e-01       2.4544e-03       1.2836e-02      -1.2038e-03       1.6653e-03       4.3196e-03
 8.0000e+00       3.2800e+00       7.8459e-01       2.3764e-03       1.2779e-02      -1.3053e-03       1.6962e-03       4.2535e-03
 8.0000e+00       3.2800e+00       7.9459e-01       2.3037e-03       1.2723e-02      -1.4047e-03       1.7252e-03       4.1873e-03
 8.0000e+00       3.2800e+00       8.0459e-01       2.2360e-03       1.2671e-02      -1.5019e-03       1.7523e-03       4.1210e-03
 8.0000e+00       3.2800e+00       8.1459e-01       2.1730e-03       1.2621e-02      -1.5970e-03       1.7775e-03       4.0548e-03
 8.0000e+00       3.2800e+00       8.2459e-01       2.1144e-03       1.2573e-02      -1.6900e-03       1.8010e-03       3.9888e-03
 8.0000e+00       3.2800e+00       8.3459e-01       2.0599e-03       1.2527e-02      -1.7808e-03       1.8225e-03       3.9228e-03
 8.0000e+00       3.2800e+00       8.4459e-01       2.0094e-03       1.2483e-02      -1.8696e-03       1.8423e-03       3.8571e-03
 8.0000e+00       3.2800e+00       8.5459e-01       1.9625e-03       1.2442e-02      -1.9563e-03       1.8604e-03       3.7916e-03
 8.0000e+00       3.2800e+00       8.6459e-01       1.9192e-03       1.2402e-02      -2.0409e-03       1.8767e-03       3.7264e-03
 8.0000e+00       3.2800e+00       8.7459e-01       1.8791e-03       1.2363e-02      -2.1234e-03       1.8913e-03       3.6615e-03
 8.0000e+00       3.2800e+00       8.8459e-01       1.8421e-03       1.2327e-02      -2.2040e-03       1.9043e-03       3.5971e-03
 8.0000e+00       3.2800e+00       8.9459e-01       1.8079e-03       1.2291e-02      -2.2825e-03       1.9156e-03       3.5330e-03
 8.0000e+00       3.2800e+00       9.0459e-01       1.7766e-03       1.2258e-02      -2.3591e-03       1.9253e-03       3.4693e-03
 8.0000e+00       3.2800e+00       9.1459e-01       1.7478e-03       1.2225e-02      -2.4337e-03       1.9335e-03       3.4061e-03
 8.0000e+00       3.2800e+00       9.2459e-01       1.7214e-03       1.2194e-02      -2.5063e-03       1.9402e-03       3.3434e-03
 8.0000e+00       3.2800e+00       9.3459e-01       1.6973e-03       1.2164e-02      -2.5771e-03       1.9454e-03       3.2813e-03
 8.0000e+00       3.2800e+00       9.4459e-01       1.6753e-03       1.2135e-02      -2.6460e-03       1.9492e-03       3.2196e-03
 8.0000e+00       3.2800e+00       9.5459e-01       1.6554e-03       1.2107e-02      -2.7130e-03       1.9516e-03       3.1585e-03
 8.0000e+00       3.2800e+00       9.6459e-01       1.6373e-03       1.2080e-02      -2.7782e-03       1.9526e-03       3.0980e-03
 8.0000e+00       3.2800e+00       9.7459e-01       1.6210e-03       1.2054e-02      -2.8415e-03       1.9523e-03       3.0381e-03
 8.0000e+00       3.2800e+00       9.8459e-01       1.6064e-03       1.2028e-02      -2.9031e-03       1.9507e-03       2.9788e-03
 8.0000e+00       3.2800e+00       9.9459e-01       1.5934e-03       1.2003e-02      -2.9630e-03       1.9479e-03       2.9201e-03
 8.0000e+00       3.2800e+00       1.0046e+00       1.5818e-03       1.1979e-02      -3.0211e-03       1.9438e-03       2.8620e-03
 8.0000e+00       3.2800e+00       1.0146e+00       1.5716e-03       1.1956e-02      -3.0775e-03       1.9387e-03       2.8046e-03
 8.0000e+00       3.2800e+00       1.0246e+00       1.5627e-03       1.1933e-02      -3.1322e-03       1.9323e-03       2.7479e-03
 8.0000e+00       3.2800e+00       1.0346e+00       1.5550e-03       1.1910e-02      -3.1852e-03       1.9250e-03       2.6918e-03
 8.0000e+00       3.2800e+00       1.0446e+00       1.5484e-03       1.1888e-02      -3.2367e-03       1.9165e-03       2.6364e-03
 8.0000e+00       3.2800e+00       1.0546e+00       1.5429e-03       1.1867e-02      -3.2865e-03       1.9071e-03       2.5816e-03
 8.0000e+00       3.2800e+00       1.0646e+00       1.5384e-03       1.1845e-02      -3.3348e-03       1.8967e-03       2.5276e-03
 8.0000e+00       3.2800e+00       1.0746e+00       1.5348e-03       1.1824e-02      -3.3815e-03       1.8854e-03       2.4742e-03
 8.0000e+00       3.2800e+00       1.0846e+00       1.5320e-03       1.1804e-02      -3.4267e-03       1.8732e-03       2.4216e-03
 8.0000e+00       3.2800e+00       1.0946e+00       1.5301e-03       1.1783e-02      -3.4704e-03       1.8601e-03       2.3696e-03
 8.0000e+00       3.2800e+00       1.1046e+00       1.5288e-03       1.1763e-02      -3.5126e-03       1.8462e-03       2.3184e-03
 8.0000e+00       3.2800e+00       1.1146e+00       1.5283e-03       1.1743e-02      -3.5534e-03       1.8315e-03       2.2678e-03
 8.0000e+00       3.2800e+00       1.1246e+00       1.5284e-03       1.1722e-02      -3.5927e-03       1.8161e-03       2.2180e-03
 8.0000e+00       3.2800e+00       1.1346e+00       1.5291e-03       1.1702e-02      -3.6307e-03       1.7999e-03       2.1688e-03
 8.0000e+00       3.2800e+00       1.1446e+00       1.5303e-03       1.1682e-02      -3.6673e-03       1.7831e-03       2.1204e-03
 8.0000e+00       3.2800e+00       1.1546e+00       1.5321e-03       1.1662e-02      -3.7025e-03       1.7657e-03       2.0727e-03
 8.0000e+00       3.2800e+00       1.1646e+00       1.5343e-03       1.1642e-02      -3.7365e-03       1.7476e-03       2.0256e-03
 8.0000e+00       3.2800e+00       1.1746e+00       1.5369e-03       1.1622e-02      -3.7691e-03       1.7289e-03       1.9793e-03
 8.0000e+00       3.2800e+00       1.1846e+00       1.5399e-03       1.1602e-02      -3.8005e-03       1.7097e-03       1.9337e-03
 8.0000e+00       3.2800e+00       1.1946e+00       1.5432e-03       1.1582e-02      -3.8306e-03       1.6900e-03       1.8888e-03
 8.0000e+00       3.2800e+00       1.2046e+00       1.5469e-03       1.1561e-02      -3.8595e-03       1.6697e-03       1.8446e-03
 8.0000e+00       3.2800e+00       1.2146e+00       1.5509e-03       1.1541e-02      -3.8872e-03       1.6490e-03       1.8010e-03
 8.0000e+00       3.2800e+00       1.2246e+00       1.5551e-03       1.1520e-02      -3.9137e-03       1.6279e-03       1.7582e-03
 8.0000e+00       3.2800e+00       1.2346e+00       1.5595e-03       1.1499e-02      -3.9390e-03       1.6064e-03       1.7160e-03
 8.0000e+00       3.2800e+00       1.2446e+00       1.5642e-03       1.1478e-02      -3.9633e-03       1.5845e-03       1.6746e-03
 8.0000e+00       3.2800e+00       1.2546e+00       1.5690e-03       1.1457e-02      -3.9864e-03       1.5622e-03       1.6338e-03
 8.0000e+00       3.2800e+00       1.2646e+00       1.5740e-03       1.1435e-02      -4.0084e-03       1.5396e-03       1.5936e-03
 8.0000e+00       3.2800e+00       1.2746e+00       1.5791e-03       1.1414e-02      -4.0294e-03       1.5168e-03       1.5542e-03
 8.0000e+00       3.2800e+00       1.2846e+00       1.5843e-03       1.1392e-02      -4.0493e-03       1.4936e-03       1.5154e-03
 8.0000e+00       3.2800e+00       1.2946e+00       1.5897e-03       1.1369e-02      -4.0682e-03       1.4702e-03       1.4773e-03
 8.0000e+00       3.2800e+00       1.3046e+00       1.5951e-03       1.1347e-02      -4.0861e-03       1.4466e-03       1.4398e-03
 8.0000e+00       3.2800e+00       1.3146e+00       1.6005e-03       1.1324e-02      -4.1031e-03       1.4227e-03       1.4030e-03
 8.0000e+00       3.2800e+00       1.3246e+00       1.6060e-03       1.1301e-02      -4.1190e-03       1.3987e-03       1.3668e-03
 8.0000e+00       3.2800e+00       1.3346e+00       1.6116e-03       1.1277e-02      -4.1341e-03       1.3745e-03       1.3312e-03
 8.0000e+00       3.2800e+00       1.3446e+00       1.6171e-03       1.1253e-02      -4.1482e-03       1.3502e-03       1.2963e-03
 8.0000e+00       3.2800e+00       1.3546e+00       1.6226e-03       1.1229e-02      -4.1614e-03       1.3257e-03       1.2620e-03
 8.0000e+00       3.2800e+00       1.3646e+00       1.6282e-03       1.1205e-02      -4.1737e-03       1.3012e-03       1.2283e-03
 8.0000e+00       3.2800e+00       1.3746e+00       1.6337e-03       1.1180e-02      -4.1852e-03       1.2766e-03       1.1952e-03
 8.0000e+00       3.2800e+00       1.3846e+00       1.6391e-03       1.1155e-02      -4.1958e-03       1.2519e-03       1.1627e-03
 8.0000e+00       3.2800e+00       1.3946e+00       1.6445e-03       1.1129e-02      -4.2056e-03       1.2271e-03       1.1309e-03
