 6.0000e+00       3.2800e+00       1.9478e-01       8.8684e-02       5.6252e-02       0.0000e+00       0.0000e+00 
 6.0000e+00       3.2800e+00       2.0478e-01       8.1510e-02       5.4583e-02       6.1732e-03      -6.4307e-04 
 6.0000e+00       3.2800e+00       2.1478e-01       7.5044e-02       5.3022e-02       8.0779e-03      -1.1792e-03 
 6.0000e+00       3.2800e+00       2.2478e-01       6.9199e-02       5.1555e-02       9.1670e-03      -1.6226e-03 
 6.0000e+00       3.2800e+00       2.3478e-01       6.3903e-02       5.0174e-02       9.8198e-03      -1.9851e-03 
 6.0000e+00       3.2800e+00       2.4478e-01       5.9091e-02       4.8869e-02       1.0196e-02      -2.2772e-03 
 6.0000e+00       3.2800e+00       2.5478e-01       5.4712e-02       4.7634e-02       1.0380e-02      -2.5075e-03 
 6.0000e+00       3.2800e+00       2.6478e-01       5.0716e-02       4.6462e-02       1.0428e-02      -2.6837e-03 
 6.0000e+00       3.2800e+00       2.7478e-01       4.7065e-02       4.5349e-02       1.0374e-02      -2.8125e-03 
 6.0000e+00       3.2800e+00       2.8478e-01       4.3723e-02       4.4289e-02       1.0243e-02      -2.8997e-03 
 6.0000e+00       3.2800e+00       2.9478e-01       4.0658e-02       4.3278e-02       1.0053e-02      -2.9502e-03 
 6.0000e+00       3.2800e+00       3.0478e-01       3.7843e-02       4.2314e-02       9.8180e-03      -2.9687e-03 
 6.0000e+00       3.2800e+00       3.1478e-01       3.5256e-02       4.1392e-02       9.5486e-03      -2.9591e-03 
 6.0000e+00       3.2800e+00       3.2478e-01       3.2873e-02       4.0510e-02       9.2527e-03      -2.9249e-03 
 6.0000e+00       3.2800e+00       3.3478e-01       3.0677e-02       3.9665e-02       8.9366e-03      -2.8691e-03 
 6.0000e+00       3.2800e+00       3.4478e-01       2.8650e-02       3.8856e-02       8.6052e-03      -2.7947e-03 
 6.0000e+00       3.2800e+00       3.5478e-01       2.6778e-02       3.8080e-02       8.2628e-03      -2.7040e-03 
 6.0000e+00       3.2800e+00       3.6478e-01       2.5047e-02       3.7335e-02       7.9124e-03      -2.5993e-03 
 6.0000e+00       3.2800e+00       3.7478e-01       2.3446e-02       3.6620e-02       7.5568e-03      -2.4826e-03 
 6.0000e+00       3.2800e+00       3.8478e-01       2.1962e-02       3.5933e-02       7.1982e-03      -2.3556e-03 
 6.0000e+00       3.2800e+00       3.9478e-01       2.0588e-02       3.5272e-02       6.8382e-03      -2.2200e-03 
 6.0000e+00       3.2800e+00       4.0478e-01       1.9312e-02       3.4637e-02       6.4783e-03      -2.0772e-03 
 6.0000e+00       3.2800e+00       4.1478e-01       1.8129e-02       3.4025e-02       6.1198e-03      -1.9284e-03 
 6.0000e+00       3.2800e+00       4.2478e-01       1.7030e-02       3.3437e-02       5.7636e-03      -1.7749e-03 
 6.0000e+00       3.2800e+00       4.3478e-01       1.6009e-02       3.2871e-02       5.4105e-03      -1.6176e-03 
 6.0000e+00       3.2800e+00       4.4478e-01       1.5061e-02       3.2325e-02       5.0612e-03      -1.4576e-03 
 6.0000e+00       3.2800e+00       4.5478e-01       1.4178e-02       3.1800e-02       4.7162e-03      -1.2956e-03 
 6.0000e+00       3.2800e+00       4.6478e-01       1.3357e-02       3.1293e-02       4.3760e-03      -1.1324e-03 
 6.0000e+00       3.2800e+00       4.7478e-01       1.2593e-02       3.0805e-02       4.0409e-03      -9.6875e-04 
 6.0000e+00       3.2800e+00       4.8478e-01       1.1882e-02       3.0335e-02       3.7113e-03      -8.0515e-04 
 6.0000e+00       3.2800e+00       4.9478e-01       1.1220e-02       2.9881e-02       3.3873e-03      -6.4219e-04 
 6.0000e+00       3.2800e+00       5.0478e-01       1.0604e-02       2.9443e-02       3.0691e-03      -4.8035e-04 
 6.0000e+00       3.2800e+00       5.1478e-01       1.0030e-02       2.9021e-02       2.7569e-03      -3.2006e-04 
 6.0000e+00       3.2800e+00       5.2478e-01       9.4948e-03       2.8613e-02       2.4508e-03      -1.6171e-04 
 6.0000e+00       3.2800e+00       5.3478e-01       8.9965e-03       2.8219e-02       2.1508e-03      -5.6448e-06 
 6.0000e+00       3.2800e+00       5.4478e-01       8.5322e-03       2.7840e-02       1.8570e-03       1.4784e-04 
 6.0000e+00       3.2800e+00       5.5478e-01       8.0997e-03       2.7473e-02       1.5695e-03       2.9849e-04 
 6.0000e+00       3.2800e+00       5.6478e-01       7.6967e-03       2.7119e-02       1.2881e-03       4.4606e-04 
 6.0000e+00       3.2800e+00       5.7478e-01       7.3213e-03       2.6777e-02       1.0130e-03       5.9035e-04 
 6.0000e+00       3.2800e+00       5.8478e-01       6.9717e-03       2.6446e-02       7.4400e-04       7.3118e-04 
 6.0000e+00       3.2800e+00       5.9478e-01       6.6461e-03       2.6127e-02       4.8118e-04       8.6842e-04 
 6.0000e+00       3.2800e+00       6.0478e-01       6.3429e-03       2.5818e-02       2.2446e-04       1.0019e-03 
 6.0000e+00       3.2800e+00       6.1478e-01       6.0607e-03       2.5520e-02      -2.6212e-05       1.1316e-03 
 6.0000e+00       3.2800e+00       6.2478e-01       5.7981e-03       2.5231e-02      -2.7090e-04       1.2574e-03 
 6.0000e+00       3.2800e+00       6.3478e-01       5.5539e-03       2.4952e-02      -5.0968e-04       1.3792e-03 
 6.0000e+00       3.2800e+00       6.4478e-01       5.3267e-03       2.4682e-02      -7.4261e-04       1.4969e-03 
 6.0000e+00       3.2800e+00       6.5478e-01       5.1157e-03       2.4421e-02      -9.6977e-04       1.6106e-03 
 6.0000e+00       3.2800e+00       6.6478e-01       4.9196e-03       2.4168e-02      -1.1912e-03       1.7202e-03 
 6.0000e+00       3.2800e+00       6.7478e-01       4.7376e-03       2.3924e-02      -1.4071e-03       1.8257e-03 
 6.0000e+00       3.2800e+00       6.8478e-01       4.5688e-03       2.3687e-02      -1.6175e-03       1.9270e-03 
 6.0000e+00       3.2800e+00       6.9478e-01       4.4122e-03       2.3457e-02      -1.8224e-03       2.0243e-03 
 6.0000e+00       3.2800e+00       7.0478e-01       4.2672e-03       2.3235e-02      -2.0219e-03       2.1174e-03 
 6.0000e+00       3.2800e+00       7.1478e-01       4.1331e-03       2.3020e-02      -2.2162e-03       2.2065e-03 
 6.0000e+00       3.2800e+00       7.2478e-01       4.0090e-03       2.2811e-02      -2.4053e-03       2.2916e-03 
 6.0000e+00       3.2800e+00       7.3478e-01       3.8944e-03       2.2609e-02      -2.5894e-03       2.3727e-03 
 6.0000e+00       3.2800e+00       7.4478e-01       3.7888e-03       2.2413e-02      -2.7684e-03       2.4498e-03 
 6.0000e+00       3.2800e+00       7.5478e-01       3.6914e-03       2.2222e-02      -2.9426e-03       2.5230e-03 
 6.0000e+00       3.2800e+00       7.6478e-01       3.6019e-03       2.2038e-02      -3.1119e-03       2.5924e-03 
 6.0000e+00       3.2800e+00       7.7478e-01       3.5197e-03       2.1858e-02      -3.2765e-03       2.6580e-03 
 6.0000e+00       3.2800e+00       7.8478e-01       3.4443e-03       2.1684e-02      -3.4364e-03       2.7198e-03 
 6.0000e+00       3.2800e+00       7.9478e-01       3.3753e-03       2.1515e-02      -3.5918e-03       2.7780e-03 
 6.0000e+00       3.2800e+00       8.0478e-01       3.3123e-03       2.1351e-02      -3.7428e-03       2.8326e-03 
 6.0000e+00       3.2800e+00       8.1478e-01       3.2550e-03       2.1191e-02      -3.8893e-03       2.8837e-03 
 6.0000e+00       3.2800e+00       8.2478e-01       3.2029e-03       2.1035e-02      -4.0316e-03       2.9314e-03 
 6.0000e+00       3.2800e+00       8.3478e-01       3.1558e-03       2.0884e-02      -4.1696e-03       2.9756e-03 
 6.0000e+00       3.2800e+00       8.4478e-01       3.1132e-03       2.0737e-02      -4.3036e-03       3.0166e-03 
 6.0000e+00       3.2800e+00       8.5478e-01       3.0750e-03       2.0594e-02      -4.4334e-03       3.0543e-03 
 6.0000e+00       3.2800e+00       8.6478e-01       3.0408e-03       2.0454e-02      -4.5594e-03       3.0889e-03 
 6.0000e+00       3.2800e+00       8.7478e-01       3.0104e-03       2.0318e-02      -4.6814e-03       3.1205e-03 
 6.0000e+00       3.2800e+00       8.8478e-01       2.9834e-03       2.0185e-02      -4.7996e-03       3.1490e-03 
 6.0000e+00       3.2800e+00       8.9478e-01       2.9598e-03       2.0056e-02      -4.9141e-03       3.1746e-03 
 6.0000e+00       3.2800e+00       9.0478e-01       2.9393e-03       1.9930e-02      -5.0249e-03       3.1974e-03 
 6.0000e+00       3.2800e+00       9.1478e-01       2.9216e-03       1.9806e-02      -5.1322e-03       3.2175e-03 
 6.0000e+00       3.2800e+00       9.2478e-01       2.9065e-03       1.9686e-02      -5.2360e-03       3.2348e-03 
 6.0000e+00       3.2800e+00       9.3478e-01       2.8940e-03       1.9568e-02      -5.3363e-03       3.2496e-03 
 6.0000e+00       3.2800e+00       9.4478e-01       2.8837e-03       1.9453e-02      -5.4333e-03       3.2619e-03 
 6.0000e+00       3.2800e+00       9.5478e-01       2.8756e-03       1.9340e-02      -5.5270e-03       3.2717e-03 
 6.0000e+00       3.2800e+00       9.6478e-01       2.8695e-03       1.9230e-02      -5.6174e-03       3.2792e-03 
 6.0000e+00       3.2800e+00       9.7478e-01       2.8652e-03       1.9122e-02      -5.7048e-03       3.2844e-03 
 6.0000e+00       3.2800e+00       9.8478e-01       2.8626e-03       1.9016e-02      -5.7890e-03       3.2874e-03 
 6.0000e+00       3.2800e+00       9.9478e-01       2.8616e-03       1.8912e-02      -5.8702e-03       3.2882e-03 
