 9.0000e+00       2.8900e+00       5.3682e-01       1.3561e-02       2.1115e-02       0.0000e+00       0.0000e+00
 9.0000e+00       2.8900e+00       5.4682e-01       1.2884e-02       2.0909e-02       6.2541e-04       4.6794e-05
 9.0000e+00       2.8900e+00       5.5682e-01       1.2246e-02       2.0718e-02       8.1179e-04       9.7868e-05
 9.0000e+00       2.8900e+00       5.6682e-01       1.1643e-02       2.0541e-02       9.0853e-04       1.5264e-04
 9.0000e+00       2.8900e+00       5.7682e-01       1.1074e-02       2.0378e-02       9.5372e-04       2.1059e-04
 9.0000e+00       2.8900e+00       5.8682e-01       1.0537e-02       2.0229e-02       9.6355e-04       2.7122e-04
 9.0000e+00       2.8900e+00       5.9682e-01       1.0029e-02       2.0091e-02       9.4700e-04       3.3407e-04
 9.0000e+00       2.8900e+00       6.0682e-01       9.5492e-03       1.9966e-02       9.0983e-04       3.9873e-04
 9.0000e+00       2.8900e+00       6.1682e-01       9.0958e-03       1.9852e-02       8.5606e-04       4.6481e-04
 9.0000e+00       2.8900e+00       6.2682e-01       8.6674e-03       1.9749e-02       7.8866e-04       5.3196e-04
 9.0000e+00       2.8900e+00       6.3682e-01       8.2626e-03       1.9656e-02       7.0990e-04       5.9984e-04
 9.0000e+00       2.8900e+00       6.4682e-01       7.8799e-03       1.9573e-02       6.2160e-04       6.6817e-04
 9.0000e+00       2.8900e+00       6.5682e-01       7.5183e-03       1.9499e-02       5.2524e-04       7.3666e-04
 9.0000e+00       2.8900e+00       6.6682e-01       7.1766e-03       1.9434e-02       4.2202e-04       8.0505e-04
 9.0000e+00       2.8900e+00       6.7682e-01       6.8537e-03       1.9377e-02       3.1299e-04       8.7313e-04
 9.0000e+00       2.8900e+00       6.8682e-01       6.5485e-03       1.9329e-02       1.9900e-04       9.4067e-04
 9.0000e+00       2.8900e+00       6.9682e-01       6.2603e-03       1.9287e-02       8.0800e-05       1.0075e-03
 9.0000e+00       2.8900e+00       7.0682e-01       5.9880e-03       1.9254e-02      -4.0951e-05       1.0734e-03
 9.0000e+00       2.8900e+00       7.1682e-01       5.7308e-03       1.9227e-02      -1.6569e-04       1.1382e-03
 9.0000e+00       2.8900e+00       7.2682e-01       5.4879e-03       1.9206e-02      -2.9292e-04       1.2018e-03
 9.0000e+00       2.8900e+00       7.3682e-01       5.2586e-03       1.9192e-02      -4.2220e-04       1.2641e-03
 9.0000e+00       2.8900e+00       7.4682e-01       5.0423e-03       1.9183e-02      -5.5314e-04       1.3250e-03
 9.0000e+00       2.8900e+00       7.5682e-01       4.8381e-03       1.9180e-02      -6.8539e-04       1.3842e-03
 9.0000e+00       2.8900e+00       7.6682e-01       4.6456e-03       1.9182e-02      -8.1865e-04       1.4418e-03
 9.0000e+00       2.8900e+00       7.7682e-01       4.4641e-03       1.9189e-02      -9.5262e-04       1.4977e-03
 9.0000e+00       2.8900e+00       7.8682e-01       4.2930e-03       1.9201e-02      -1.0871e-03       1.5517e-03
 9.0000e+00       2.8900e+00       7.9682e-01       4.1319e-03       1.9217e-02      -1.2218e-03       1.6038e-03
 9.0000e+00       2.8900e+00       8.0682e-01       3.9803e-03       1.9237e-02      -1.3565e-03       1.6541e-03
 9.0000e+00       2.8900e+00       8.1682e-01       3.8376e-03       1.9261e-02      -1.4911e-03       1.7023e-03
 9.0000e+00       2.8900e+00       8.2682e-01       3.7034e-03       1.9288e-02      -1.6253e-03       1.7485e-03
 9.0000e+00       2.8900e+00       8.3682e-01       3.5773e-03       1.9319e-02      -1.7591e-03       1.7926e-03
 9.0000e+00       2.8900e+00       8.4682e-01       3.4589e-03       1.9353e-02      -1.8923e-03       1.8346e-03
 9.0000e+00       2.8900e+00       8.5682e-01       3.3478e-03       1.9390e-02      -2.0248e-03       1.8746e-03
 9.0000e+00       2.8900e+00       8.6682e-01       3.2437e-03       1.9429e-02      -2.1564e-03       1.9124e-03
 9.0000e+00       2.8900e+00       8.7682e-01       3.1462e-03       1.9471e-02      -2.2870e-03       1.9481e-03
 9.0000e+00       2.8900e+00       8.8682e-01       3.0549e-03       1.9516e-02      -2.4167e-03       1.9816e-03
 9.0000e+00       2.8900e+00       8.9682e-01       2.9697e-03       1.9562e-02      -2.5451e-03       2.0130e-03
 9.0000e+00       2.8900e+00       9.0682e-01       2.8901e-03       1.9611e-02      -2.6724e-03       2.0423e-03
 9.0000e+00       2.8900e+00       9.1682e-01       2.8160e-03       1.9661e-02      -2.7984e-03       2.0694e-03
 9.0000e+00       2.8900e+00       9.2682e-01       2.7469e-03       1.9713e-02      -2.9230e-03       2.0944e-03
 9.0000e+00       2.8900e+00       9.3682e-01       2.6828e-03       1.9766e-02      -3.0463e-03       2.1173e-03
 9.0000e+00       2.8900e+00       9.4682e-01       2.6233e-03       1.9821e-02      -3.1680e-03       2.1382e-03
 9.0000e+00       2.8900e+00       9.5682e-01       2.5682e-03       1.9877e-02      -3.2883e-03       2.1569e-03
 9.0000e+00       2.8900e+00       9.6682e-01       2.5173e-03       1.9934e-02      -3.4070e-03       2.1737e-03
 9.0000e+00       2.8900e+00       9.7682e-01       2.4704e-03       1.9991e-02      -3.5241e-03       2.1884e-03
 9.0000e+00       2.8900e+00       9.8682e-01       2.4272e-03       2.0050e-02      -3.6396e-03       2.2011e-03
 9.0000e+00       2.8900e+00       9.9682e-01       2.3877e-03       2.0109e-02      -3.7534e-03       2.2118e-03
 9.0000e+00       2.8900e+00       1.0068e+00       2.3516e-03       2.0169e-02      -3.8655e-03       2.2207e-03
 9.0000e+00       2.8900e+00       1.0168e+00       2.3187e-03       2.0229e-02      -3.9759e-03       2.2276e-03
 9.0000e+00       2.8900e+00       1.0268e+00       2.2889e-03       2.0289e-02      -4.0846e-03       2.2327e-03
 9.0000e+00       2.8900e+00       1.0368e+00       2.2621e-03       2.0350e-02      -4.1915e-03       2.2360e-03
 9.0000e+00       2.8900e+00       1.0468e+00       2.2380e-03       2.0411e-02      -4.2967e-03       2.2374e-03
 9.0000e+00       2.8900e+00       1.0568e+00       2.2165e-03       2.0471e-02      -4.4000e-03       2.2372e-03
 9.0000e+00       2.8900e+00       1.0668e+00       2.1975e-03       2.0532e-02      -4.5016e-03       2.2352e-03
 9.0000e+00       2.8900e+00       1.0768e+00       2.1809e-03       2.0592e-02      -4.6014e-03       2.2315e-03
 9.0000e+00       2.8900e+00       1.0868e+00       2.1665e-03       2.0652e-02      -4.6993e-03       2.2263e-03
 9.0000e+00       2.8900e+00       1.0968e+00       2.1543e-03       2.0712e-02      -4.7954e-03       2.2194e-03
 9.0000e+00       2.8900e+00       1.1068e+00       2.1440e-03       2.0772e-02      -4.8897e-03       2.2110e-03
 9.0000e+00       2.8900e+00       1.1168e+00       2.1356e-03       2.0830e-02      -4.9822e-03       2.2011e-03
 9.0000e+00       2.8900e+00       1.1268e+00       2.1291e-03       2.0889e-02      -5.0728e-03       2.1897e-03
 9.0000e+00       2.8900e+00       1.1368e+00       2.1242e-03       2.0946e-02      -5.1616e-03       2.1769e-03
 9.0000e+00       2.8900e+00       1.1468e+00       2.1209e-03       2.1003e-02      -5.2486e-03       2.1628e-03
 9.0000e+00       2.8900e+00       1.1568e+00       2.1191e-03       2.1060e-02      -5.3338e-03       2.1473e-03
 9.0000e+00       2.8900e+00       1.1668e+00       2.1187e-03       2.1115e-02      -5.4171e-03       2.1305e-03
 9.0000e+00       2.8900e+00       1.1768e+00       2.1197e-03       2.1169e-02      -5.4986e-03       2.1125e-03
 9.0000e+00       2.8900e+00       1.1868e+00       2.1219e-03       2.1223e-02      -5.5783e-03       2.0933e-03
 9.0000e+00       2.8900e+00       1.1968e+00       2.1253e-03       2.1275e-02      -5.6563e-03       2.0729e-03
 9.0000e+00       2.8900e+00       1.2068e+00       2.1298e-03       2.1327e-02      -5.7324e-03       2.0514e-03
 9.0000e+00       2.8900e+00       1.2168e+00       2.1353e-03       2.1377e-02      -5.8067e-03       2.0289e-03
 9.0000e+00       2.8900e+00       1.2268e+00       2.1418e-03       2.1427e-02      -5.8793e-03       2.0053e-03
 9.0000e+00       2.8900e+00       1.2368e+00       2.1492e-03       2.1475e-02      -5.9500e-03       1.9807e-03
 9.0000e+00       2.8900e+00       1.2468e+00       2.1574e-03       2.1522e-02      -6.0191e-03       1.9552e-03
 9.0000e+00       2.8900e+00       1.2568e+00       2.1665e-03       2.1568e-02      -6.0864e-03       1.9288e-03
 9.0000e+00       2.8900e+00       1.2668e+00       2.1762e-03       2.1612e-02      -6.1519e-03       1.9015e-03
 9.0000e+00       2.8900e+00       1.2768e+00       2.1866e-03       2.1656e-02      -6.2158e-03       1.8734e-03
 9.0000e+00       2.8900e+00       1.2868e+00       2.1977e-03       2.1697e-02      -6.2779e-03       1.8445e-03
 9.0000e+00       2.8900e+00       1.2968e+00       2.2093e-03       2.1738e-02      -6.3384e-03       1.8149e-03
 9.0000e+00       2.8900e+00       1.3068e+00       2.2214e-03       2.1777e-02      -6.3972e-03       1.7846e-03
 9.0000e+00       2.8900e+00       1.3168e+00       2.2341e-03       2.1815e-02      -6.4543e-03       1.7536e-03
 9.0000e+00       2.8900e+00       1.3268e+00       2.2471e-03       2.1851e-02      -6.5098e-03       1.7220e-03
 9.0000e+00       2.8900e+00       1.3368e+00       2.2606e-03       2.1886e-02      -6.5637e-03       1.6897e-03
 9.0000e+00       2.8900e+00       1.3468e+00       2.2744e-03       2.1920e-02      -6.6159e-03       1.6570e-03
 9.0000e+00       2.8900e+00       1.3568e+00       2.2886e-03       2.1951e-02      -6.6666e-03       1.6237e-03
 9.0000e+00       2.8900e+00       1.3668e+00       2.3030e-03       2.1982e-02      -6.7157e-03       1.5900e-03
 9.0000e+00       2.8900e+00       1.3768e+00       2.3177e-03       2.2011e-02      -6.7632e-03       1.5558e-03
 9.0000e+00       2.8900e+00       1.3868e+00       2.3326e-03       2.2038e-02      -6.8092e-03       1.5212e-03
 9.0000e+00       2.8900e+00       1.3968e+00       2.3477e-03       2.2064e-02      -6.8536e-03       1.4862e-03
 9.0000e+00       2.8900e+00       1.4068e+00       2.3629e-03       2.2089e-02      -6.8966e-03       1.4509e-03
 9.0000e+00       2.8900e+00       1.4168e+00       2.3783e-03       2.2111e-02      -6.9381e-03       1.4153e-03
 9.0000e+00       2.8900e+00       1.4268e+00       2.3938e-03       2.2133e-02      -6.9780e-03       1.3793e-03
 9.0000e+00       2.8900e+00       1.4368e+00       2.4093e-03       2.2152e-02      -7.0166e-03       1.3432e-03
 9.0000e+00       2.8900e+00       1.4468e+00       2.4249e-03       2.2170e-02      -7.0537e-03       1.3068e-03
 9.0000e+00       2.8900e+00       1.4568e+00       2.4406e-03       2.2187e-02      -7.0894e-03       1.2703e-03
 9.0000e+00       2.8900e+00       1.4668e+00       2.4562e-03       2.2202e-02      -7.1237e-03       1.2336e-03
 9.0000e+00       2.8900e+00       1.4768e+00       2.4719e-03       2.2215e-02      -7.1566e-03       1.1967e-03
 9.0000e+00       2.8900e+00       1.4868e+00       2.4875e-03       2.2227e-02      -7.1882e-03       1.1598e-03
 9.0000e+00       2.8900e+00       1.4968e+00       2.5030e-03       2.2237e-02      -7.2184e-03       1.1228e-03
 9.0000e+00       2.8900e+00       1.5068e+00       2.5185e-03       2.2246e-02      -7.2473e-03       1.0857e-03
 9.0000e+00       2.8900e+00       1.5168e+00       2.5339e-03       2.2253e-02      -7.2749e-03       1.0486e-03
 9.0000e+00       2.8900e+00       1.5268e+00       2.5492e-03       2.2259e-02      -7.3012e-03       1.0116e-03
 9.0000e+00       2.8900e+00       1.5368e+00       2.5643e-03       2.2263e-02      -7.3263e-03       9.7452e-04
 9.0000e+00       2.8900e+00       1.5468e+00       2.5794e-03       2.2265e-02      -7.3501e-03       9.3753e-04
 9.0000e+00       2.8900e+00       1.5568e+00       2.5943e-03       2.2266e-02      -7.3727e-03       9.0061e-04
 9.0000e+00       2.8900e+00       1.5668e+00       2.6090e-03       2.2265e-02      -7.3941e-03       8.6379e-04
 9.0000e+00       2.8900e+00       1.5768e+00       2.6235e-03       2.2263e-02      -7.4143e-03       8.2710e-04
 9.0000e+00       2.8900e+00       1.5868e+00       2.6379e-03       2.2259e-02      -7.4333e-03       7.9054e-04
 9.0000e+00       2.8900e+00       1.5968e+00       2.6521e-03       2.2254e-02      -7.4512e-03       7.5415e-04
 9.0000e+00       2.8900e+00       1.6068e+00       2.6660e-03       2.2247e-02      -7.4680e-03       7.1794e-04
 9.0000e+00       2.8900e+00       1.6168e+00       2.6798e-03       2.2239e-02      -7.4837e-03       6.8193e-04
 9.0000e+00       2.8900e+00       1.6268e+00       2.6933e-03       2.2229e-02      -7.4982e-03       6.4614e-04
 9.0000e+00       2.8900e+00       1.6368e+00       2.7066e-03       2.2218e-02      -7.5117e-03       6.1059e-04
 9.0000e+00       2.8900e+00       1.6468e+00       2.7196e-03       2.2205e-02      -7.5242e-03       5.7529e-04
