 4.5000e+00       2.1000e+00       5.3599e-01       2.0732e-01       4.8143e-01       0.0000e+00       0.0000e+00       0.0000e+00
 4.5000e+00       2.1000e+00       5.4599e-01       1.9839e-01       4.7765e-01       2.5017e-04       3.0041e-04       2.7064e-02
 4.5000e+00       2.1000e+00       5.5599e-01       1.8992e-01       4.7411e-01      -4.5038e-04       7.0289e-04       3.7595e-02
 4.5000e+00       2.1000e+00       5.6599e-01       1.8190e-01       4.7078e-01      -1.5125e-03       1.1982e-03       4.5226e-02
 4.5000e+00       2.1000e+00       5.7599e-01       1.7429e-01       4.6765e-01      -2.8295e-03       1.7779e-03       5.1294e-02
 4.5000e+00       2.1000e+00       5.8599e-01       1.6707e-01       4.6472e-01      -4.3461e-03       2.4338e-03       5.6326e-02
 4.5000e+00       2.1000e+00       5.9599e-01       1.6022e-01       4.6199e-01      -6.0268e-03       3.1585e-03       6.0601e-02
 4.5000e+00       2.1000e+00       6.0599e-01       1.5374e-01       4.5943e-01      -7.8463e-03       3.9450e-03       6.4286e-02
 4.5000e+00       2.1000e+00       6.1599e-01       1.4759e-01       4.5705e-01      -9.7854e-03       4.7867e-03       6.7493e-02
 4.5000e+00       2.1000e+00       6.2599e-01       1.4176e-01       4.5484e-01      -1.1829e-02       5.6774e-03       7.0303e-02
 4.5000e+00       2.1000e+00       6.3599e-01       1.3623e-01       4.5280e-01      -1.3965e-02       6.6115e-03       7.2774e-02
 4.5000e+00       2.1000e+00       6.4599e-01       1.3100e-01       4.5091e-01      -1.6182e-02       7.5834e-03       7.4951e-02
 4.5000e+00       2.1000e+00       6.5599e-01       1.2605e-01       4.4917e-01      -1.8473e-02       8.5882e-03       7.6870e-02
 4.5000e+00       2.1000e+00       6.6599e-01       1.2136e-01       4.4757e-01      -2.0829e-02       9.6211e-03       7.8562e-02
 4.5000e+00       2.1000e+00       6.7599e-01       1.1693e-01       4.4611e-01      -2.3245e-02       1.0678e-02       8.0050e-02
 4.5000e+00       2.1000e+00       6.8599e-01       1.1274e-01       4.4479e-01      -2.5713e-02       1.1754e-02       8.1353e-02
 4.5000e+00       2.1000e+00       6.9599e-01       1.0877e-01       4.4359e-01      -2.8230e-02       1.2846e-02       8.2491e-02
 4.5000e+00       2.1000e+00       7.0599e-01       1.0503e-01       4.4252e-01      -3.0789e-02       1.3950e-02       8.3477e-02
 4.5000e+00       2.1000e+00       7.1599e-01       1.0151e-01       4.4157e-01      -3.3388e-02       1.5062e-02       8.4325e-02
 4.5000e+00       2.1000e+00       7.2599e-01       9.8180e-02       4.4073e-01      -3.6023e-02       1.6180e-02       8.5045e-02
 4.5000e+00       2.1000e+00       7.3599e-01       9.5048e-02       4.4001e-01      -3.8690e-02       1.7301e-02       8.5649e-02
 4.5000e+00       2.1000e+00       7.4599e-01       9.2102e-02       4.3939e-01      -4.1385e-02       1.8421e-02       8.6144e-02
 4.5000e+00       2.1000e+00       7.5599e-01       8.9334e-02       4.3887e-01      -4.4107e-02       1.9538e-02       8.6539e-02
 4.5000e+00       2.1000e+00       7.6599e-01       8.6737e-02       4.3845e-01      -4.6851e-02       2.0650e-02       8.6841e-02
 4.5000e+00       2.1000e+00       7.7599e-01       8.4303e-02       4.3812e-01      -4.9617e-02       2.1754e-02       8.7057e-02
 4.5000e+00       2.1000e+00       7.8599e-01       8.2027e-02       4.3788e-01      -5.2401e-02       2.2848e-02       8.7192e-02
 4.5000e+00       2.1000e+00       7.9599e-01       7.9902e-02       4.3773e-01      -5.5202e-02       2.3931e-02       8.7252e-02
 4.5000e+00       2.1000e+00       8.0599e-01       7.7922e-02       4.3767e-01      -5.8017e-02       2.5000e-02       8.7242e-02
 4.5000e+00       2.1000e+00       8.1599e-01       7.6081e-02       4.3768e-01      -6.0844e-02       2.6053e-02       8.7166e-02
 4.5000e+00       2.1000e+00       8.2599e-01       7.4374e-02       4.3777e-01      -6.3682e-02       2.7090e-02       8.7028e-02
 4.5000e+00       2.1000e+00       8.3599e-01       7.2796e-02       4.3794e-01      -6.6529e-02       2.8109e-02       8.6834e-02
 4.5000e+00       2.1000e+00       8.4599e-01       7.1341e-02       4.3817e-01      -6.9383e-02       2.9107e-02       8.6585e-02
 4.5000e+00       2.1000e+00       8.5599e-01       7.0005e-02       4.3848e-01      -7.2244e-02       3.0085e-02       8.6285e-02
 4.5000e+00       2.1000e+00       8.6599e-01       6.8783e-02       4.3885e-01      -7.5108e-02       3.1041e-02       8.5938e-02
 4.5000e+00       2.1000e+00       8.7599e-01       6.7671e-02       4.3928e-01      -7.7976e-02       3.1974e-02       8.5546e-02
 4.5000e+00       2.1000e+00       8.8599e-01       6.6665e-02       4.3977e-01      -8.0846e-02       3.2882e-02       8.5112e-02
 4.5000e+00       2.1000e+00       8.9599e-01       6.5761e-02       4.4031e-01      -8.3716e-02       3.3766e-02       8.4638e-02
 4.5000e+00       2.1000e+00       9.0599e-01       6.4955e-02       4.4091e-01      -8.6586e-02       3.4623e-02       8.4127e-02
 4.5000e+00       2.1000e+00       9.1599e-01       6.4243e-02       4.4157e-01      -8.9453e-02       3.5454e-02       8.3581e-02
 4.5000e+00       2.1000e+00       9.2599e-01       6.3622e-02       4.4227e-01      -9.2319e-02       3.6258e-02       8.3002e-02
 4.5000e+00       2.1000e+00       9.3599e-01       6.3089e-02       4.4302e-01      -9.5180e-02       3.7034e-02       8.2393e-02
 4.5000e+00       2.1000e+00       9.4599e-01       6.2640e-02       4.4381e-01      -9.8036e-02       3.7782e-02       8.1754e-02
 4.5000e+00       2.1000e+00       9.5599e-01       6.2271e-02       4.4465e-01      -1.0089e-01       3.8501e-02       8.1088e-02
 4.5000e+00       2.1000e+00       9.6599e-01       6.1981e-02       4.4553e-01      -1.0373e-01       3.9190e-02       8.0396e-02
 4.5000e+00       2.1000e+00       9.7599e-01       6.1766e-02       4.4644e-01      -1.0657e-01       3.9850e-02       7.9679e-02
 4.5000e+00       2.1000e+00       9.8599e-01       6.1624e-02       4.4739e-01      -1.0940e-01       4.0480e-02       7.8940e-02
 4.5000e+00       2.1000e+00       9.9599e-01       6.1551e-02       4.4838e-01      -1.1221e-01       4.1080e-02       7.8180e-02
 4.5000e+00       2.1000e+00       1.0060e+00       6.1545e-02       4.4939e-01      -1.1502e-01       4.1650e-02       7.7400e-02
 4.5000e+00       2.1000e+00       1.0160e+00       6.1603e-02       4.5044e-01      -1.1782e-01       4.2189e-02       7.6601e-02
 4.5000e+00       2.1000e+00       1.0260e+00       6.1724e-02       4.5152e-01      -1.2061e-01       4.2697e-02       7.5784e-02
 4.5000e+00       2.1000e+00       1.0360e+00       6.1905e-02       4.5262e-01      -1.2338e-01       4.3175e-02       7.4951e-02
 4.5000e+00       2.1000e+00       1.0460e+00       6.2143e-02       4.5375e-01      -1.2614e-01       4.3622e-02       7.4102e-02
 4.5000e+00       2.1000e+00       1.0560e+00       6.2437e-02       4.5490e-01      -1.2889e-01       4.4038e-02       7.3239e-02
 4.5000e+00       2.1000e+00       1.0660e+00       6.2784e-02       4.5607e-01      -1.3162e-01       4.4424e-02       7.2362e-02
 4.5000e+00       2.1000e+00       1.0760e+00       6.3182e-02       4.5726e-01      -1.3434e-01       4.4779e-02       7.1473e-02
 4.5000e+00       2.1000e+00       1.0860e+00       6.3630e-02       4.5848e-01      -1.3705e-01       4.5103e-02       7.0572e-02
 4.5000e+00       2.1000e+00       1.0960e+00       6.4125e-02       4.5970e-01      -1.3973e-01       4.5397e-02       6.9661e-02
 4.5000e+00       2.1000e+00       1.1060e+00       6.4665e-02       4.6095e-01      -1.4241e-01       4.5660e-02       6.8739e-02
 4.5000e+00       2.1000e+00       1.1160e+00       6.5250e-02       4.6220e-01      -1.4506e-01       4.5894e-02       6.7808e-02
 4.5000e+00       2.1000e+00       1.1260e+00       6.5876e-02       4.6347e-01      -1.4770e-01       4.6097e-02       6.6869e-02
 4.5000e+00       2.1000e+00       1.1360e+00       6.6543e-02       4.6475e-01      -1.5032e-01       4.6271e-02       6.5921e-02
 4.5000e+00       2.1000e+00       1.1460e+00       6.7249e-02       4.6604e-01      -1.5292e-01       4.6415e-02       6.4967e-02
 4.5000e+00       2.1000e+00       1.1560e+00       6.7991e-02       4.6734e-01      -1.5550e-01       4.6531e-02       6.4006e-02
 4.5000e+00       2.1000e+00       1.1660e+00       6.8770e-02       4.6864e-01      -1.5806e-01       4.6617e-02       6.3039e-02
 4.5000e+00       2.1000e+00       1.1760e+00       6.9582e-02       4.6995e-01      -1.6060e-01       4.6675e-02       6.2067e-02
 4.5000e+00       2.1000e+00       1.1860e+00       7.0427e-02       4.7127e-01      -1.6312e-01       4.6704e-02       6.1090e-02
 4.5000e+00       2.1000e+00       1.1960e+00       7.1304e-02       4.7259e-01      -1.6562e-01       4.6706e-02       6.0108e-02
 4.5000e+00       2.1000e+00       1.2060e+00       7.2210e-02       4.7391e-01      -1.6810e-01       4.6680e-02       5.9123e-02
 4.5000e+00       2.1000e+00       1.2160e+00       7.3145e-02       4.7523e-01      -1.7056e-01       4.6627e-02       5.8135e-02
 4.5000e+00       2.1000e+00       1.2260e+00       7.4107e-02       4.7655e-01      -1.7300e-01       4.6547e-02       5.7143e-02
 4.5000e+00       2.1000e+00       1.2360e+00       7.5096e-02       4.7787e-01      -1.7541e-01       4.6440e-02       5.6150e-02
 4.5000e+00       2.1000e+00       1.2460e+00       7.6109e-02       4.7919e-01      -1.7780e-01       4.6308e-02       5.5154e-02
 4.5000e+00       2.1000e+00       1.2560e+00       7.7146e-02       4.8050e-01      -1.8017e-01       4.6150e-02       5.4157e-02
 4.5000e+00       2.1000e+00       1.2660e+00       7.8205e-02       4.8181e-01      -1.8252e-01       4.5967e-02       5.3159e-02
 4.5000e+00       2.1000e+00       1.2760e+00       7.9286e-02       4.8312e-01      -1.8484e-01       4.5759e-02       5.2160e-02
 4.5000e+00       2.1000e+00       1.2860e+00       8.0387e-02       4.8442e-01      -1.8714e-01       4.5527e-02       5.1161e-02
 4.5000e+00       2.1000e+00       1.2960e+00       8.1507e-02       4.8571e-01      -1.8942e-01       4.5271e-02       5.0161e-02
 4.5000e+00       2.1000e+00       1.3060e+00       8.2646e-02       4.8700e-01      -1.9167e-01       4.4992e-02       4.9162e-02
 4.5000e+00       2.1000e+00       1.3160e+00       8.3801e-02       4.8827e-01      -1.9390e-01       4.4690e-02       4.8164e-02
 4.5000e+00       2.1000e+00       1.3260e+00       8.4973e-02       4.8954e-01      -1.9610e-01       4.4366e-02       4.7166e-02
 4.5000e+00       2.1000e+00       1.3360e+00       8.6160e-02       4.9079e-01      -1.9827e-01       4.4020e-02       4.6170e-02
 4.5000e+00       2.1000e+00       1.3460e+00       8.7361e-02       4.9204e-01      -2.0043e-01       4.3652e-02       4.5175e-02
 4.5000e+00       2.1000e+00       1.3560e+00       8.8576e-02       4.9327e-01      -2.0255e-01       4.3263e-02       4.4182e-02
 4.5000e+00       2.1000e+00       1.3660e+00       8.9803e-02       4.9449e-01      -2.0465e-01       4.2855e-02       4.3191e-02
 4.5000e+00       2.1000e+00       1.3760e+00       9.1042e-02       4.9570e-01      -2.0673e-01       4.2426e-02       4.2202e-02
 4.5000e+00       2.1000e+00       1.3860e+00       9.2291e-02       4.9689e-01      -2.0878e-01       4.1977e-02       4.1216e-02
 4.5000e+00       2.1000e+00       1.3960e+00       9.3551e-02       4.9806e-01      -2.1080e-01       4.1510e-02       4.0233e-02
 4.5000e+00       2.1000e+00       1.4060e+00       9.4820e-02       4.9923e-01      -2.1280e-01       4.1025e-02       3.9252e-02
 4.5000e+00       2.1000e+00       1.4160e+00       9.6097e-02       5.0037e-01      -2.1477e-01       4.0521e-02       3.8275e-02
 4.5000e+00       2.1000e+00       1.4260e+00       9.7381e-02       5.0150e-01      -2.1671e-01       4.0001e-02       3.7301e-02
 4.5000e+00       2.1000e+00       1.4360e+00       9.8673e-02       5.0261e-01      -2.1863e-01       3.9463e-02       3.6331e-02
 4.5000e+00       2.1000e+00       1.4460e+00       9.9970e-02       5.0370e-01      -2.2052e-01       3.8909e-02       3.5365e-02
 4.5000e+00       2.1000e+00       1.4560e+00       1.0127e-01       5.0478e-01      -2.2239e-01       3.8339e-02       3.4403e-02
 4.5000e+00       2.1000e+00       1.4660e+00       1.0258e-01       5.0583e-01      -2.2422e-01       3.7754e-02       3.3445e-02
 4.5000e+00       2.1000e+00       1.4760e+00       1.0389e-01       5.0687e-01      -2.2603e-01       3.7155e-02       3.2491e-02
 4.5000e+00       2.1000e+00       1.4860e+00       1.0521e-01       5.0788e-01      -2.2782e-01       3.6541e-02       3.1542e-02
 4.5000e+00       2.1000e+00       1.4960e+00       1.0653e-01       5.0888e-01      -2.2957e-01       3.5913e-02       3.0598e-02
