4.0000e+00       3.1500e+00       3.8930e-01       4.7336e-03       2.2252e-03       0.0000e+00       0.0000e+00
 4.0000e+00       3.1500e+00       4.0052e-01       4.4990e-03       2.7827e-03      -1.3408e-04      -5.9499e-04
 4.0000e+00       3.1500e+00       4.1174e-01       4.2777e-03       3.2891e-03      -1.9072e-04      -1.1384e-03
 4.0000e+00       3.1500e+00       4.2296e-01       4.0689e-03       3.7483e-03      -2.3425e-04      -1.6341e-03
 4.0000e+00       3.1500e+00       4.3418e-01       3.8719e-03       4.1635e-03      -2.7053e-04      -2.0854e-03
 4.0000e+00       3.1500e+00       4.4540e-01       3.6858e-03       4.5381e-03      -3.0182e-04      -2.4958e-03
 4.0000e+00       3.1500e+00       4.5662e-01       3.5101e-03       4.8749e-03      -3.2922e-04      -2.8682e-03
 4.0000e+00       3.1500e+00       4.6784e-01       3.3440e-03       5.1767e-03      -3.5344e-04      -3.2053e-03
 4.0000e+00       3.1500e+00       4.7906e-01       3.1871e-03       5.4460e-03      -3.7491e-04      -3.5098e-03
 4.0000e+00       3.1500e+00       4.9028e-01       3.0387e-03       5.6853e-03      -3.9396e-04      -3.7840e-03
 4.0000e+00       3.1500e+00       5.0149e-01       2.8984e-03       5.8967e-03      -4.1085e-04      -4.0302e-03
 4.0000e+00       3.1500e+00       5.1271e-01       2.7656e-03       6.0823e-03      -4.2577e-04      -4.2504e-03
 4.0000e+00       3.1500e+00       5.2393e-01       2.6399e-03       6.2440e-03      -4.3890e-04      -4.4465e-03
 4.0000e+00       3.1500e+00       5.3515e-01       2.5209e-03       6.3836e-03      -4.5038e-04      -4.6203e-03
 4.0000e+00       3.1500e+00       5.4637e-01       2.4082e-03       6.5027e-03      -4.6034e-04      -4.7735e-03
 4.0000e+00       3.1500e+00       5.5759e-01       2.3014e-03       6.6029e-03      -4.6889e-04      -4.9075e-03
 4.0000e+00       3.1500e+00       5.6881e-01       2.2002e-03       6.6855e-03      -4.7613e-04      -5.0238e-03
 4.0000e+00       3.1500e+00       5.8003e-01       2.1041e-03       6.7520e-03      -4.8216e-04      -5.1237e-03
 4.0000e+00       3.1500e+00       5.9125e-01       2.0130e-03       6.8035e-03      -4.8707e-04      -5.2085e-03
 4.0000e+00       3.1500e+00       6.0247e-01       1.9266e-03       6.8413e-03      -4.9094e-04      -5.2792e-03
 4.0000e+00       3.1500e+00       6.1369e-01       1.8445e-03       6.8663e-03      -4.9383e-04      -5.3369e-03
 4.0000e+00       3.1500e+00       6.2491e-01       1.7665e-03       6.8796e-03      -4.9582e-04      -5.3827e-03
 4.0000e+00       3.1500e+00       6.3612e-01       1.6925e-03       6.8822e-03      -4.9697e-04      -5.4174e-03
 4.0000e+00       3.1500e+00       6.4734e-01       1.6220e-03       6.8748e-03      -4.9734e-04      -5.4418e-03
 4.0000e+00       3.1500e+00       6.5856e-01       1.5551e-03       6.8584e-03      -4.9700e-04      -5.4569e-03
 4.0000e+00       3.1500e+00       6.6978e-01       1.4914e-03       6.8336e-03      -4.9598e-04      -5.4633e-03
 4.0000e+00       3.1500e+00       6.8100e-01       1.4308e-03       6.8011e-03      -4.9435e-04      -5.4617e-03
 4.0000e+00       3.1500e+00       6.9222e-01       1.3730e-03       6.7617e-03      -4.9215e-04      -5.4527e-03
 4.0000e+00       3.1500e+00       7.0344e-01       1.3181e-03       6.7159e-03      -4.8942e-04      -5.4371e-03
 4.0000e+00       3.1500e+00       7.1466e-01       1.2657e-03       6.6643e-03      -4.8621e-04      -5.4152e-03
 4.0000e+00       3.1500e+00       7.2588e-01       1.2157e-03       6.6074e-03      -4.8255e-04      -5.3876e-03
 4.0000e+00       3.1500e+00       7.3710e-01       1.1681e-03       6.5457e-03      -4.7848e-04      -5.3549e-03
 4.0000e+00       3.1500e+00       7.4832e-01       1.1227e-03       6.4798e-03      -4.7404e-04      -5.3175e-03
 4.0000e+00       3.1500e+00       7.5954e-01       1.0793e-03       6.4099e-03      -4.6925e-04      -5.2757e-03
 4.0000e+00       3.1500e+00       7.7075e-01       1.0379e-03       6.3365e-03      -4.6416e-04      -5.2301e-03
 4.0000e+00       3.1500e+00       7.8197e-01       9.9842e-04       6.2600e-03      -4.5878e-04      -5.1808e-03
 4.0000e+00       3.1500e+00       7.9319e-01       9.6064e-04       6.1807e-03      -4.5315e-04      -5.1284e-03
 4.0000e+00       3.1500e+00       8.0441e-01       9.2454e-04       6.0989e-03      -4.4728e-04      -5.0731e-03
 4.0000e+00       3.1500e+00       8.1563e-01       8.9002e-04       6.0150e-03      -4.4122e-04      -5.0152e-03
 4.0000e+00       3.1500e+00       8.2685e-01       8.5699e-04       5.9292e-03      -4.3497e-04      -4.9549e-03
 4.0000e+00       3.1500e+00       8.3807e-01       8.2539e-04       5.8418e-03      -4.2855e-04      -4.8926e-03
 4.0000e+00       3.1500e+00       8.4929e-01       7.9514e-04       5.7530e-03      -4.2200e-04      -4.8285e-03
 4.0000e+00       3.1500e+00       8.6051e-01       7.6617e-04       5.6631e-03      -4.1532e-04      -4.7627e-03
 4.0000e+00       3.1500e+00       8.7173e-01       7.3841e-04       5.5722e-03      -4.0854e-04      -4.6956e-03
 4.0000e+00       3.1500e+00       8.8295e-01       7.1181e-04       5.4805e-03      -4.0167e-04      -4.6273e-03
 4.0000e+00       3.1500e+00       8.9417e-01       6.8631e-04       5.3883e-03      -3.9472e-04      -4.5579e-03
 4.0000e+00       3.1500e+00       9.0538e-01       6.6186e-04       5.2956e-03      -3.8772e-04      -4.4877e-03
 4.0000e+00       3.1500e+00       9.1660e-01       6.3840e-04       5.2027e-03      -3.8067e-04      -4.4168e-03
 4.0000e+00       3.1500e+00       9.2782e-01       6.1589e-04       5.1097e-03      -3.7358e-04      -4.3453e-03
 4.0000e+00       3.1500e+00       9.3904e-01       5.9427e-04       5.0167e-03      -3.6648e-04      -4.2734e-03
 4.0000e+00       3.1500e+00       9.5026e-01       5.7352e-04       4.9239e-03      -3.5936e-04      -4.2011e-03
 4.0000e+00       3.1500e+00       9.6148e-01       5.5358e-04       4.8312e-03      -3.5224e-04      -4.1287e-03
 4.0000e+00       3.1500e+00       9.7270e-01       5.3442e-04       4.7390e-03      -3.4514e-04      -4.0563e-03
 4.0000e+00       3.1500e+00       9.8392e-01       5.1600e-04       4.6471e-03      -3.3805e-04      -3.9838e-03
 4.0000e+00       3.1500e+00       9.9514e-01       4.9829e-04       4.5559e-03      -3.3099e-04      -3.9114e-03
 4.0000e+00       3.1500e+00       1.0064e+00       4.8126e-04       4.4652e-03      -3.2396e-04      -3.8393e-03
 4.0000e+00       3.1500e+00       1.0176e+00       4.6487e-04       4.3752e-03      -3.1697e-04      -3.7674e-03
 4.0000e+00       3.1500e+00       1.0288e+00       4.4910e-04       4.2860e-03      -3.1003e-04      -3.6958e-03
 4.0000e+00       3.1500e+00       1.0400e+00       4.3391e-04       4.1975e-03      -3.0314e-04      -3.6247e-03
 4.0000e+00       3.1500e+00       1.0512e+00       4.1929e-04       4.1100e-03      -2.9631e-04      -3.5540e-03
 4.0000e+00       3.1500e+00       1.0625e+00       4.0521e-04       4.0233e-03      -2.8954e-04      -3.4838e-03
 4.0000e+00       3.1500e+00       1.0737e+00       3.9164e-04       3.9377e-03      -2.8285e-04      -3.4142e-03
 4.0000e+00       3.1500e+00       1.0849e+00       3.7857e-04       3.8530e-03      -2.7622e-04      -3.3452e-03
 4.0000e+00       3.1500e+00       1.0961e+00       3.6596e-04       3.7694e-03      -2.6968e-04      -3.2769e-03
 4.0000e+00       3.1500e+00       1.1073e+00       3.5381e-04       3.6868e-03      -2.6321e-04      -3.2093e-03
 4.0000e+00       3.1500e+00       1.1185e+00       3.4209e-04       3.6054e-03      -2.5682e-04      -3.1424e-03
 4.0000e+00       3.1500e+00       1.1298e+00       3.3079e-04       3.5250e-03      -2.5053e-04      -3.0763e-03
 4.0000e+00       3.1500e+00       1.1410e+00       3.1988e-04       3.4459e-03      -2.4432e-04      -3.0110e-03
 4.0000e+00       3.1500e+00       1.1522e+00       3.0935e-04       3.3679e-03      -2.3820e-04      -2.9465e-03
 4.0000e+00       3.1500e+00       1.1634e+00       2.9919e-04       3.2911e-03      -2.3217e-04      -2.8828e-03
 4.0000e+00       3.1500e+00       1.1746e+00       2.8938e-04       3.2154e-03      -2.2624e-04      -2.8200e-03
 4.0000e+00       3.1500e+00       1.1859e+00       2.7991e-04       3.1410e-03      -2.2040e-04      -2.7581e-03
 4.0000e+00       3.1500e+00       1.1971e+00       2.7076e-04       3.0679e-03      -2.1466e-04      -2.6971e-03
 4.0000e+00       3.1500e+00       1.2083e+00       2.6193e-04       2.9959e-03      -2.0902e-04      -2.6370e-03
 4.0000e+00       3.1500e+00       1.2195e+00       2.5339e-04       2.9252e-03      -2.0348e-04      -2.5777e-03
 4.0000e+00       3.1500e+00       1.2307e+00       2.4514e-04       2.8557e-03      -1.9804e-04      -2.5195e-03
 4.0000e+00       3.1500e+00       1.2420e+00       2.3717e-04       2.7874e-03      -1.9269e-04      -2.4621e-03
 4.0000e+00       3.1500e+00       1.2532e+00       2.2946e-04       2.7204e-03      -1.8745e-04      -2.4057e-03
 4.0000e+00       3.1500e+00       1.2644e+00       2.2201e-04       2.6546e-03      -1.8231e-04      -2.3502e-03
 4.0000e+00       3.1500e+00       1.2756e+00       2.1481e-04       2.5901e-03      -1.7727e-04      -2.2957e-03
 4.0000e+00       3.1500e+00       1.2868e+00       2.0784e-04       2.5268e-03      -1.7233e-04      -2.2421e-03
 4.0000e+00       3.1500e+00       1.2981e+00       2.0110e-04       2.4647e-03      -1.6749e-04      -2.1895e-03
 4.0000e+00       3.1500e+00       1.3093e+00       1.9459e-04       2.4038e-03      -1.6275e-04      -2.1378e-03
 4.0000e+00       3.1500e+00       1.3205e+00       1.8828e-04       2.3441e-03      -1.5811e-04      -2.0871e-03
 4.0000e+00       3.1500e+00       1.3317e+00       1.8218e-04       2.2856e-03      -1.5357e-04      -2.0373e-03
 4.0000e+00       3.1500e+00       1.3429e+00       1.7628e-04       2.2283e-03      -1.4913e-04      -1.9884e-03
 4.0000e+00       3.1500e+00       1.3542e+00       1.7057e-04       2.1722e-03      -1.4478e-04      -1.9405e-03
 4.0000e+00       3.1500e+00       1.3654e+00       1.6505e-04       2.1172e-03      -1.4053e-04      -1.8935e-03
 4.0000e+00       3.1500e+00       1.3766e+00       1.5970e-04       2.0634e-03      -1.3638e-04      -1.8474e-03
 4.0000e+00       3.1500e+00       1.3878e+00       1.5452e-04       2.0107e-03      -1.3232e-04      -1.8022e-03
 4.0000e+00       3.1500e+00       1.3990e+00       1.4951e-04       1.9592e-03      -1.2836e-04      -1.7580e-03
 4.0000e+00       3.1500e+00       1.4102e+00       1.4466e-04       1.9088e-03      -1.2449e-04      -1.7146e-03
 4.0000e+00       3.1500e+00       1.4215e+00       1.3997e-04       1.8595e-03      -1.2072e-04      -1.6722e-03
 4.0000e+00       3.1500e+00       1.4327e+00       1.3542e-04       1.8113e-03      -1.1703e-04      -1.6306e-03
 4.0000e+00       3.1500e+00       1.4439e+00       1.3102e-04       1.7641e-03      -1.1343e-04      -1.5899e-03
 4.0000e+00       3.1500e+00       1.4551e+00       1.2676e-04       1.7180e-03      -1.0993e-04      -1.5500e-03
 4.0000e+00       3.1500e+00       1.4663e+00       1.2263e-04       1.6730e-03      -1.0651e-04      -1.5110e-03
 4.0000e+00       3.1500e+00       1.4776e+00       1.1863e-04       1.6290e-03      -1.0317e-04      -1.4729e-03
 4.0000e+00       3.1500e+00       1.4888e+00       1.1476e-04       1.5860e-03      -9.9924e-05      -1.4355e-03
 4.0000e+00       3.1500e+00       1.5000e+00       1.1102e-04       1.5440e-03      -9.6759e-05      -1.3990e-03
