2.5000e+00       3.1500e+00       2.3131e-01       1.2503e-02       3.6130e-03       0.0000e+00       0.0000e+00
 2.5000e+00       3.1500e+00       2.4413e-01       1.1745e-02       5.8332e-03      -1.8390e-04      -2.3707e-03
 2.5000e+00       3.1500e+00       2.5694e-01       1.1038e-02       7.8130e-03      -2.8709e-04      -4.4824e-03
 2.5000e+00       3.1500e+00       2.6976e-01       1.0377e-02       9.5740e-03      -3.7844e-04      -6.3597e-03
 2.5000e+00       3.1500e+00       2.8257e-01       9.7600e-03       1.1136e-02      -4.6179e-04      -8.0247e-03
 2.5000e+00       3.1500e+00       2.9539e-01       9.1839e-03       1.2516e-02      -5.3810e-04      -9.4974e-03
 2.5000e+00       3.1500e+00       3.0820e-01       8.6459e-03       1.3731e-02      -6.0778e-04      -1.0796e-02
 2.5000e+00       3.1500e+00       3.2102e-01       8.1435e-03       1.4795e-02      -6.7109e-04      -1.1937e-02
 2.5000e+00       3.1500e+00       3.3383e-01       7.6741e-03       1.5723e-02      -7.2830e-04      -1.2934e-02
 2.5000e+00       3.1500e+00       3.4665e-01       7.2355e-03       1.6526e-02      -7.7971e-04      -1.3802e-02
 2.5000e+00       3.1500e+00       3.5946e-01       6.8255e-03       1.7216e-02      -8.2559e-04      -1.4553e-02
 2.5000e+00       3.1500e+00       3.7228e-01       6.4422e-03       1.7802e-02      -8.6627e-04      -1.5197e-02
 2.5000e+00       3.1500e+00       3.8509e-01       6.0837e-03       1.8296e-02      -9.0205e-04      -1.5745e-02
 2.5000e+00       3.1500e+00       3.9791e-01       5.7483e-03       1.8704e-02      -9.3324e-04      -1.6205e-02
 2.5000e+00       3.1500e+00       4.1072e-01       5.4342e-03       1.9035e-02      -9.6015e-04      -1.6587e-02
 2.5000e+00       3.1500e+00       4.2354e-01       5.1402e-03       1.9296e-02      -9.8307e-04      -1.6896e-02
 2.5000e+00       3.1500e+00       4.3635e-01       4.8647e-03       1.9493e-02      -1.0023e-03      -1.7141e-02
 2.5000e+00       3.1500e+00       4.4917e-01       4.6065e-03       1.9633e-02      -1.0181e-03      -1.7328e-02
 2.5000e+00       3.1500e+00       4.6198e-01       4.3643e-03       1.9721e-02      -1.0307e-03      -1.7461e-02
 2.5000e+00       3.1500e+00       4.7480e-01       4.1371e-03       1.9762e-02      -1.0404e-03      -1.7547e-02
 2.5000e+00       3.1500e+00       4.8761e-01       3.9239e-03       1.9761e-02      -1.0473e-03      -1.7589e-02
 2.5000e+00       3.1500e+00       5.0043e-01       3.7236e-03       1.9721e-02      -1.0518e-03      -1.7593e-02
 2.5000e+00       3.1500e+00       5.1324e-01       3.5354e-03       1.9647e-02      -1.0541e-03      -1.7562e-02
 2.5000e+00       3.1500e+00       5.2606e-01       3.3584e-03       1.9542e-02      -1.0542e-03      -1.7500e-02
 2.5000e+00       3.1500e+00       5.3887e-01       3.1920e-03       1.9410e-02      -1.0524e-03      -1.7409e-02
 2.5000e+00       3.1500e+00       5.5169e-01       3.0354e-03       1.9252e-02      -1.0489e-03      -1.7293e-02
 2.5000e+00       3.1500e+00       5.6450e-01       2.8878e-03       1.9073e-02      -1.0437e-03      -1.7155e-02
 2.5000e+00       3.1500e+00       5.7732e-01       2.7489e-03       1.8873e-02      -1.0372e-03      -1.6997e-02
 2.5000e+00       3.1500e+00       5.9013e-01       2.6178e-03       1.8657e-02      -1.0293e-03      -1.6821e-02
 2.5000e+00       3.1500e+00       6.0295e-01       2.4942e-03       1.8425e-02      -1.0202e-03      -1.6630e-02
 2.5000e+00       3.1500e+00       6.1576e-01       2.3776e-03       1.8180e-02      -1.0100e-03      -1.6425e-02
 2.5000e+00       3.1500e+00       6.2858e-01       2.2675e-03       1.7922e-02      -9.9892e-04      -1.6207e-02
 2.5000e+00       3.1500e+00       6.4139e-01       2.1634e-03       1.7655e-02      -9.8693e-04      -1.5979e-02
 2.5000e+00       3.1500e+00       6.5421e-01       2.0650e-03       1.7379e-02      -9.7418e-04      -1.5742e-02
 2.5000e+00       3.1500e+00       6.6702e-01       1.9719e-03       1.7096e-02      -9.6073e-04      -1.5497e-02
 2.5000e+00       3.1500e+00       6.7984e-01       1.8839e-03       1.6806e-02      -9.4669e-04      -1.5246e-02
 2.5000e+00       3.1500e+00       6.9265e-01       1.8005e-03       1.6511e-02      -9.3211e-04      -1.4989e-02
 2.5000e+00       3.1500e+00       7.0547e-01       1.7214e-03       1.6213e-02      -9.1707e-04      -1.4728e-02
 2.5000e+00       3.1500e+00       7.1828e-01       1.6465e-03       1.5911e-02      -9.0163e-04      -1.4462e-02
 2.5000e+00       3.1500e+00       7.3110e-01       1.5754e-03       1.5606e-02      -8.8585e-04      -1.4194e-02
 2.5000e+00       3.1500e+00       7.4391e-01       1.5080e-03       1.5300e-02      -8.6978e-04      -1.3924e-02
 2.5000e+00       3.1500e+00       7.5673e-01       1.4439e-03       1.4993e-02      -8.5349e-04      -1.3653e-02
 2.5000e+00       3.1500e+00       7.6954e-01       1.3831e-03       1.4686e-02      -8.3700e-04      -1.3381e-02
 2.5000e+00       3.1500e+00       7.8236e-01       1.3252e-03       1.4379e-02      -8.2038e-04      -1.3108e-02
 2.5000e+00       3.1500e+00       7.9517e-01       1.2702e-03       1.4073e-02      -8.0365e-04      -1.2836e-02
 2.5000e+00       3.1500e+00       8.0799e-01       1.2178e-03       1.3769e-02      -7.8685e-04      -1.2564e-02
 2.5000e+00       3.1500e+00       8.2080e-01       1.1680e-03       1.3466e-02      -7.7002e-04      -1.2294e-02
 2.5000e+00       3.1500e+00       8.3362e-01       1.1205e-03       1.3165e-02      -7.5318e-04      -1.2025e-02
 2.5000e+00       3.1500e+00       8.4643e-01       1.0752e-03       1.2866e-02      -7.3637e-04      -1.1758e-02
 2.5000e+00       3.1500e+00       8.5925e-01       1.0320e-03       1.2570e-02      -7.1962e-04      -1.1493e-02
 2.5000e+00       3.1500e+00       8.7206e-01       9.9086e-04       1.2277e-02      -7.0294e-04      -1.1231e-02
 2.5000e+00       3.1500e+00       8.8488e-01       9.5155e-04       1.1988e-02      -6.8636e-04      -1.0971e-02
 2.5000e+00       3.1500e+00       8.9769e-01       9.1401e-04       1.1702e-02      -6.6989e-04      -1.0715e-02
 2.5000e+00       3.1500e+00       9.1051e-01       8.7815e-04       1.1419e-02      -6.5357e-04      -1.0461e-02
 2.5000e+00       3.1500e+00       9.2332e-01       8.4388e-04       1.1141e-02      -6.3739e-04      -1.0210e-02
 2.5000e+00       3.1500e+00       9.3614e-01       8.1110e-04       1.0866e-02      -6.2139e-04      -9.9634e-03
 2.5000e+00       3.1500e+00       9.4895e-01       7.7975e-04       1.0596e-02      -6.0556e-04      -9.7199e-03
 2.5000e+00       3.1500e+00       9.6177e-01       7.4974e-04       1.0330e-02      -5.8993e-04      -9.4800e-03
 2.5000e+00       3.1500e+00       9.7458e-01       7.2102e-04       1.0068e-02      -5.7450e-04      -9.2439e-03
 2.5000e+00       3.1500e+00       9.8740e-01       6.9350e-04       9.8101e-03      -5.5929e-04      -9.0116e-03
 2.5000e+00       3.1500e+00       1.0002e+00       6.6714e-04       9.5571e-03      -5.4430e-04      -8.7832e-03
 2.5000e+00       3.1500e+00       1.0130e+00       6.4187e-04       9.3086e-03      -5.2954e-04      -8.5587e-03
 2.5000e+00       3.1500e+00       1.0258e+00       6.1764e-04       9.0647e-03      -5.1501e-04      -8.3383e-03
 2.5000e+00       3.1500e+00       1.0387e+00       5.9440e-04       8.8253e-03      -5.0073e-04      -8.1219e-03
 2.5000e+00       3.1500e+00       1.0515e+00       5.7210e-04       8.5906e-03      -4.8670e-04      -7.9095e-03
 2.5000e+00       3.1500e+00       1.0643e+00       5.5069e-04       8.3605e-03      -4.7291e-04      -7.7012e-03
 2.5000e+00       3.1500e+00       1.0771e+00       5.3014e-04       8.1350e-03      -4.5938e-04      -7.4970e-03
 2.5000e+00       3.1500e+00       1.0899e+00       5.1041e-04       7.9142e-03      -4.4611e-04      -7.2969e-03
 2.5000e+00       3.1500e+00       1.1027e+00       4.9145e-04       7.6980e-03      -4.3310e-04      -7.1009e-03
 2.5000e+00       3.1500e+00       1.1155e+00       4.7323e-04       7.4863e-03      -4.2035e-04      -6.9089e-03
 2.5000e+00       3.1500e+00       1.1284e+00       4.5571e-04       7.2793e-03      -4.0786e-04      -6.7210e-03
 2.5000e+00       3.1500e+00       1.1412e+00       4.3888e-04       7.0767e-03      -3.9563e-04      -6.5371e-03
 2.5000e+00       3.1500e+00       1.1540e+00       4.2268e-04       6.8787e-03      -3.8367e-04      -6.3573e-03
 2.5000e+00       3.1500e+00       1.1668e+00       4.0711e-04       6.6851e-03      -3.7197e-04      -6.1814e-03
 2.5000e+00       3.1500e+00       1.1796e+00       3.9212e-04       6.4960e-03      -3.6053e-04      -6.0094e-03
 2.5000e+00       3.1500e+00       1.1924e+00       3.7770e-04       6.3112e-03      -3.4935e-04      -5.8414e-03
 2.5000e+00       3.1500e+00       1.2053e+00       3.6382e-04       6.1308e-03      -3.3843e-04      -5.6772e-03
 2.5000e+00       3.1500e+00       1.2181e+00       3.5046e-04       5.9547e-03      -3.2776e-04      -5.5168e-03
 2.5000e+00       3.1500e+00       1.2309e+00       3.3759e-04       5.7827e-03      -3.1736e-04      -5.3602e-03
 2.5000e+00       3.1500e+00       1.2437e+00       3.2520e-04       5.6150e-03      -3.0720e-04      -5.2074e-03
 2.5000e+00       3.1500e+00       1.2565e+00       3.1326e-04       5.4513e-03      -2.9730e-04      -5.0582e-03
 2.5000e+00       3.1500e+00       1.2693e+00       3.0177e-04       5.2917e-03      -2.8764e-04      -4.9126e-03
 2.5000e+00       3.1500e+00       1.2821e+00       2.9069e-04       5.1361e-03      -2.7823e-04      -4.7706e-03
 2.5000e+00       3.1500e+00       1.2950e+00       2.8002e-04       4.9844e-03      -2.6906e-04      -4.6321e-03
 2.5000e+00       3.1500e+00       1.3078e+00       2.6974e-04       4.8366e-03      -2.6013e-04      -4.4971e-03
 2.5000e+00       3.1500e+00       1.3206e+00       2.5982e-04       4.6925e-03      -2.5144e-04      -4.3655e-03
 2.5000e+00       3.1500e+00       1.3334e+00       2.5027e-04       4.5522e-03      -2.4298e-04      -4.2372e-03
 2.5000e+00       3.1500e+00       1.3462e+00       2.4106e-04       4.4156e-03      -2.3474e-04      -4.1123e-03
 2.5000e+00       3.1500e+00       1.3590e+00       2.3218e-04       4.2825e-03      -2.2673e-04      -3.9905e-03
 2.5000e+00       3.1500e+00       1.3718e+00       2.2362e-04       4.1530e-03      -2.1895e-04      -3.8719e-03
 2.5000e+00       3.1500e+00       1.3847e+00       2.1537e-04       4.0269e-03      -2.1138e-04      -3.7565e-03
 2.5000e+00       3.1500e+00       1.3975e+00       2.0741e-04       3.9042e-03      -2.0402e-04      -3.6441e-03
 2.5000e+00       3.1500e+00       1.4103e+00       1.9974e-04       3.7849e-03      -1.9688e-04      -3.5346e-03
 2.5000e+00       3.1500e+00       1.4231e+00       1.9234e-04       3.6688e-03      -1.8994e-04      -3.4282e-03
 2.5000e+00       3.1500e+00       1.4359e+00       1.8521e-04       3.5559e-03      -1.8320e-04      -3.3246e-03
 2.5000e+00       3.1500e+00       1.4487e+00       1.7833e-04       3.4461e-03      -1.7666e-04      -3.2238e-03
 2.5000e+00       3.1500e+00       1.4616e+00       1.7169e-04       3.3394e-03      -1.7032e-04      -3.1258e-03
 2.5000e+00       3.1500e+00       1.4744e+00       1.6529e-04       3.2356e-03      -1.6416e-04      -3.0305e-03
 2.5000e+00       3.1500e+00       1.4872e+00       1.5912e-04       3.1348e-03      -1.5819e-04      -2.9378e-03
 2.5000e+00       3.1500e+00       1.5000e+00       1.5317e-04       3.0369e-03      -1.5241e-04      -2.8477e-03
