1.5000e+00       3.1500e+00       1.3627e-01       2.1731e-02       7.7022e-03       0.0000e+00       0.0000e+00
 1.5000e+00       3.1500e+00       1.5005e-01       2.0324e-02       1.3645e-02      -3.1560e-05      -6.7038e-03
 1.5000e+00       3.1500e+00       1.6382e-01       1.9002e-02       1.8865e-02      -1.7855e-04      -1.2557e-02
 1.5000e+00       3.1500e+00       1.7760e-01       1.7766e-02       2.3436e-02      -3.5063e-04      -1.7654e-02
 1.5000e+00       3.1500e+00       1.9137e-01       1.6610e-02       2.7421e-02      -5.2680e-04      -2.2081e-02
 1.5000e+00       3.1500e+00       2.0515e-01       1.5532e-02       3.0880e-02      -6.9730e-04      -2.5910e-02
 1.5000e+00       3.1500e+00       2.1892e-01       1.4528e-02       3.3865e-02      -8.5716e-04      -2.9209e-02
 1.5000e+00       3.1500e+00       2.3270e-01       1.3593e-02       3.6426e-02      -1.0040e-03      -3.2035e-02
 1.5000e+00       3.1500e+00       2.4647e-01       1.2724e-02       3.8605e-02      -1.1368e-03      -3.4440e-02
 1.5000e+00       3.1500e+00       2.6025e-01       1.1915e-02       4.0441e-02      -1.2554e-03      -3.6471e-02
 1.5000e+00       3.1500e+00       2.7402e-01       1.1164e-02       4.1970e-02      -1.3603e-03      -3.8168e-02
 1.5000e+00       3.1500e+00       2.8780e-01       1.0465e-02       4.3224e-02      -1.4520e-03      -3.9568e-02
 1.5000e+00       3.1500e+00       3.0157e-01       9.8156e-03       4.4231e-02      -1.5314e-03      -4.0703e-02
 1.5000e+00       3.1500e+00       3.1535e-01       9.2118e-03       4.5018e-02      -1.5993e-03      -4.1603e-02
 1.5000e+00       3.1500e+00       3.2912e-01       8.6504e-03       4.5608e-02      -1.6567e-03      -4.2294e-02
 1.5000e+00       3.1500e+00       3.4290e-01       8.1281e-03       4.6021e-02      -1.7044e-03      -4.2799e-02
 1.5000e+00       3.1500e+00       3.5667e-01       7.6423e-03       4.6278e-02      -1.7432e-03      -4.3139e-02
 1.5000e+00       3.1500e+00       3.7045e-01       7.1900e-03       4.6395e-02      -1.7740e-03      -4.3332e-02
 1.5000e+00       3.1500e+00       3.8422e-01       6.7689e-03       4.6388e-02      -1.7976e-03      -4.3396e-02
 1.5000e+00       3.1500e+00       3.9800e-01       6.3766e-03       4.6270e-02      -1.8145e-03      -4.3345e-02
 1.5000e+00       3.1500e+00       4.1177e-01       6.0110e-03       4.6055e-02      -1.8256e-03      -4.3192e-02
 1.5000e+00       3.1500e+00       4.2555e-01       5.6700e-03       4.5753e-02      -1.8313e-03      -4.2950e-02
 1.5000e+00       3.1500e+00       4.3932e-01       5.3519e-03       4.5375e-02      -1.8322e-03      -4.2630e-02
 1.5000e+00       3.1500e+00       4.5310e-01       5.0549e-03       4.4931e-02      -1.8289e-03      -4.2241e-02
 1.5000e+00       3.1500e+00       4.6687e-01       4.7775e-03       4.4428e-02      -1.8217e-03      -4.1792e-02
 1.5000e+00       3.1500e+00       4.8065e-01       4.5182e-03       4.3874e-02      -1.8111e-03      -4.1291e-02
 1.5000e+00       3.1500e+00       4.9442e-01       4.2757e-03       4.3276e-02      -1.7975e-03      -4.0745e-02
 1.5000e+00       3.1500e+00       5.0820e-01       4.0487e-03       4.2640e-02      -1.7812e-03      -4.0160e-02
 1.5000e+00       3.1500e+00       5.2197e-01       3.8362e-03       4.1972e-02      -1.7625e-03      -3.9542e-02
 1.5000e+00       3.1500e+00       5.3575e-01       3.6370e-03       4.1276e-02      -1.7417e-03      -3.8895e-02
 1.5000e+00       3.1500e+00       5.4952e-01       3.4502e-03       4.0558e-02      -1.7191e-03      -3.8226e-02
 1.5000e+00       3.1500e+00       5.6330e-01       3.2750e-03       3.9820e-02      -1.6948e-03      -3.7537e-02
 1.5000e+00       3.1500e+00       5.7707e-01       3.1104e-03       3.9067e-02      -1.6692e-03      -3.6832e-02
 1.5000e+00       3.1500e+00       5.9085e-01       2.9558e-03       3.8302e-02      -1.6424e-03      -3.6115e-02
 1.5000e+00       3.1500e+00       6.0462e-01       2.8104e-03       3.7529e-02      -1.6146e-03      -3.5388e-02
 1.5000e+00       3.1500e+00       6.1840e-01       2.6736e-03       3.6748e-02      -1.5858e-03      -3.4655e-02
 1.5000e+00       3.1500e+00       6.3217e-01       2.5447e-03       3.5964e-02      -1.5564e-03      -3.3918e-02
 1.5000e+00       3.1500e+00       6.4595e-01       2.4234e-03       3.5178e-02      -1.5264e-03      -3.3178e-02
 1.5000e+00       3.1500e+00       6.5972e-01       2.3089e-03       3.4392e-02      -1.4959e-03      -3.2438e-02
 1.5000e+00       3.1500e+00       6.7350e-01       2.2009e-03       3.3607e-02      -1.4651e-03      -3.1699e-02
 1.5000e+00       3.1500e+00       6.8727e-01       2.0990e-03       3.2826e-02      -1.4340e-03      -3.0963e-02
 1.5000e+00       3.1500e+00       7.0105e-01       2.0027e-03       3.2049e-02      -1.4027e-03      -3.0231e-02
 1.5000e+00       3.1500e+00       7.1482e-01       1.9116e-03       3.1279e-02      -1.3713e-03      -2.9504e-02
 1.5000e+00       3.1500e+00       7.2860e-01       1.8254e-03       3.0515e-02      -1.3399e-03      -2.8784e-02
 1.5000e+00       3.1500e+00       7.4237e-01       1.7438e-03       2.9758e-02      -1.3086e-03      -2.8071e-02
 1.5000e+00       3.1500e+00       7.5615e-01       1.6665e-03       2.9011e-02      -1.2773e-03      -2.7366e-02
 1.5000e+00       3.1500e+00       7.6992e-01       1.5933e-03       2.8272e-02      -1.2462e-03      -2.6670e-02
 1.5000e+00       3.1500e+00       7.8370e-01       1.5238e-03       2.7544e-02      -1.2153e-03      -2.5984e-02
 1.5000e+00       3.1500e+00       7.9747e-01       1.4578e-03       2.6826e-02      -1.1847e-03      -2.5307e-02
 1.5000e+00       3.1500e+00       8.1125e-01       1.3952e-03       2.6120e-02      -1.1543e-03      -2.4641e-02
 1.5000e+00       3.1500e+00       8.2502e-01       1.3356e-03       2.5424e-02      -1.1242e-03      -2.3985e-02
 1.5000e+00       3.1500e+00       8.3880e-01       1.2790e-03       2.4741e-02      -1.0945e-03      -2.3341e-02
 1.5000e+00       3.1500e+00       8.5257e-01       1.2251e-03       2.4069e-02      -1.0652e-03      -2.2708e-02
 1.5000e+00       3.1500e+00       8.6635e-01       1.1738e-03       2.3410e-02      -1.0362e-03      -2.2087e-02
 1.5000e+00       3.1500e+00       8.8012e-01       1.1250e-03       2.2763e-02      -1.0077e-03      -2.1478e-02
 1.5000e+00       3.1500e+00       8.9390e-01       1.0784e-03       2.2128e-02      -9.7960e-04      -2.0880e-02
 1.5000e+00       3.1500e+00       9.0767e-01       1.0340e-03       2.1507e-02      -9.5196e-04      -2.0294e-02
 1.5000e+00       3.1500e+00       9.2145e-01       9.9169e-04       2.0898e-02      -9.2479e-04      -1.9721e-02
 1.5000e+00       3.1500e+00       9.3522e-01       9.5127e-04       2.0302e-02      -8.9809e-04      -1.9160e-02
 1.5000e+00       3.1500e+00       9.4900e-01       9.1266e-04       1.9719e-02      -8.7188e-04      -1.8610e-02
 1.5000e+00       3.1500e+00       9.6277e-01       8.7578e-04       1.9148e-02      -8.4616e-04      -1.8073e-02
 1.5000e+00       3.1500e+00       9.7655e-01       8.4052e-04       1.8590e-02      -8.2095e-04      -1.7548e-02
 1.5000e+00       3.1500e+00       9.9032e-01       8.0681e-04       1.8045e-02      -7.9624e-04      -1.7035e-02
 1.5000e+00       3.1500e+00       1.0041e+00       7.7455e-04       1.7513e-02      -7.7204e-04      -1.6534e-02
 1.5000e+00       3.1500e+00       1.0179e+00       7.4369e-04       1.6993e-02      -7.4835e-04      -1.6045e-02
 1.5000e+00       3.1500e+00       1.0316e+00       7.1413e-04       1.6486e-02      -7.2517e-04      -1.5567e-02
 1.5000e+00       3.1500e+00       1.0454e+00       6.8583e-04       1.5990e-02      -7.0251e-04      -1.5101e-02
 1.5000e+00       3.1500e+00       1.0592e+00       6.5871e-04       1.5507e-02      -6.8037e-04      -1.4646e-02
 1.5000e+00       3.1500e+00       1.0730e+00       6.3272e-04       1.5036e-02      -6.5873e-04      -1.4203e-02
 1.5000e+00       3.1500e+00       1.0867e+00       6.0780e-04       1.4577e-02      -6.3760e-04      -1.3771e-02
 1.5000e+00       3.1500e+00       1.1005e+00       5.8391e-04       1.4129e-02      -6.1698e-04      -1.3350e-02
 1.5000e+00       3.1500e+00       1.1143e+00       5.6098e-04       1.3693e-02      -5.9686e-04      -1.2940e-02
 1.5000e+00       3.1500e+00       1.1281e+00       5.3899e-04       1.3269e-02      -5.7724e-04      -1.2540e-02
 1.5000e+00       3.1500e+00       1.1418e+00       5.1788e-04       1.2855e-02      -5.5812e-04      -1.2151e-02
 1.5000e+00       3.1500e+00       1.1556e+00       4.9761e-04       1.2453e-02      -5.3948e-04      -1.1773e-02
 1.5000e+00       3.1500e+00       1.1694e+00       4.7815e-04       1.2061e-02      -5.2133e-04      -1.1404e-02
 1.5000e+00       3.1500e+00       1.1832e+00       4.5945e-04       1.1680e-02      -5.0366e-04      -1.1046e-02
 1.5000e+00       3.1500e+00       1.1969e+00       4.4149e-04       1.1309e-02      -4.8645e-04      -1.0697e-02
 1.5000e+00       3.1500e+00       1.2107e+00       4.2424e-04       1.0948e-02      -4.6971e-04      -1.0358e-02
 1.5000e+00       3.1500e+00       1.2245e+00       4.0766e-04       1.0598e-02      -4.5343e-04      -1.0028e-02
 1.5000e+00       3.1500e+00       1.2383e+00       3.9172e-04       1.0257e-02      -4.3760e-04      -9.7076e-03
 1.5000e+00       3.1500e+00       1.2520e+00       3.7640e-04       9.9258e-03      -4.2221e-04      -9.3961e-03
 1.5000e+00       3.1500e+00       1.2658e+00       3.6167e-04       9.6041e-03      -4.0726e-04      -9.0934e-03
 1.5000e+00       3.1500e+00       1.2796e+00       3.4751e-04       9.2915e-03      -3.9274e-04      -8.7994e-03
 1.5000e+00       3.1500e+00       1.2934e+00       3.3389e-04       8.9880e-03      -3.7864e-04      -8.5139e-03
 1.5000e+00       3.1500e+00       1.3071e+00       3.2079e-04       8.6933e-03      -3.6495e-04      -8.2366e-03
 1.5000e+00       3.1500e+00       1.3209e+00       3.0820e-04       8.4072e-03      -3.5166e-04      -7.9675e-03
 1.5000e+00       3.1500e+00       1.3347e+00       2.9608e-04       8.1295e-03      -3.3878e-04      -7.7062e-03
 1.5000e+00       3.1500e+00       1.3485e+00       2.8442e-04       7.8600e-03      -3.2628e-04      -7.4527e-03
 1.5000e+00       3.1500e+00       1.3622e+00       2.7321e-04       7.5986e-03      -3.1416e-04      -7.2067e-03
 1.5000e+00       3.1500e+00       1.3760e+00       2.6242e-04       7.3451e-03      -3.0241e-04      -6.9681e-03
 1.5000e+00       3.1500e+00       1.3898e+00       2.5204e-04       7.0991e-03      -2.9103e-04      -6.7366e-03
 1.5000e+00       3.1500e+00       1.4036e+00       2.4206e-04       6.8607e-03      -2.8001e-04      -6.5122e-03
 1.5000e+00       3.1500e+00       1.4173e+00       2.3245e-04       6.6295e-03      -2.6934e-04      -6.2946e-03
 1.5000e+00       3.1500e+00       1.4311e+00       2.2321e-04       6.4055e-03      -2.5900e-04      -6.0837e-03
 1.5000e+00       3.1500e+00       1.4449e+00       2.1431e-04       6.1884e-03      -2.4900e-04      -5.8793e-03
 1.5000e+00       3.1500e+00       1.4587e+00       2.0576e-04       5.9780e-03      -2.3932e-04      -5.6812e-03
 1.5000e+00       3.1500e+00       1.4724e+00       1.9753e-04       5.7742e-03      -2.2996e-04      -5.4892e-03
 1.5000e+00       3.1500e+00       1.4862e+00       1.8961e-04       5.5768e-03      -2.2091e-04      -5.3033e-03
 1.5000e+00       3.1500e+00       1.5000e+00       1.8199e-04       5.3856e-03      -2.1216e-04      -5.1233e-03
