9.5000e+00       3.1500e+00       8.6635e-01       5.4043e-04       2.4990e-03       0.0000e+00       0.0000e+00
 9.5000e+00       3.1500e+00       8.7275e-01       5.2746e-04       2.4948e-03      -7.1482e-05       2.5584e-06
 9.5000e+00       3.1500e+00       8.7915e-01       5.1495e-04       2.4906e-03      -1.0182e-04       5.1016e-06
 9.5000e+00       3.1500e+00       8.8555e-01       5.0287e-04       2.4863e-03      -1.2556e-04       7.6270e-06
 9.5000e+00       3.1500e+00       8.9195e-01       4.9121e-04       2.4819e-03      -1.4591e-04       1.0132e-05
 9.5000e+00       3.1500e+00       8.9835e-01       4.7997e-04       2.4775e-03      -1.6411e-04       1.2614e-05
 9.5000e+00       3.1500e+00       9.0475e-01       4.6911e-04       2.4731e-03      -1.8077e-04       1.5071e-05
 9.5000e+00       3.1500e+00       9.1115e-01       4.5864e-04       2.4686e-03      -1.9627e-04       1.7501e-05
 9.5000e+00       3.1500e+00       9.1755e-01       4.4854e-04       2.4641e-03      -2.1084e-04       1.9902e-05
 9.5000e+00       3.1500e+00       9.2395e-01       4.3880e-04       2.4595e-03      -2.2464e-04       2.2271e-05
 9.5000e+00       3.1500e+00       9.3035e-01       4.2940e-04       2.4548e-03      -2.3778e-04       2.4608e-05
 9.5000e+00       3.1500e+00       9.3676e-01       4.2034e-04       2.4501e-03      -2.5034e-04       2.6910e-05
 9.5000e+00       3.1500e+00       9.4316e-01       4.1160e-04       2.4454e-03      -2.6239e-04       2.9177e-05
 9.5000e+00       3.1500e+00       9.4956e-01       4.0317e-04       2.4406e-03      -2.7399e-04       3.1407e-05
 9.5000e+00       3.1500e+00       9.5596e-01       3.9504e-04       2.4357e-03      -2.8517e-04       3.3598e-05
 9.5000e+00       3.1500e+00       9.6236e-01       3.8721e-04       2.4308e-03      -2.9597e-04       3.5750e-05
 9.5000e+00       3.1500e+00       9.6876e-01       3.7965e-04       2.4258e-03      -3.0641e-04       3.7861e-05
 9.5000e+00       3.1500e+00       9.7516e-01       3.7237e-04       2.4207e-03      -3.1652e-04       3.9930e-05
 9.5000e+00       3.1500e+00       9.8156e-01       3.6536e-04       2.4156e-03      -3.2631e-04       4.1958e-05
 9.5000e+00       3.1500e+00       9.8796e-01       3.5860e-04       2.4105e-03      -3.3581e-04       4.3942e-05
 9.5000e+00       3.1500e+00       9.9436e-01       3.5208e-04       2.4053e-03      -3.4502e-04       4.5882e-05
 9.5000e+00       3.1500e+00       1.0008e+00       3.4580e-04       2.4000e-03      -3.5396e-04       4.7778e-05
 9.5000e+00       3.1500e+00       1.0072e+00       3.3975e-04       2.3947e-03      -3.6265e-04       4.9629e-05
 9.5000e+00       3.1500e+00       1.0136e+00       3.3392e-04       2.3893e-03      -3.7108e-04       5.1434e-05
 9.5000e+00       3.1500e+00       1.0200e+00       3.2831e-04       2.3838e-03      -3.7927e-04       5.3194e-05
 9.5000e+00       3.1500e+00       1.0264e+00       3.2290e-04       2.3783e-03      -3.8723e-04       5.4907e-05
 9.5000e+00       3.1500e+00       1.0328e+00       3.1769e-04       2.3727e-03      -3.9497e-04       5.6574e-05
 9.5000e+00       3.1500e+00       1.0392e+00       3.1267e-04       2.3671e-03      -4.0248e-04       5.8195e-05
 9.5000e+00       3.1500e+00       1.0456e+00       3.0784e-04       2.3614e-03      -4.0978e-04       5.9768e-05
 9.5000e+00       3.1500e+00       1.0520e+00       3.0319e-04       2.3557e-03      -4.1688e-04       6.1295e-05
 9.5000e+00       3.1500e+00       1.0584e+00       2.9871e-04       2.3499e-03      -4.2377e-04       6.2775e-05
 9.5000e+00       3.1500e+00       1.0648e+00       2.9440e-04       2.3440e-03      -4.3046e-04       6.4208e-05
 9.5000e+00       3.1500e+00       1.0712e+00       2.9025e-04       2.3381e-03      -4.3696e-04       6.5594e-05
 9.5000e+00       3.1500e+00       1.0776e+00       2.8626e-04       2.3321e-03      -4.4327e-04       6.6933e-05
 9.5000e+00       3.1500e+00       1.0840e+00       2.8241e-04       2.3261e-03      -4.4940e-04       6.8226e-05
 9.5000e+00       3.1500e+00       1.0904e+00       2.7871e-04       2.3200e-03      -4.5535e-04       6.9472e-05
 9.5000e+00       3.1500e+00       1.0968e+00       2.7515e-04       2.3138e-03      -4.6112e-04       7.0672e-05
 9.5000e+00       3.1500e+00       1.1032e+00       2.7172e-04       2.3076e-03      -4.6671e-04       7.1825e-05
 9.5000e+00       3.1500e+00       1.1096e+00       2.6843e-04       2.3013e-03      -4.7214e-04       7.2933e-05
 9.5000e+00       3.1500e+00       1.1160e+00       2.6525e-04       2.2950e-03      -4.7740e-04       7.3996e-05
 9.5000e+00       3.1500e+00       1.1224e+00       2.6220e-04       2.2886e-03      -4.8249e-04       7.5014e-05
 9.5000e+00       3.1500e+00       1.1288e+00       2.5926e-04       2.2822e-03      -4.8743e-04       7.5986e-05
 9.5000e+00       3.1500e+00       1.1352e+00       2.5644e-04       2.2757e-03      -4.9220e-04       7.6915e-05
 9.5000e+00       3.1500e+00       1.1416e+00       2.5372e-04       2.2692e-03      -4.9682e-04       7.7799e-05
 9.5000e+00       3.1500e+00       1.1480e+00       2.5111e-04       2.2626e-03      -5.0129e-04       7.8640e-05
 9.5000e+00       3.1500e+00       1.1544e+00       2.4859e-04       2.2559e-03      -5.0561e-04       7.9438e-05
 9.5000e+00       3.1500e+00       1.1608e+00       2.4617e-04       2.2492e-03      -5.0978e-04       8.0194e-05
 9.5000e+00       3.1500e+00       1.1672e+00       2.4384e-04       2.2425e-03      -5.1381e-04       8.0907e-05
 9.5000e+00       3.1500e+00       1.1736e+00       2.4160e-04       2.2357e-03      -5.1769e-04       8.1578e-05
 9.5000e+00       3.1500e+00       1.1800e+00       2.3945e-04       2.2288e-03      -5.2144e-04       8.2209e-05
 9.5000e+00       3.1500e+00       1.1864e+00       2.3737e-04       2.2219e-03      -5.2504e-04       8.2799e-05
 9.5000e+00       3.1500e+00       1.1928e+00       2.3538e-04       2.2150e-03      -5.2852e-04       8.3350e-05
 9.5000e+00       3.1500e+00       1.1992e+00       2.3346e-04       2.2080e-03      -5.3186e-04       8.3860e-05
 9.5000e+00       3.1500e+00       1.2056e+00       2.3161e-04       2.2010e-03      -5.3507e-04       8.4332e-05
 9.5000e+00       3.1500e+00       1.2120e+00       2.2984e-04       2.1939e-03      -5.3815e-04       8.4766e-05
 9.5000e+00       3.1500e+00       1.2184e+00       2.2813e-04       2.1867e-03      -5.4111e-04       8.5163e-05
 9.5000e+00       3.1500e+00       1.2248e+00       2.2648e-04       2.1796e-03      -5.4394e-04       8.5522e-05
 9.5000e+00       3.1500e+00       1.2312e+00       2.2489e-04       2.1723e-03      -5.4665e-04       8.5845e-05
 9.5000e+00       3.1500e+00       1.2376e+00       2.2337e-04       2.1651e-03      -5.4924e-04       8.6132e-05
 9.5000e+00       3.1500e+00       1.2440e+00       2.2190e-04       2.1578e-03      -5.5171e-04       8.6384e-05
 9.5000e+00       3.1500e+00       1.2504e+00       2.2048e-04       2.1504e-03      -5.5407e-04       8.6601e-05
 9.5000e+00       3.1500e+00       1.2568e+00       2.1912e-04       2.1430e-03      -5.5631e-04       8.6785e-05
 9.5000e+00       3.1500e+00       1.2632e+00       2.1781e-04       2.1356e-03      -5.5845e-04       8.6936e-05
 9.5000e+00       3.1500e+00       1.2696e+00       2.1654e-04       2.1281e-03      -5.6047e-04       8.7054e-05
 9.5000e+00       3.1500e+00       1.2760e+00       2.1532e-04       2.1206e-03      -5.6239e-04       8.7140e-05
 9.5000e+00       3.1500e+00       1.2824e+00       2.1414e-04       2.1130e-03      -5.6420e-04       8.7194e-05
 9.5000e+00       3.1500e+00       1.2888e+00       2.1301e-04       2.1054e-03      -5.6590e-04       8.7218e-05
 9.5000e+00       3.1500e+00       1.2952e+00       2.1191e-04       2.0978e-03      -5.6751e-04       8.7213e-05
 9.5000e+00       3.1500e+00       1.3016e+00       2.1085e-04       2.0901e-03      -5.6901e-04       8.7177e-05
 9.5000e+00       3.1500e+00       1.3080e+00       2.0983e-04       2.0824e-03      -5.7041e-04       8.7114e-05
 9.5000e+00       3.1500e+00       1.3144e+00       2.0884e-04       2.0747e-03      -5.7172e-04       8.7022e-05
 9.5000e+00       3.1500e+00       1.3208e+00       2.0789e-04       2.0669e-03      -5.7294e-04       8.6902e-05
 9.5000e+00       3.1500e+00       1.3272e+00       2.0696e-04       2.0591e-03      -5.7406e-04       8.6757e-05
 9.5000e+00       3.1500e+00       1.3336e+00       2.0607e-04       2.0513e-03      -5.7508e-04       8.6585e-05
 9.5000e+00       3.1500e+00       1.3400e+00       2.0520e-04       2.0434e-03      -5.7602e-04       8.6387e-05
 9.5000e+00       3.1500e+00       1.3464e+00       2.0437e-04       2.0355e-03      -5.7687e-04       8.6165e-05
 9.5000e+00       3.1500e+00       1.3528e+00       2.0355e-04       2.0276e-03      -5.7764e-04       8.5918e-05
 9.5000e+00       3.1500e+00       1.3592e+00       2.0276e-04       2.0196e-03      -5.7831e-04       8.5648e-05
 9.5000e+00       3.1500e+00       1.3656e+00       2.0200e-04       2.0117e-03      -5.7891e-04       8.5356e-05
 9.5000e+00       3.1500e+00       1.3720e+00       2.0125e-04       2.0036e-03      -5.7942e-04       8.5040e-05
 9.5000e+00       3.1500e+00       1.3784e+00       2.0053e-04       1.9956e-03      -5.7986e-04       8.4704e-05
 9.5000e+00       3.1500e+00       1.3848e+00       1.9983e-04       1.9875e-03      -5.8021e-04       8.4346e-05
 9.5000e+00       3.1500e+00       1.3912e+00       1.9914e-04       1.9795e-03      -5.8049e-04       8.3967e-05
 9.5000e+00       3.1500e+00       1.3976e+00       1.9847e-04       1.9713e-03      -5.8069e-04       8.3569e-05
 9.5000e+00       3.1500e+00       1.4040e+00       1.9782e-04       1.9632e-03      -5.8082e-04       8.3152e-05
 9.5000e+00       3.1500e+00       1.4104e+00       1.9718e-04       1.9550e-03      -5.8087e-04       8.2716e-05
 9.5000e+00       3.1500e+00       1.4168e+00       1.9656e-04       1.9469e-03      -5.8085e-04       8.2262e-05
 9.5000e+00       3.1500e+00       1.4232e+00       1.9595e-04       1.9387e-03      -5.8077e-04       8.1790e-05
 9.5000e+00       3.1500e+00       1.4296e+00       1.9536e-04       1.9304e-03      -5.8061e-04       8.1302e-05
 9.5000e+00       3.1500e+00       1.4360e+00       1.9477e-04       1.9222e-03      -5.8039e-04       8.0797e-05
 9.5000e+00       3.1500e+00       1.4424e+00       1.9420e-04       1.9139e-03      -5.8010e-04       8.0276e-05
 9.5000e+00       3.1500e+00       1.4488e+00       1.9364e-04       1.9057e-03      -5.7975e-04       7.9740e-05
 9.5000e+00       3.1500e+00       1.4552e+00       1.9308e-04       1.8974e-03      -5.7934e-04       7.9190e-05
 9.5000e+00       3.1500e+00       1.4616e+00       1.9254e-04       1.8891e-03      -5.7886e-04       7.8625e-05
 9.5000e+00       3.1500e+00       1.4680e+00       1.9200e-04       1.8807e-03      -5.7832e-04       7.8046e-05
 9.5000e+00       3.1500e+00       1.4744e+00       1.9147e-04       1.8724e-03      -5.7772e-04       7.7455e-05
 9.5000e+00       3.1500e+00       1.4808e+00       1.9095e-04       1.8640e-03      -5.7707e-04       7.6851e-05
 9.5000e+00       3.1500e+00       1.4872e+00       1.9043e-04       1.8557e-03      -5.7636e-04       7.6234e-05
 9.5000e+00       3.1500e+00       1.4936e+00       1.8992e-04       1.8473e-03      -5.7559e-04       7.5607e-05
 9.5000e+00       3.1500e+00       1.5000e+00       1.8942e-04       1.8389e-03      -5.7477e-04       7.4968e-05
