1.0000e-01       3.1500e+00       2.3673e-02       7.8570e-03       5.2869e-02       0.0000e+00       0.0000e+00
 1.0000e-01       3.1500e+00       3.8585e-02       7.5143e-03       8.3577e-02       1.4727e-03      -4.0377e-02
 1.0000e-01       3.1500e+00       5.3498e-02       7.1296e-03       1.1011e-01       1.3656e-03      -7.4411e-02
 1.0000e-01       3.1500e+00       6.8410e-02       6.7262e-03       1.3286e-01       1.0006e-03      -1.0303e-01
 1.0000e-01       3.1500e+00       8.3323e-02       6.3200e-03       1.5222e-01       5.6140e-04      -1.2701e-01
 1.0000e-01       3.1500e+00       9.8235e-02       5.9210e-03       1.6855e-01       1.1984e-04      -1.4699e-01
 1.0000e-01       3.1500e+00       1.1315e-01       5.5356e-03       1.8219e-01      -2.9272e-04      -1.6353e-01
 1.0000e-01       3.1500e+00       1.2806e-01       5.1679e-03       1.9344e-01      -6.6316e-04      -1.7711e-01
 1.0000e-01       3.1500e+00       1.4297e-01       4.8199e-03       2.0258e-01      -9.8739e-04      -1.8811e-01
 1.0000e-01       3.1500e+00       1.5788e-01       4.4927e-03       2.0986e-01      -1.2659e-03      -1.9689e-01
 1.0000e-01       3.1500e+00       1.7280e-01       4.1864e-03       2.1550e-01      -1.5014e-03      -2.0375e-01
 1.0000e-01       3.1500e+00       1.8771e-01       3.9007e-03       2.1970e-01      -1.6978e-03      -2.0895e-01
 1.0000e-01       3.1500e+00       2.0262e-01       3.6349e-03       2.2264e-01      -1.8591e-03      -2.1271e-01
 1.0000e-01       3.1500e+00       2.1753e-01       3.3881e-03       2.2448e-01      -1.9893e-03      -2.1522e-01
 1.0000e-01       3.1500e+00       2.3245e-01       3.1593e-03       2.2535e-01      -2.0925e-03      -2.1665e-01
 1.0000e-01       3.1500e+00       2.4736e-01       2.9472e-03       2.2539e-01      -2.1720e-03      -2.1716e-01
 1.0000e-01       3.1500e+00       2.6227e-01       2.7510e-03       2.2471e-01      -2.2312e-03      -2.1686e-01
 1.0000e-01       3.1500e+00       2.7718e-01       2.5693e-03       2.2339e-01      -2.2728e-03      -2.1588e-01
 1.0000e-01       3.1500e+00       2.9210e-01       2.4013e-03       2.2154e-01      -2.2993e-03      -2.1432e-01
 1.0000e-01       3.1500e+00       3.0701e-01       2.2458e-03       2.1922e-01      -2.3131e-03      -2.1225e-01
 1.0000e-01       3.1500e+00       3.2192e-01       2.1020e-03       2.1651e-01      -2.3159e-03      -2.0975e-01
 1.0000e-01       3.1500e+00       3.3683e-01       1.9688e-03       2.1346e-01      -2.3095e-03      -2.0690e-01
 1.0000e-01       3.1500e+00       3.5175e-01       1.8456e-03       2.1013e-01      -2.2952e-03      -2.0374e-01
 1.0000e-01       3.1500e+00       3.6666e-01       1.7314e-03       2.0656e-01      -2.2744e-03      -2.0033e-01
 1.0000e-01       3.1500e+00       3.8157e-01       1.6256e-03       2.0281e-01      -2.2482e-03      -1.9672e-01
 1.0000e-01       3.1500e+00       3.9648e-01       1.5275e-03       1.9889e-01      -2.2174e-03      -1.9293e-01
 1.0000e-01       3.1500e+00       4.1140e-01       1.4365e-03       1.9484e-01      -2.1828e-03      -1.8901e-01
 1.0000e-01       3.1500e+00       4.2631e-01       1.3520e-03       1.9070e-01      -2.1453e-03      -1.8499e-01
 1.0000e-01       3.1500e+00       4.4122e-01       1.2735e-03       1.8649e-01      -2.1052e-03      -1.8090e-01
 1.0000e-01       3.1500e+00       4.5613e-01       1.2005e-03       1.8223e-01      -2.0633e-03      -1.7674e-01
 1.0000e-01       3.1500e+00       4.7104e-01       1.1326e-03       1.7793e-01      -2.0198e-03      -1.7255e-01
 1.0000e-01       3.1500e+00       4.8596e-01       1.0694e-03       1.7362e-01      -1.9752e-03      -1.6835e-01
 1.0000e-01       3.1500e+00       5.0087e-01       1.0104e-03       1.6931e-01      -1.9298e-03      -1.6414e-01
 1.0000e-01       3.1500e+00       5.1578e-01       9.5544e-04       1.6501e-01      -1.8839e-03      -1.5994e-01
 1.0000e-01       3.1500e+00       5.3069e-01       9.0411e-04       1.6073e-01      -1.8376e-03      -1.5576e-01
 1.0000e-01       3.1500e+00       5.4561e-01       8.5616e-04       1.5649e-01      -1.7913e-03      -1.5162e-01
 1.0000e-01       3.1500e+00       5.6052e-01       8.1130e-04       1.5229e-01      -1.7451e-03      -1.4751e-01
 1.0000e-01       3.1500e+00       5.7543e-01       7.6932e-04       1.4814e-01      -1.6990e-03      -1.4345e-01
 1.0000e-01       3.1500e+00       5.9034e-01       7.2999e-04       1.4404e-01      -1.6533e-03      -1.3945e-01
 1.0000e-01       3.1500e+00       6.0526e-01       6.9311e-04       1.4000e-01      -1.6080e-03      -1.3550e-01
 1.0000e-01       3.1500e+00       6.2017e-01       6.5850e-04       1.3602e-01      -1.5633e-03      -1.3162e-01
 1.0000e-01       3.1500e+00       6.3508e-01       6.2598e-04       1.3211e-01      -1.5191e-03      -1.2781e-01
 1.0000e-01       3.1500e+00       6.4999e-01       5.9541e-04       1.2827e-01      -1.4756e-03      -1.2406e-01
 1.0000e-01       3.1500e+00       6.6491e-01       5.6664e-04       1.2450e-01      -1.4328e-03      -1.2038e-01
 1.0000e-01       3.1500e+00       6.7982e-01       5.3954e-04       1.2081e-01      -1.3907e-03      -1.1678e-01
 1.0000e-01       3.1500e+00       6.9473e-01       5.1400e-04       1.1720e-01      -1.3494e-03      -1.1326e-01
 1.0000e-01       3.1500e+00       7.0964e-01       4.8990e-04       1.1366e-01      -1.3089e-03      -1.0981e-01
 1.0000e-01       3.1500e+00       7.2456e-01       4.6714e-04       1.1020e-01      -1.2692e-03      -1.0644e-01
 1.0000e-01       3.1500e+00       7.3947e-01       4.4563e-04       1.0681e-01      -1.2304e-03      -1.0314e-01
 1.0000e-01       3.1500e+00       7.5438e-01       4.2529e-04       1.0351e-01      -1.1923e-03      -9.9926e-02
 1.0000e-01       3.1500e+00       7.6929e-01       4.0604e-04       1.0029e-01      -1.1551e-03      -9.6788e-02
 1.0000e-01       3.1500e+00       7.8421e-01       3.8779e-04       9.7140e-02      -1.1188e-03      -9.3727e-02
 1.0000e-01       3.1500e+00       7.9912e-01       3.7050e-04       9.4071e-02      -1.0833e-03      -9.0743e-02
 1.0000e-01       3.1500e+00       8.1403e-01       3.5410e-04       9.1080e-02      -1.0487e-03      -8.7836e-02
 1.0000e-01       3.1500e+00       8.2894e-01       3.3852e-04       8.8166e-02      -1.0148e-03      -8.5004e-02
 1.0000e-01       3.1500e+00       8.4385e-01       3.2373e-04       8.5328e-02      -9.8187e-04      -8.2247e-02
 1.0000e-01       3.1500e+00       8.5877e-01       3.0966e-04       8.2565e-02      -9.4972e-04      -7.9565e-02
 1.0000e-01       3.1500e+00       8.7368e-01       2.9628e-04       7.9876e-02      -9.1838e-04      -7.6955e-02
 1.0000e-01       3.1500e+00       8.8859e-01       2.8354e-04       7.7260e-02      -8.8785e-04      -7.4417e-02
 1.0000e-01       3.1500e+00       9.0350e-01       2.7141e-04       7.4716e-02      -8.5811e-04      -7.1950e-02
 1.0000e-01       3.1500e+00       9.1842e-01       2.5984e-04       7.2243e-02      -8.2916e-04      -6.9553e-02
 1.0000e-01       3.1500e+00       9.3333e-01       2.4882e-04       6.9839e-02      -8.0099e-04      -6.7223e-02
 1.0000e-01       3.1500e+00       9.4824e-01       2.3830e-04       6.7504e-02      -7.7358e-04      -6.4961e-02
 1.0000e-01       3.1500e+00       9.6315e-01       2.2826e-04       6.5235e-02      -7.4691e-04      -6.2765e-02
 1.0000e-01       3.1500e+00       9.7807e-01       2.1868e-04       6.3032e-02      -7.2099e-04      -6.0632e-02
 1.0000e-01       3.1500e+00       9.9298e-01       2.0952e-04       6.0894e-02      -6.9578e-04      -5.8563e-02
 1.0000e-01       3.1500e+00       1.0079e+00       2.0076e-04       5.8818e-02      -6.7129e-04      -5.6556e-02
 1.0000e-01       3.1500e+00       1.0228e+00       1.9239e-04       5.6804e-02      -6.4749e-04      -5.4609e-02
 1.0000e-01       3.1500e+00       1.0377e+00       1.8439e-04       5.4851e-02      -6.2437e-04      -5.2721e-02
 1.0000e-01       3.1500e+00       1.0526e+00       1.7673e-04       5.2956e-02      -6.0193e-04      -5.0890e-02
 1.0000e-01       3.1500e+00       1.0675e+00       1.6939e-04       5.1119e-02      -5.8014e-04      -4.9116e-02
 1.0000e-01       3.1500e+00       1.0825e+00       1.6237e-04       4.9338e-02      -5.5899e-04      -4.7397e-02
 1.0000e-01       3.1500e+00       1.0974e+00       1.5565e-04       4.7612e-02      -5.3847e-04      -4.5731e-02
 1.0000e-01       3.1500e+00       1.1123e+00       1.4920e-04       4.5939e-02      -5.1856e-04      -4.4118e-02
 1.0000e-01       3.1500e+00       1.1272e+00       1.4303e-04       4.4319e-02      -4.9926e-04      -4.2555e-02
 1.0000e-01       3.1500e+00       1.1421e+00       1.3711e-04       4.2750e-02      -4.8055e-04      -4.1042e-02
 1.0000e-01       3.1500e+00       1.1570e+00       1.3144e-04       4.1230e-02      -4.6241e-04      -3.9578e-02
 1.0000e-01       3.1500e+00       1.1719e+00       1.2600e-04       3.9759e-02      -4.4483e-04      -3.8160e-02
 1.0000e-01       3.1500e+00       1.1868e+00       1.2078e-04       3.8335e-02      -4.2780e-04      -3.6789e-02
 1.0000e-01       3.1500e+00       1.2018e+00       1.1578e-04       3.6957e-02      -4.1131e-04      -3.5462e-02
 1.0000e-01       3.1500e+00       1.2167e+00       1.1098e-04       3.5623e-02      -3.9534e-04      -3.4179e-02
 1.0000e-01       3.1500e+00       1.2316e+00       1.0637e-04       3.4333e-02      -3.7988e-04      -3.2937e-02
 1.0000e-01       3.1500e+00       1.2465e+00       1.0196e-04       3.3085e-02      -3.6492e-04      -3.1737e-02
 1.0000e-01       3.1500e+00       1.2614e+00       9.7715e-05       3.1878e-02      -3.5045e-04      -3.0577e-02
 1.0000e-01       3.1500e+00       1.2763e+00       9.3645e-05       3.0712e-02      -3.3645e-04      -2.9456e-02
 1.0000e-01       3.1500e+00       1.2912e+00       8.9740e-05       2.9584e-02      -3.2292e-04      -2.8372e-02
 1.0000e-01       3.1500e+00       1.3061e+00       8.5991e-05       2.8494e-02      -3.0983e-04      -2.7325e-02
 1.0000e-01       3.1500e+00       1.3211e+00       8.2393e-05       2.7441e-02      -2.9719e-04      -2.6313e-02
 1.0000e-01       3.1500e+00       1.3360e+00       7.8939e-05       2.6423e-02      -2.8497e-04      -2.5336e-02
 1.0000e-01       3.1500e+00       1.3509e+00       7.5624e-05       2.5440e-02      -2.7317e-04      -2.4393e-02
 1.0000e-01       3.1500e+00       1.3658e+00       7.2443e-05       2.4491e-02      -2.6177e-04      -2.3482e-02
 1.0000e-01       3.1500e+00       1.3807e+00       6.9389e-05       2.3574e-02      -2.5077e-04      -2.2603e-02
 1.0000e-01       3.1500e+00       1.3956e+00       6.6457e-05       2.2689e-02      -2.4015e-04      -2.1754e-02
 1.0000e-01       3.1500e+00       1.4105e+00       6.3644e-05       2.1835e-02      -2.2991e-04      -2.0935e-02
 1.0000e-01       3.1500e+00       1.4254e+00       6.0944e-05       2.1010e-02      -2.2003e-04      -2.0145e-02
 1.0000e-01       3.1500e+00       1.4404e+00       5.8352e-05       2.0214e-02      -2.1051e-04      -1.9382e-02
 1.0000e-01       3.1500e+00       1.4553e+00       5.5866e-05       1.9447e-02      -2.0132e-04      -1.8647e-02
 1.0000e-01       3.1500e+00       1.4702e+00       5.3480e-05       1.8706e-02      -1.9248e-04      -1.7938e-02
 1.0000e-01       3.1500e+00       1.4851e+00       5.1190e-05       1.7992e-02      -1.8395e-04      -1.7254e-02
 1.0000e-01       3.1500e+00       1.5000e+00       4.8994e-05       1.7304e-02      -1.7574e-04      -1.6595e-02
