8.5000e+00       3.1500e+00       9.2830e-01       2.8120e-04       5.7420e-04       0.0000e+00       0.0000e+00
 8.5000e+00       3.1500e+00       9.3407e-01       2.7568e-04       5.8050e-04      -1.6395e-05      -1.4919e-05
 8.5000e+00       3.1500e+00       9.3985e-01       2.7029e-04       5.8635e-04      -2.2858e-05      -2.9276e-05
 8.5000e+00       3.1500e+00       9.4562e-01       2.6501e-04       5.9175e-04      -2.7596e-05      -4.3087e-05
 8.5000e+00       3.1500e+00       9.5140e-01       2.5986e-04       5.9671e-04      -3.1409e-05      -5.6368e-05
 8.5000e+00       3.1500e+00       9.5717e-01       2.5482e-04       6.0126e-04      -3.4611e-05      -6.9135e-05
 8.5000e+00       3.1500e+00       9.6295e-01       2.4990e-04       6.0541e-04      -3.7365e-05      -8.1403e-05
 8.5000e+00       3.1500e+00       9.6872e-01       2.4508e-04       6.0917e-04      -3.9772e-05      -9.3187e-05
 8.5000e+00       3.1500e+00       9.7450e-01       2.4037e-04       6.1256e-04      -4.1897e-05      -1.0450e-04
 8.5000e+00       3.1500e+00       9.8027e-01       2.3577e-04       6.1559e-04      -4.3786e-05      -1.1536e-04
 8.5000e+00       3.1500e+00       9.8605e-01       2.3127e-04       6.1828e-04      -4.5473e-05      -1.2578e-04
 8.5000e+00       3.1500e+00       9.9182e-01       2.2686e-04       6.2063e-04      -4.6986e-05      -1.3577e-04
 8.5000e+00       3.1500e+00       9.9760e-01       2.2255e-04       6.2266e-04      -4.8344e-05      -1.4534e-04
 8.5000e+00       3.1500e+00       1.0034e+00       2.1834e-04       6.2438e-04      -4.9565e-05      -1.5451e-04
 8.5000e+00       3.1500e+00       1.0091e+00       2.1422e-04       6.2580e-04      -5.0664e-05      -1.6329e-04
 8.5000e+00       3.1500e+00       1.0149e+00       2.1018e-04       6.2693e-04      -5.1651e-05      -1.7168e-04
 8.5000e+00       3.1500e+00       1.0207e+00       2.0624e-04       6.2779e-04      -5.2536e-05      -1.7971e-04
 8.5000e+00       3.1500e+00       1.0265e+00       2.0237e-04       6.2839e-04      -5.3329e-05      -1.8739e-04
 8.5000e+00       3.1500e+00       1.0322e+00       1.9860e-04       6.2872e-04      -5.4036e-05      -1.9471e-04
 8.5000e+00       3.1500e+00       1.0380e+00       1.9490e-04       6.2881e-04      -5.4665e-05      -2.0170e-04
 8.5000e+00       3.1500e+00       1.0438e+00       1.9128e-04       6.2867e-04      -5.5221e-05      -2.0837e-04
 8.5000e+00       3.1500e+00       1.0496e+00       1.8773e-04       6.2830e-04      -5.5709e-05      -2.1472e-04
 8.5000e+00       3.1500e+00       1.0553e+00       1.8426e-04       6.2771e-04      -5.6135e-05      -2.2077e-04
 8.5000e+00       3.1500e+00       1.0611e+00       1.8087e-04       6.2691e-04      -5.6502e-05      -2.2651e-04
 8.5000e+00       3.1500e+00       1.0669e+00       1.7754e-04       6.2591e-04      -5.6814e-05      -2.3198e-04
 8.5000e+00       3.1500e+00       1.0727e+00       1.7429e-04       6.2472e-04      -5.7075e-05      -2.3716e-04
 8.5000e+00       3.1500e+00       1.0784e+00       1.7110e-04       6.2335e-04      -5.7287e-05      -2.4207e-04
 8.5000e+00       3.1500e+00       1.0842e+00       1.6798e-04       6.2179e-04      -5.7455e-05      -2.4672e-04
 8.5000e+00       3.1500e+00       1.0900e+00       1.6492e-04       6.2007e-04      -5.7580e-05      -2.5112e-04
 8.5000e+00       3.1500e+00       1.0958e+00       1.6192e-04       6.1819e-04      -5.7665e-05      -2.5528e-04
 8.5000e+00       3.1500e+00       1.1015e+00       1.5899e-04       6.1615e-04      -5.7713e-05      -2.5920e-04
 8.5000e+00       3.1500e+00       1.1073e+00       1.5612e-04       6.1396e-04      -5.7726e-05      -2.6288e-04
 8.5000e+00       3.1500e+00       1.1131e+00       1.5330e-04       6.1163e-04      -5.7705e-05      -2.6635e-04
 8.5000e+00       3.1500e+00       1.1189e+00       1.5054e-04       6.0916e-04      -5.7652e-05      -2.6960e-04
 8.5000e+00       3.1500e+00       1.1246e+00       1.4784e-04       6.0657e-04      -5.7570e-05      -2.7264e-04
 8.5000e+00       3.1500e+00       1.1304e+00       1.4519e-04       6.0385e-04      -5.7461e-05      -2.7548e-04
 8.5000e+00       3.1500e+00       1.1362e+00       1.4260e-04       6.0101e-04      -5.7325e-05      -2.7812e-04
 8.5000e+00       3.1500e+00       1.1420e+00       1.4005e-04       5.9806e-04      -5.7163e-05      -2.8057e-04
 8.5000e+00       3.1500e+00       1.1477e+00       1.3756e-04       5.9501e-04      -5.6979e-05      -2.8284e-04
 8.5000e+00       3.1500e+00       1.1535e+00       1.3512e-04       5.9185e-04      -5.6772e-05      -2.8494e-04
 8.5000e+00       3.1500e+00       1.1593e+00       1.3272e-04       5.8860e-04      -5.6545e-05      -2.8686e-04
 8.5000e+00       3.1500e+00       1.1651e+00       1.3037e-04       5.8525e-04      -5.6298e-05      -2.8862e-04
 8.5000e+00       3.1500e+00       1.1708e+00       1.2807e-04       5.8182e-04      -5.6032e-05      -2.9022e-04
 8.5000e+00       3.1500e+00       1.1766e+00       1.2582e-04       5.7830e-04      -5.5749e-05      -2.9167e-04
 8.5000e+00       3.1500e+00       1.1824e+00       1.2360e-04       5.7471e-04      -5.5449e-05      -2.9296e-04
 8.5000e+00       3.1500e+00       1.1882e+00       1.2143e-04       5.7105e-04      -5.5134e-05      -2.9411e-04
 8.5000e+00       3.1500e+00       1.1939e+00       1.1931e-04       5.6731e-04      -5.4805e-05      -2.9512e-04
 8.5000e+00       3.1500e+00       1.1997e+00       1.1722e-04       5.6351e-04      -5.4461e-05      -2.9600e-04
 8.5000e+00       3.1500e+00       1.2055e+00       1.1517e-04       5.5965e-04      -5.4105e-05      -2.9675e-04
 8.5000e+00       3.1500e+00       1.2113e+00       1.1316e-04       5.5573e-04      -5.3737e-05      -2.9737e-04
 8.5000e+00       3.1500e+00       1.2170e+00       1.1120e-04       5.5175e-04      -5.3357e-05      -2.9787e-04
 8.5000e+00       3.1500e+00       1.2228e+00       1.0926e-04       5.4773e-04      -5.2967e-05      -2.9826e-04
 8.5000e+00       3.1500e+00       1.2286e+00       1.0737e-04       5.4366e-04      -5.2567e-05      -2.9853e-04
 8.5000e+00       3.1500e+00       1.2344e+00       1.0551e-04       5.3954e-04      -5.2158e-05      -2.9869e-04
 8.5000e+00       3.1500e+00       1.2401e+00       1.0369e-04       5.3538e-04      -5.1740e-05      -2.9875e-04
 8.5000e+00       3.1500e+00       1.2459e+00       1.0190e-04       5.3119e-04      -5.1314e-05      -2.9871e-04
 8.5000e+00       3.1500e+00       1.2517e+00       1.0014e-04       5.2696e-04      -5.0881e-05      -2.9857e-04
 8.5000e+00       3.1500e+00       1.2575e+00       9.8419e-05       5.2270e-04      -5.0441e-05      -2.9834e-04
 8.5000e+00       3.1500e+00       1.2632e+00       9.6729e-05       5.1841e-04      -4.9995e-05      -2.9801e-04
 8.5000e+00       3.1500e+00       1.2690e+00       9.5069e-05       5.1410e-04      -4.9542e-05      -2.9761e-04
 8.5000e+00       3.1500e+00       1.2748e+00       9.3441e-05       5.0976e-04      -4.9085e-05      -2.9711e-04
 8.5000e+00       3.1500e+00       1.2806e+00       9.1842e-05       5.0540e-04      -4.8622e-05      -2.9654e-04
 8.5000e+00       3.1500e+00       1.2863e+00       9.0273e-05       5.0102e-04      -4.8155e-05      -2.9589e-04
 8.5000e+00       3.1500e+00       1.2921e+00       8.8733e-05       4.9662e-04      -4.7685e-05      -2.9517e-04
 8.5000e+00       3.1500e+00       1.2979e+00       8.7221e-05       4.9221e-04      -4.7210e-05      -2.9438e-04
 8.5000e+00       3.1500e+00       1.3037e+00       8.5736e-05       4.8779e-04      -4.6732e-05      -2.9351e-04
 8.5000e+00       3.1500e+00       1.3094e+00       8.4279e-05       4.8336e-04      -4.6252e-05      -2.9259e-04
 8.5000e+00       3.1500e+00       1.3152e+00       8.2848e-05       4.7892e-04      -4.5769e-05      -2.9160e-04
 8.5000e+00       3.1500e+00       1.3210e+00       8.1443e-05       4.7447e-04      -4.5284e-05      -2.9055e-04
 8.5000e+00       3.1500e+00       1.3268e+00       8.0064e-05       4.7002e-04      -4.4797e-05      -2.8944e-04
 8.5000e+00       3.1500e+00       1.3325e+00       7.8709e-05       4.6556e-04      -4.4308e-05      -2.8828e-04
 8.5000e+00       3.1500e+00       1.3383e+00       7.7379e-05       4.6111e-04      -4.3818e-05      -2.8706e-04
 8.5000e+00       3.1500e+00       1.3441e+00       7.6073e-05       4.5666e-04      -4.3328e-05      -2.8580e-04
 8.5000e+00       3.1500e+00       1.3499e+00       7.4789e-05       4.5221e-04      -4.2837e-05      -2.8448e-04
 8.5000e+00       3.1500e+00       1.3556e+00       7.3529e-05       4.4776e-04      -4.2345e-05      -2.8312e-04
 8.5000e+00       3.1500e+00       1.3614e+00       7.2292e-05       4.4332e-04      -4.1853e-05      -2.8172e-04
 8.5000e+00       3.1500e+00       1.3672e+00       7.1076e-05       4.3888e-04      -4.1362e-05      -2.8027e-04
 8.5000e+00       3.1500e+00       1.3730e+00       6.9881e-05       4.3446e-04      -4.0870e-05      -2.7879e-04
 8.5000e+00       3.1500e+00       1.3787e+00       6.8708e-05       4.3004e-04      -4.0379e-05      -2.7727e-04
 8.5000e+00       3.1500e+00       1.3845e+00       6.7556e-05       4.2564e-04      -3.9890e-05      -2.7571e-04
 8.5000e+00       3.1500e+00       1.3903e+00       6.6424e-05       4.2124e-04      -3.9401e-05      -2.7412e-04
 8.5000e+00       3.1500e+00       1.3961e+00       6.5311e-05       4.1686e-04      -3.8913e-05      -2.7249e-04
 8.5000e+00       3.1500e+00       1.4018e+00       6.4219e-05       4.1250e-04      -3.8426e-05      -2.7084e-04
 8.5000e+00       3.1500e+00       1.4076e+00       6.3145e-05       4.0814e-04      -3.7941e-05      -2.6915e-04
 8.5000e+00       3.1500e+00       1.4134e+00       6.2090e-05       4.0381e-04      -3.7458e-05      -2.6744e-04
 8.5000e+00       3.1500e+00       1.4192e+00       6.1053e-05       3.9949e-04      -3.6976e-05      -2.6570e-04
 8.5000e+00       3.1500e+00       1.4249e+00       6.0034e-05       3.9519e-04      -3.6497e-05      -2.6394e-04
 8.5000e+00       3.1500e+00       1.4307e+00       5.9033e-05       3.9092e-04      -3.6020e-05      -2.6216e-04
 8.5000e+00       3.1500e+00       1.4365e+00       5.8049e-05       3.8666e-04      -3.5544e-05      -2.6035e-04
 8.5000e+00       3.1500e+00       1.4423e+00       5.7083e-05       3.8242e-04      -3.5072e-05      -2.5853e-04
 8.5000e+00       3.1500e+00       1.4480e+00       5.6133e-05       3.7820e-04      -3.4602e-05      -2.5669e-04
 8.5000e+00       3.1500e+00       1.4538e+00       5.5199e-05       3.7401e-04      -3.4134e-05      -2.5482e-04
 8.5000e+00       3.1500e+00       1.4596e+00       5.4281e-05       3.6984e-04      -3.3669e-05      -2.5295e-04
 8.5000e+00       3.1500e+00       1.4654e+00       5.3379e-05       3.6569e-04      -3.3207e-05      -2.5105e-04
 8.5000e+00       3.1500e+00       1.4711e+00       5.2492e-05       3.6156e-04      -3.2748e-05      -2.4915e-04
 8.5000e+00       3.1500e+00       1.4769e+00       5.1621e-05       3.5747e-04      -3.2292e-05      -2.4723e-04
 8.5000e+00       3.1500e+00       1.4827e+00       5.0764e-05       3.5339e-04      -3.1840e-05      -2.4530e-04
 8.5000e+00       3.1500e+00       1.4885e+00       4.9922e-05       3.4935e-04      -3.1390e-05      -2.4336e-04
 8.5000e+00       3.1500e+00       1.4942e+00       4.9094e-05       3.4533e-04      -3.0944e-05      -2.4141e-04
 8.5000e+00       3.1500e+00       1.5000e+00       4.8280e-05       3.4133e-04      -3.0501e-05      -2.3945e-04
