3.0000e+00       3.1500e+00       2.8219e-01       9.1104e-03       2.9294e-03       0.0000e+00       0.0000e+00
 3.0000e+00       3.1500e+00       2.9450e-01       8.5898e-03       4.3199e-03      -1.7682e-04      -1.4682e-03
 3.0000e+00       3.1500e+00       3.0680e-01       8.1024e-03       5.5684e-03      -2.6178e-04      -2.7877e-03
 3.0000e+00       3.1500e+00       3.1910e-01       7.6460e-03       6.6867e-03      -3.3204e-04      -3.9715e-03
 3.0000e+00       3.1500e+00       3.3140e-01       7.2186e-03       7.6857e-03      -3.9366e-04      -5.0315e-03
 3.0000e+00       3.1500e+00       3.4370e-01       6.8182e-03       8.5754e-03      -4.4872e-04      -5.9783e-03
 3.0000e+00       3.1500e+00       3.5600e-01       6.4431e-03       9.3650e-03      -4.9824e-04      -6.8219e-03
 3.0000e+00       3.1500e+00       3.6830e-01       6.0916e-03       1.0063e-02      -5.4281e-04      -7.5710e-03
 3.0000e+00       3.1500e+00       3.8060e-01       5.7620e-03       1.0676e-02      -5.8287e-04      -8.2340e-03
 3.0000e+00       3.1500e+00       3.9290e-01       5.4529e-03       1.1213e-02      -6.1876e-04      -8.8182e-03
 3.0000e+00       3.1500e+00       4.0521e-01       5.1629e-03       1.1680e-02      -6.5077e-04      -9.3305e-03
 3.0000e+00       3.1500e+00       4.1751e-01       4.8907e-03       1.2081e-02      -6.7918e-04      -9.7772e-03
 3.0000e+00       3.1500e+00       4.2981e-01       4.6351e-03       1.2424e-02      -7.0422e-04      -1.0164e-02
 3.0000e+00       3.1500e+00       4.4211e-01       4.3951e-03       1.2713e-02      -7.2612e-04      -1.0496e-02
 3.0000e+00       3.1500e+00       4.5441e-01       4.1696e-03       1.2953e-02      -7.4508e-04      -1.0777e-02
 3.0000e+00       3.1500e+00       4.6671e-01       3.9575e-03       1.3147e-02      -7.6132e-04      -1.1013e-02
 3.0000e+00       3.1500e+00       4.7901e-01       3.7581e-03       1.3301e-02      -7.7502e-04      -1.1208e-02
 3.0000e+00       3.1500e+00       4.9131e-01       3.5705e-03       1.3416e-02      -7.8636e-04      -1.1364e-02
 3.0000e+00       3.1500e+00       5.0361e-01       3.3939e-03       1.3498e-02      -7.9551e-04      -1.1486e-02
 3.0000e+00       3.1500e+00       5.1592e-01       3.2275e-03       1.3548e-02      -8.0262e-04      -1.1577e-02
 3.0000e+00       3.1500e+00       5.2822e-01       3.0708e-03       1.3570e-02      -8.0785e-04      -1.1638e-02
 3.0000e+00       3.1500e+00       5.4052e-01       2.9230e-03       1.3567e-02      -8.1134e-04      -1.1674e-02
 3.0000e+00       3.1500e+00       5.5282e-01       2.7837e-03       1.3540e-02      -8.1322e-04      -1.1686e-02
 3.0000e+00       3.1500e+00       5.6512e-01       2.6522e-03       1.3491e-02      -8.1361e-04      -1.1677e-02
 3.0000e+00       3.1500e+00       5.7742e-01       2.5280e-03       1.3424e-02      -8.1264e-04      -1.1648e-02
 3.0000e+00       3.1500e+00       5.8972e-01       2.4108e-03       1.3339e-02      -8.1041e-04      -1.1601e-02
 3.0000e+00       3.1500e+00       6.0202e-01       2.3000e-03       1.3239e-02      -8.0702e-04      -1.1539e-02
 3.0000e+00       3.1500e+00       6.1432e-01       2.1952e-03       1.3124e-02      -8.0257e-04      -1.1462e-02
 3.0000e+00       3.1500e+00       6.2662e-01       2.0961e-03       1.2998e-02      -7.9716e-04      -1.1372e-02
 3.0000e+00       3.1500e+00       6.3893e-01       2.0023e-03       1.2859e-02      -7.9087e-04      -1.1271e-02
 3.0000e+00       3.1500e+00       6.5123e-01       1.9135e-03       1.2711e-02      -7.8377e-04      -1.1159e-02
 3.0000e+00       3.1500e+00       6.6353e-01       1.8294e-03       1.2554e-02      -7.7595e-04      -1.1038e-02
 3.0000e+00       3.1500e+00       6.7583e-01       1.7496e-03       1.2390e-02      -7.6747e-04      -1.0909e-02
 3.0000e+00       3.1500e+00       6.8813e-01       1.6740e-03       1.2218e-02      -7.5839e-04      -1.0773e-02
 3.0000e+00       3.1500e+00       7.0043e-01       1.6022e-03       1.2040e-02      -7.4878e-04      -1.0630e-02
 3.0000e+00       3.1500e+00       7.1273e-01       1.5341e-03       1.1858e-02      -7.3870e-04      -1.0482e-02
 3.0000e+00       3.1500e+00       7.2503e-01       1.4694e-03       1.1670e-02      -7.2819e-04      -1.0329e-02
 3.0000e+00       3.1500e+00       7.3733e-01       1.4079e-03       1.1480e-02      -7.1731e-04      -1.0171e-02
 3.0000e+00       3.1500e+00       7.4964e-01       1.3494e-03       1.1286e-02      -7.0610e-04      -1.0010e-02
 3.0000e+00       3.1500e+00       7.6194e-01       1.2938e-03       1.1089e-02      -6.9461e-04      -9.8465e-03
 3.0000e+00       3.1500e+00       7.7424e-01       1.2409e-03       1.0891e-02      -6.8287e-04      -9.6803e-03
 3.0000e+00       3.1500e+00       7.8654e-01       1.1905e-03       1.0691e-02      -6.7093e-04      -9.5120e-03
 3.0000e+00       3.1500e+00       7.9884e-01       1.1425e-03       1.0490e-02      -6.5882e-04      -9.3422e-03
 3.0000e+00       3.1500e+00       8.1114e-01       1.0968e-03       1.0289e-02      -6.4656e-04      -9.1714e-03
 3.0000e+00       3.1500e+00       8.2344e-01       1.0532e-03       1.0087e-02      -6.3420e-04      -8.9997e-03
 3.0000e+00       3.1500e+00       8.3574e-01       1.0116e-03       9.8856e-03      -6.2175e-04      -8.8277e-03
 3.0000e+00       3.1500e+00       8.4804e-01       9.7184e-04       9.6844e-03      -6.0925e-04      -8.6555e-03
 3.0000e+00       3.1500e+00       8.6034e-01       9.3393e-04       9.4840e-03      -5.9671e-04      -8.4835e-03
 3.0000e+00       3.1500e+00       8.7265e-01       8.9772e-04       9.2846e-03      -5.8416e-04      -8.3120e-03
 3.0000e+00       3.1500e+00       8.8495e-01       8.6311e-04       9.0863e-03      -5.7163e-04      -8.1411e-03
 3.0000e+00       3.1500e+00       8.9725e-01       8.3003e-04       8.8895e-03      -5.5912e-04      -7.9711e-03
 3.0000e+00       3.1500e+00       9.0955e-01       7.9838e-04       8.6943e-03      -5.4666e-04      -7.8022e-03
 3.0000e+00       3.1500e+00       9.2185e-01       7.6810e-04       8.5010e-03      -5.3425e-04      -7.6346e-03
 3.0000e+00       3.1500e+00       9.3415e-01       7.3912e-04       8.3095e-03      -5.2193e-04      -7.4684e-03
 3.0000e+00       3.1500e+00       9.4645e-01       7.1136e-04       8.1202e-03      -5.0970e-04      -7.3037e-03
 3.0000e+00       3.1500e+00       9.5875e-01       6.8477e-04       7.9331e-03      -4.9756e-04      -7.1407e-03
 3.0000e+00       3.1500e+00       9.7105e-01       6.5928e-04       7.7483e-03      -4.8554e-04      -6.9796e-03
 3.0000e+00       3.1500e+00       9.8336e-01       6.3485e-04       7.5660e-03      -4.7365e-04      -6.8203e-03
 3.0000e+00       3.1500e+00       9.9566e-01       6.1142e-04       7.3861e-03      -4.6189e-04      -6.6630e-03
 3.0000e+00       3.1500e+00       1.0080e+00       5.8894e-04       7.2089e-03      -4.5026e-04      -6.5079e-03
 3.0000e+00       3.1500e+00       1.0203e+00       5.6736e-04       7.0344e-03      -4.3879e-04      -6.3548e-03
 3.0000e+00       3.1500e+00       1.0326e+00       5.4665e-04       6.8626e-03      -4.2747e-04      -6.2040e-03
 3.0000e+00       3.1500e+00       1.0449e+00       5.2676e-04       6.6935e-03      -4.1631e-04      -6.0555e-03
 3.0000e+00       3.1500e+00       1.0572e+00       5.0765e-04       6.5273e-03      -4.0532e-04      -5.9092e-03
 3.0000e+00       3.1500e+00       1.0695e+00       4.8929e-04       6.3639e-03      -3.9450e-04      -5.7654e-03
 3.0000e+00       3.1500e+00       1.0818e+00       4.7164e-04       6.2034e-03      -3.8385e-04      -5.6239e-03
 3.0000e+00       3.1500e+00       1.0941e+00       4.5466e-04       6.0458e-03      -3.7339e-04      -5.4848e-03
 3.0000e+00       3.1500e+00       1.1064e+00       4.3834e-04       5.8911e-03      -3.6310e-04      -5.3482e-03
 3.0000e+00       3.1500e+00       1.1187e+00       4.2264e-04       5.7393e-03      -3.5300e-04      -5.2140e-03
 3.0000e+00       3.1500e+00       1.1310e+00       4.0753e-04       5.5904e-03      -3.4308e-04      -5.0822e-03
 3.0000e+00       3.1500e+00       1.1433e+00       3.9298e-04       5.4445e-03      -3.3335e-04      -4.9530e-03
 3.0000e+00       3.1500e+00       1.1556e+00       3.7898e-04       5.3014e-03      -3.2381e-04      -4.8262e-03
 3.0000e+00       3.1500e+00       1.1679e+00       3.6550e-04       5.1613e-03      -3.1446e-04      -4.7019e-03
 3.0000e+00       3.1500e+00       1.1802e+00       3.5251e-04       5.0240e-03      -3.0530e-04      -4.5800e-03
 3.0000e+00       3.1500e+00       1.1925e+00       3.4000e-04       4.8897e-03      -2.9633e-04      -4.4606e-03
 3.0000e+00       3.1500e+00       1.2048e+00       3.2794e-04       4.7582e-03      -2.8755e-04      -4.3436e-03
 3.0000e+00       3.1500e+00       1.2171e+00       3.1633e-04       4.6295e-03      -2.7896e-04      -4.2291e-03
 3.0000e+00       3.1500e+00       1.2294e+00       3.0513e-04       4.5037e-03      -2.7056e-04      -4.1170e-03
 3.0000e+00       3.1500e+00       1.2417e+00       2.9433e-04       4.3806e-03      -2.6234e-04      -4.0073e-03
 3.0000e+00       3.1500e+00       1.2540e+00       2.8392e-04       4.2603e-03      -2.5432e-04      -3.8999e-03
 3.0000e+00       3.1500e+00       1.2663e+00       2.7389e-04       4.1427e-03      -2.4647e-04      -3.7949e-03
 3.0000e+00       3.1500e+00       1.2786e+00       2.6420e-04       4.0278e-03      -2.3882e-04      -3.6923e-03
 3.0000e+00       3.1500e+00       1.2909e+00       2.5487e-04       3.9156e-03      -2.3134e-04      -3.5919e-03
 3.0000e+00       3.1500e+00       1.3032e+00       2.4586e-04       3.8060e-03      -2.2405e-04      -3.4939e-03
 3.0000e+00       3.1500e+00       1.3155e+00       2.3716e-04       3.6990e-03      -2.1694e-04      -3.3980e-03
 3.0000e+00       3.1500e+00       1.3278e+00       2.2878e-04       3.5946e-03      -2.1000e-04      -3.3044e-03
 3.0000e+00       3.1500e+00       1.3401e+00       2.2068e-04       3.4927e-03      -2.0324e-04      -3.2130e-03
 3.0000e+00       3.1500e+00       1.3524e+00       2.1287e-04       3.3933e-03      -1.9665e-04      -3.1238e-03
 3.0000e+00       3.1500e+00       1.3647e+00       2.0533e-04       3.2963e-03      -1.9023e-04      -3.0366e-03
 3.0000e+00       3.1500e+00       1.3770e+00       1.9805e-04       3.2017e-03      -1.8397e-04      -2.9516e-03
 3.0000e+00       3.1500e+00       1.3893e+00       1.9102e-04       3.1095e-03      -1.7789e-04      -2.8687e-03
 3.0000e+00       3.1500e+00       1.4016e+00       1.8424e-04       3.0196e-03      -1.7196e-04      -2.7877e-03
 3.0000e+00       3.1500e+00       1.4139e+00       1.7769e-04       2.9320e-03      -1.6620e-04      -2.7088e-03
 3.0000e+00       3.1500e+00       1.4262e+00       1.7137e-04       2.8466e-03      -1.6059e-04      -2.6318e-03
 3.0000e+00       3.1500e+00       1.4385e+00       1.6526e-04       2.7634e-03      -1.5514e-04      -2.5568e-03
 3.0000e+00       3.1500e+00       1.4508e+00       1.5937e-04       2.6824e-03      -1.4984e-04      -2.4837e-03
 3.0000e+00       3.1500e+00       1.4631e+00       1.5367e-04       2.6035e-03      -1.4469e-04      -2.4124e-03
 3.0000e+00       3.1500e+00       1.4754e+00       1.4818e-04       2.5267e-03      -1.3969e-04      -2.3430e-03
 3.0000e+00       3.1500e+00       1.4877e+00       1.4287e-04       2.4519e-03      -1.3483e-04      -2.2753e-03
 3.0000e+00       3.1500e+00       1.5000e+00       1.3774e-04       2.3791e-03      -1.3011e-04      -2.2094e-03
