2.0000e+00       3.1500e+00       1.8256e-01       1.6823e-02       4.9328e-03       0.0000e+00       0.0000e+00
 2.0000e+00       3.1500e+00       1.9587e-01       1.5757e-02       8.5271e-03      -1.5469e-04      -3.9237e-03
 2.0000e+00       3.1500e+00       2.0918e-01       1.4761e-02       1.1709e-02      -2.7893e-04      -7.3851e-03
 2.0000e+00       3.1500e+00       2.2249e-01       1.3832e-02       1.4517e-02      -4.0142e-04      -1.0432e-02
 2.0000e+00       3.1500e+00       2.3579e-01       1.2966e-02       1.6988e-02      -5.1912e-04      -1.3107e-02
 2.0000e+00       3.1500e+00       2.4910e-01       1.2159e-02       1.9152e-02      -6.2989e-04      -1.5448e-02
 2.0000e+00       3.1500e+00       2.6241e-01       1.1407e-02       2.1040e-02      -7.3252e-04      -1.7489e-02
 2.0000e+00       3.1500e+00       2.7572e-01       1.0706e-02       2.2678e-02      -8.2648e-04      -1.9261e-02
 2.0000e+00       3.1500e+00       2.8902e-01       1.0053e-02       2.4089e-02      -9.1162e-04      -2.0791e-02
 2.0000e+00       3.1500e+00       3.0233e-01       9.4445e-03       2.5296e-02      -9.8806e-04      -2.2103e-02
 2.0000e+00       3.1500e+00       3.1564e-01       8.8778e-03       2.6319e-02      -1.0561e-03      -2.3220e-02
 2.0000e+00       3.1500e+00       3.2895e-01       8.3497e-03       2.7175e-02      -1.1162e-03      -2.4161e-02
 2.0000e+00       3.1500e+00       3.4225e-01       7.8574e-03       2.7881e-02      -1.1687e-03      -2.4944e-02
 2.0000e+00       3.1500e+00       3.5556e-01       7.3984e-03       2.8451e-02      -1.2142e-03      -2.5586e-02
 2.0000e+00       3.1500e+00       3.6887e-01       6.9703e-03       2.8899e-02      -1.2531e-03      -2.6101e-02
 2.0000e+00       3.1500e+00       3.8217e-01       6.5708e-03       2.9237e-02      -1.2859e-03      -2.6501e-02
 2.0000e+00       3.1500e+00       3.9548e-01       6.1979e-03       2.9476e-02      -1.3132e-03      -2.6799e-02
 2.0000e+00       3.1500e+00       4.0879e-01       5.8497e-03       2.9626e-02      -1.3353e-03      -2.7006e-02
 2.0000e+00       3.1500e+00       4.2210e-01       5.5243e-03       2.9696e-02      -1.3526e-03      -2.7130e-02
 2.0000e+00       3.1500e+00       4.3540e-01       5.2202e-03       2.9695e-02      -1.3656e-03      -2.7181e-02
 2.0000e+00       3.1500e+00       4.4871e-01       4.9357e-03       2.9630e-02      -1.3746e-03      -2.7167e-02
 2.0000e+00       3.1500e+00       4.6202e-01       4.6695e-03       2.9508e-02      -1.3801e-03      -2.7094e-02
 2.0000e+00       3.1500e+00       4.7533e-01       4.4203e-03       2.9335e-02      -1.3822e-03      -2.6969e-02
 2.0000e+00       3.1500e+00       4.8863e-01       4.1869e-03       2.9117e-02      -1.3814e-03      -2.6798e-02
 2.0000e+00       3.1500e+00       5.0194e-01       3.9680e-03       2.8859e-02      -1.3779e-03      -2.6587e-02
 2.0000e+00       3.1500e+00       5.1525e-01       3.7628e-03       2.8565e-02      -1.3719e-03      -2.6339e-02
 2.0000e+00       3.1500e+00       5.2856e-01       3.5702e-03       2.8240e-02      -1.3638e-03      -2.6060e-02
 2.0000e+00       3.1500e+00       5.4186e-01       3.3894e-03       2.7887e-02      -1.3536e-03      -2.5753e-02
 2.0000e+00       3.1500e+00       5.5517e-01       3.2195e-03       2.7511e-02      -1.3417e-03      -2.5421e-02
 2.0000e+00       3.1500e+00       5.6848e-01       3.0598e-03       2.7114e-02      -1.3282e-03      -2.5069e-02
 2.0000e+00       3.1500e+00       5.8179e-01       2.9095e-03       2.6700e-02      -1.3132e-03      -2.4698e-02
 2.0000e+00       3.1500e+00       5.9509e-01       2.7681e-03       2.6270e-02      -1.2970e-03      -2.4312e-02
 2.0000e+00       3.1500e+00       6.0840e-01       2.6348e-03       2.5827e-02      -1.2797e-03      -2.3912e-02
 2.0000e+00       3.1500e+00       6.2171e-01       2.5093e-03       2.5374e-02      -1.2614e-03      -2.3502e-02
 2.0000e+00       3.1500e+00       6.3502e-01       2.3909e-03       2.4912e-02      -1.2422e-03      -2.3082e-02
 2.0000e+00       3.1500e+00       6.4832e-01       2.2792e-03       2.4443e-02      -1.2223e-03      -2.2656e-02
 2.0000e+00       3.1500e+00       6.6163e-01       2.1737e-03       2.3969e-02      -1.2018e-03      -2.2223e-02
 2.0000e+00       3.1500e+00       6.7494e-01       2.0740e-03       2.3491e-02      -1.1807e-03      -2.1787e-02
 2.0000e+00       3.1500e+00       6.8825e-01       1.9798e-03       2.3010e-02      -1.1591e-03      -2.1347e-02
 2.0000e+00       3.1500e+00       7.0155e-01       1.8906e-03       2.2528e-02      -1.1372e-03      -2.0906e-02
 2.0000e+00       3.1500e+00       7.1486e-01       1.8062e-03       2.2046e-02      -1.1149e-03      -2.0464e-02
 2.0000e+00       3.1500e+00       7.2817e-01       1.7263e-03       2.1565e-02      -1.0925e-03      -2.0022e-02
 2.0000e+00       3.1500e+00       7.4148e-01       1.6506e-03       2.1085e-02      -1.0698e-03      -1.9582e-02
 2.0000e+00       3.1500e+00       7.5478e-01       1.5787e-03       2.0608e-02      -1.0470e-03      -1.9143e-02
 2.0000e+00       3.1500e+00       7.6809e-01       1.5106e-03       2.0134e-02      -1.0242e-03      -1.8707e-02
 2.0000e+00       3.1500e+00       7.8140e-01       1.4459e-03       1.9663e-02      -1.0014e-03      -1.8273e-02
 2.0000e+00       3.1500e+00       7.9471e-01       1.3844e-03       1.9197e-02      -9.7855e-04      -1.7844e-02
 2.0000e+00       3.1500e+00       8.0801e-01       1.3260e-03       1.8735e-02      -9.5579e-04      -1.7419e-02
 2.0000e+00       3.1500e+00       8.2132e-01       1.2704e-03       1.8279e-02      -9.3314e-04      -1.6998e-02
 2.0000e+00       3.1500e+00       8.3463e-01       1.2175e-03       1.7828e-02      -9.1061e-04      -1.6583e-02
 2.0000e+00       3.1500e+00       8.4794e-01       1.1671e-03       1.7383e-02      -8.8825e-04      -1.6173e-02
 2.0000e+00       3.1500e+00       8.6124e-01       1.1192e-03       1.6944e-02      -8.6608e-04      -1.5768e-02
 2.0000e+00       3.1500e+00       8.7455e-01       1.0734e-03       1.6512e-02      -8.4413e-04      -1.5369e-02
 2.0000e+00       3.1500e+00       8.8786e-01       1.0298e-03       1.6087e-02      -8.2241e-04      -1.4977e-02
 2.0000e+00       3.1500e+00       9.0117e-01       9.8825e-04       1.5668e-02      -8.0094e-04      -1.4590e-02
 2.0000e+00       3.1500e+00       9.1447e-01       9.4854e-04       1.5257e-02      -7.7974e-04      -1.4210e-02
 2.0000e+00       3.1500e+00       9.2778e-01       9.1062e-04       1.4853e-02      -7.5884e-04      -1.3837e-02
 2.0000e+00       3.1500e+00       9.4109e-01       8.7439e-04       1.4456e-02      -7.3823e-04      -1.3471e-02
 2.0000e+00       3.1500e+00       9.5439e-01       8.3975e-04       1.4066e-02      -7.1793e-04      -1.3111e-02
 2.0000e+00       3.1500e+00       9.6770e-01       8.0663e-04       1.3684e-02      -6.9796e-04      -1.2758e-02
 2.0000e+00       3.1500e+00       9.8101e-01       7.7495e-04       1.3310e-02      -6.7833e-04      -1.2412e-02
 2.0000e+00       3.1500e+00       9.9432e-01       7.4462e-04       1.2943e-02      -6.5903e-04      -1.2072e-02
 2.0000e+00       3.1500e+00       1.0076e+00       7.1558e-04       1.2583e-02      -6.4008e-04      -1.1740e-02
 2.0000e+00       3.1500e+00       1.0209e+00       6.8777e-04       1.2231e-02      -6.2148e-04      -1.1415e-02
 2.0000e+00       3.1500e+00       1.0342e+00       6.6112e-04       1.1887e-02      -6.0323e-04      -1.1096e-02
 2.0000e+00       3.1500e+00       1.0475e+00       6.3558e-04       1.1550e-02      -5.8535e-04      -1.0785e-02
 2.0000e+00       3.1500e+00       1.0609e+00       6.1108e-04       1.1221e-02      -5.6783e-04      -1.0480e-02
 2.0000e+00       3.1500e+00       1.0742e+00       5.8759e-04       1.0899e-02      -5.5067e-04      -1.0182e-02
 2.0000e+00       3.1500e+00       1.0875e+00       5.6505e-04       1.0584e-02      -5.3388e-04      -9.8911e-03
 2.0000e+00       3.1500e+00       1.1008e+00       5.4341e-04       1.0277e-02      -5.1746e-04      -9.6067e-03
 2.0000e+00       3.1500e+00       1.1141e+00       5.2264e-04       9.9770e-03      -5.0140e-04      -9.3289e-03
 2.0000e+00       3.1500e+00       1.1274e+00       5.0270e-04       9.6841e-03      -4.8570e-04      -9.0577e-03
 2.0000e+00       3.1500e+00       1.1407e+00       4.8354e-04       9.3983e-03      -4.7037e-04      -8.7930e-03
 2.0000e+00       3.1500e+00       1.1540e+00       4.6513e-04       9.1195e-03      -4.5539e-04      -8.5348e-03
 2.0000e+00       3.1500e+00       1.1673e+00       4.4744e-04       8.8476e-03      -4.4078e-04      -8.2829e-03
 2.0000e+00       3.1500e+00       1.1806e+00       4.3044e-04       8.5824e-03      -4.2652e-04      -8.0372e-03
 2.0000e+00       3.1500e+00       1.1939e+00       4.1409e-04       8.3240e-03      -4.1262e-04      -7.7977e-03
 2.0000e+00       3.1500e+00       1.2072e+00       3.9837e-04       8.0722e-03      -3.9906e-04      -7.5643e-03
 2.0000e+00       3.1500e+00       1.2205e+00       3.8325e-04       7.8268e-03      -3.8585e-04      -7.3368e-03
 2.0000e+00       3.1500e+00       1.2339e+00       3.6871e-04       7.5879e-03      -3.7298e-04      -7.1152e-03
 2.0000e+00       3.1500e+00       1.2472e+00       3.5472e-04       7.3552e-03      -3.6045e-04      -6.8994e-03
 2.0000e+00       3.1500e+00       1.2605e+00       3.4125e-04       7.1287e-03      -3.4825e-04      -6.6892e-03
 2.0000e+00       3.1500e+00       1.2738e+00       3.2829e-04       6.9082e-03      -3.3638e-04      -6.4846e-03
 2.0000e+00       3.1500e+00       1.2871e+00       3.1582e-04       6.6936e-03      -3.2483e-04      -6.2855e-03
 2.0000e+00       3.1500e+00       1.3004e+00       3.0382e-04       6.4849e-03      -3.1360e-04      -6.0918e-03
 2.0000e+00       3.1500e+00       1.3137e+00       2.9226e-04       6.2819e-03      -3.0269e-04      -5.9033e-03
 2.0000e+00       3.1500e+00       1.3270e+00       2.8113e-04       6.0845e-03      -2.9208e-04      -5.7200e-03
 2.0000e+00       3.1500e+00       1.3403e+00       2.7042e-04       5.8926e-03      -2.8177e-04      -5.5417e-03
 2.0000e+00       3.1500e+00       1.3536e+00       2.6010e-04       5.7061e-03      -2.7176e-04      -5.3684e-03
 2.0000e+00       3.1500e+00       1.3669e+00       2.5017e-04       5.5248e-03      -2.6204e-04      -5.1999e-03
 2.0000e+00       3.1500e+00       1.3802e+00       2.4060e-04       5.3487e-03      -2.5261e-04      -5.0361e-03
 2.0000e+00       3.1500e+00       1.3935e+00       2.3139e-04       5.1776e-03      -2.4345e-04      -4.8770e-03
 2.0000e+00       3.1500e+00       1.4068e+00       2.2251e-04       5.0114e-03      -2.3457e-04      -4.7225e-03
 2.0000e+00       3.1500e+00       1.4202e+00       2.1396e-04       4.8500e-03      -2.2596e-04      -4.5723e-03
 2.0000e+00       3.1500e+00       1.4335e+00       2.0573e-04       4.6934e-03      -2.1762e-04      -4.4265e-03
 2.0000e+00       3.1500e+00       1.4468e+00       1.9780e-04       4.5413e-03      -2.0953e-04      -4.2850e-03
 2.0000e+00       3.1500e+00       1.4601e+00       1.9016e-04       4.3937e-03      -2.0169e-04      -4.1475e-03
 2.0000e+00       3.1500e+00       1.4734e+00       1.8280e-04       4.2505e-03      -1.9410e-04      -4.0141e-03
 2.0000e+00       3.1500e+00       1.4867e+00       1.7572e-04       4.1116e-03      -1.8674e-04      -3.8847e-03
 2.0000e+00       3.1500e+00       1.5000e+00       1.6889e-04       3.9768e-03      -1.7963e-04      -3.7591e-03
