6.5000e+00       3.1500e+00       5.4712e-01       3.4400e-03       7.4204e-03       0.0000e+00       0.0000e+00
 6.5000e+00       3.1500e+00       5.5674e-01       3.2916e-03       7.3292e-03      -2.7436e-05      -5.6669e-06
 6.5000e+00       3.1500e+00       5.6637e-01       3.1507e-03       7.2407e-03      -5.3589e-05      -9.6663e-06
 6.5000e+00       3.1500e+00       5.7599e-01       3.0172e-03       7.1547e-03      -8.2810e-05      -1.2150e-05
 6.5000e+00       3.1500e+00       5.8562e-01       2.8906e-03       7.0711e-03      -1.1443e-04      -1.3258e-05
 6.5000e+00       3.1500e+00       5.9524e-01       2.7705e-03       6.9898e-03      -1.4786e-04      -1.3121e-05
 6.5000e+00       3.1500e+00       6.0487e-01       2.6566e-03       6.9106e-03      -1.8265e-04      -1.1862e-05
 6.5000e+00       3.1500e+00       6.1449e-01       2.5486e-03       6.8335e-03      -2.1844e-04      -9.5939e-06
 6.5000e+00       3.1500e+00       6.2412e-01       2.4463e-03       6.7584e-03      -2.5494e-04      -6.4214e-06
 6.5000e+00       3.1500e+00       6.3374e-01       2.3493e-03       6.6851e-03      -2.9188e-04      -2.4422e-06
 6.5000e+00       3.1500e+00       6.4337e-01       2.2573e-03       6.6135e-03      -3.2909e-04       2.2530e-06
 6.5000e+00       3.1500e+00       6.5299e-01       2.1701e-03       6.5437e-03      -3.6638e-04       7.5800e-06
 6.5000e+00       3.1500e+00       6.6262e-01       2.0875e-03       6.4755e-03      -4.0361e-04       1.3461e-05
 6.5000e+00       3.1500e+00       6.7224e-01       2.0092e-03       6.4088e-03      -4.4066e-04       1.9823e-05
 6.5000e+00       3.1500e+00       6.8187e-01       1.9351e-03       6.3436e-03      -4.7742e-04       2.6601e-05
 6.5000e+00       3.1500e+00       6.9149e-01       1.8648e-03       6.2797e-03      -5.1381e-04       3.3731e-05
 6.5000e+00       3.1500e+00       7.0112e-01       1.7982e-03       6.2173e-03      -5.4975e-04       4.1156e-05
 6.5000e+00       3.1500e+00       7.1074e-01       1.7351e-03       6.1561e-03      -5.8517e-04       4.8824e-05
 6.5000e+00       3.1500e+00       7.2037e-01       1.6754e-03       6.0961e-03      -6.2002e-04       5.6686e-05
 6.5000e+00       3.1500e+00       7.2999e-01       1.6188e-03       6.0372e-03      -6.5425e-04       6.4697e-05
 6.5000e+00       3.1500e+00       7.3962e-01       1.5652e-03       5.9795e-03      -6.8782e-04       7.2816e-05
 6.5000e+00       3.1500e+00       7.4924e-01       1.5145e-03       5.9229e-03      -7.2070e-04       8.1004e-05
 6.5000e+00       3.1500e+00       7.5887e-01       1.4665e-03       5.8673e-03      -7.5285e-04       8.9227e-05
 6.5000e+00       3.1500e+00       7.6849e-01       1.4210e-03       5.8127e-03      -7.8426e-04       9.7453e-05
 6.5000e+00       3.1500e+00       7.7812e-01       1.3780e-03       5.7590e-03      -8.1490e-04       1.0565e-04
 6.5000e+00       3.1500e+00       7.8774e-01       1.3373e-03       5.7062e-03      -8.4477e-04       1.1380e-04
 6.5000e+00       3.1500e+00       7.9737e-01       1.2987e-03       5.6542e-03      -8.7384e-04       1.2187e-04
 6.5000e+00       3.1500e+00       8.0700e-01       1.2622e-03       5.6031e-03      -9.0210e-04       1.2984e-04
 6.5000e+00       3.1500e+00       8.1662e-01       1.2277e-03       5.5528e-03      -9.2956e-04       1.3769e-04
 6.5000e+00       3.1500e+00       8.2625e-01       1.1951e-03       5.5033e-03      -9.5621e-04       1.4540e-04
 6.5000e+00       3.1500e+00       8.3587e-01       1.1642e-03       5.4544e-03      -9.8205e-04       1.5296e-04
 6.5000e+00       3.1500e+00       8.4550e-01       1.1350e-03       5.4063e-03      -1.0071e-03       1.6035e-04
 6.5000e+00       3.1500e+00       8.5512e-01       1.1073e-03       5.3589e-03      -1.0313e-03       1.6756e-04
 6.5000e+00       3.1500e+00       8.6475e-01       1.0812e-03       5.3121e-03      -1.0547e-03       1.7458e-04
 6.5000e+00       3.1500e+00       8.7437e-01       1.0565e-03       5.2659e-03      -1.0773e-03       1.8140e-04
 6.5000e+00       3.1500e+00       8.8400e-01       1.0331e-03       5.2204e-03      -1.0991e-03       1.8800e-04
 6.5000e+00       3.1500e+00       8.9362e-01       1.0110e-03       5.1754e-03      -1.1201e-03       1.9439e-04
 6.5000e+00       3.1500e+00       9.0325e-01       9.9015e-04       5.1310e-03      -1.1403e-03       2.0055e-04
 6.5000e+00       3.1500e+00       9.1287e-01       9.7040e-04       5.0871e-03      -1.1597e-03       2.0648e-04
 6.5000e+00       3.1500e+00       9.2250e-01       9.5173e-04       5.0437e-03      -1.1784e-03       2.1218e-04
 6.5000e+00       3.1500e+00       9.3212e-01       9.3407e-04       5.0008e-03      -1.1963e-03       2.1764e-04
 6.5000e+00       3.1500e+00       9.4175e-01       9.1738e-04       4.9585e-03      -1.2135e-03       2.2286e-04
 6.5000e+00       3.1500e+00       9.5137e-01       9.0160e-04       4.9166e-03      -1.2299e-03       2.2783e-04
 6.5000e+00       3.1500e+00       9.6100e-01       8.8667e-04       4.8751e-03      -1.2456e-03       2.3256e-04
 6.5000e+00       3.1500e+00       9.7062e-01       8.7256e-04       4.8341e-03      -1.2606e-03       2.3705e-04
 6.5000e+00       3.1500e+00       9.8025e-01       8.5922e-04       4.7935e-03      -1.2749e-03       2.4129e-04
 6.5000e+00       3.1500e+00       9.8987e-01       8.4659e-04       4.7533e-03      -1.2884e-03       2.4529e-04
 6.5000e+00       3.1500e+00       9.9950e-01       8.3465e-04       4.7135e-03      -1.3014e-03       2.4905e-04
 6.5000e+00       3.1500e+00       1.0091e+00       8.2336e-04       4.6741e-03      -1.3136e-03       2.5256e-04
 6.5000e+00       3.1500e+00       1.0187e+00       8.1267e-04       4.6351e-03      -1.3252e-03       2.5583e-04
 6.5000e+00       3.1500e+00       1.0284e+00       8.0255e-04       4.5965e-03      -1.3362e-03       2.5887e-04
 6.5000e+00       3.1500e+00       1.0380e+00       7.9296e-04       4.5582e-03      -1.3465e-03       2.6167e-04
 6.5000e+00       3.1500e+00       1.0476e+00       7.8389e-04       4.5202e-03      -1.3562e-03       2.6424e-04
 6.5000e+00       3.1500e+00       1.0572e+00       7.7528e-04       4.4825e-03      -1.3653e-03       2.6659e-04
 6.5000e+00       3.1500e+00       1.0669e+00       7.6713e-04       4.4452e-03      -1.3738e-03       2.6871e-04
 6.5000e+00       3.1500e+00       1.0765e+00       7.5940e-04       4.4082e-03      -1.3818e-03       2.7060e-04
 6.5000e+00       3.1500e+00       1.0861e+00       7.5206e-04       4.3716e-03      -1.3892e-03       2.7229e-04
 6.5000e+00       3.1500e+00       1.0957e+00       7.4509e-04       4.3352e-03      -1.3960e-03       2.7376e-04
 6.5000e+00       3.1500e+00       1.1054e+00       7.3846e-04       4.2991e-03      -1.4023e-03       2.7502e-04
 6.5000e+00       3.1500e+00       1.1150e+00       7.3217e-04       4.2632e-03      -1.4080e-03       2.7607e-04
 6.5000e+00       3.1500e+00       1.1246e+00       7.2617e-04       4.2277e-03      -1.4133e-03       2.7693e-04
 6.5000e+00       3.1500e+00       1.1342e+00       7.2046e-04       4.1924e-03      -1.4180e-03       2.7760e-04
 6.5000e+00       3.1500e+00       1.1439e+00       7.1502e-04       4.1574e-03      -1.4223e-03       2.7808e-04
 6.5000e+00       3.1500e+00       1.1535e+00       7.0982e-04       4.1227e-03      -1.4261e-03       2.7837e-04
 6.5000e+00       3.1500e+00       1.1631e+00       7.0486e-04       4.0882e-03      -1.4294e-03       2.7848e-04
 6.5000e+00       3.1500e+00       1.1727e+00       7.0011e-04       4.0540e-03      -1.4323e-03       2.7842e-04
 6.5000e+00       3.1500e+00       1.1824e+00       6.9556e-04       4.0200e-03      -1.4347e-03       2.7819e-04
 6.5000e+00       3.1500e+00       1.1920e+00       6.9120e-04       3.9862e-03      -1.4367e-03       2.7780e-04
 6.5000e+00       3.1500e+00       1.2016e+00       6.8701e-04       3.9527e-03      -1.4383e-03       2.7725e-04
 6.5000e+00       3.1500e+00       1.2112e+00       6.8298e-04       3.9194e-03      -1.4395e-03       2.7655e-04
 6.5000e+00       3.1500e+00       1.2209e+00       6.7910e-04       3.8863e-03      -1.4402e-03       2.7570e-04
 6.5000e+00       3.1500e+00       1.2305e+00       6.7536e-04       3.8535e-03      -1.4406e-03       2.7470e-04
 6.5000e+00       3.1500e+00       1.2401e+00       6.7174e-04       3.8209e-03      -1.4407e-03       2.7357e-04
 6.5000e+00       3.1500e+00       1.2497e+00       6.6824e-04       3.7885e-03      -1.4403e-03       2.7230e-04
 6.5000e+00       3.1500e+00       1.2594e+00       6.6484e-04       3.7563e-03      -1.4396e-03       2.7091e-04
 6.5000e+00       3.1500e+00       1.2690e+00       6.6154e-04       3.7243e-03      -1.4386e-03       2.6939e-04
 6.5000e+00       3.1500e+00       1.2786e+00       6.5834e-04       3.6925e-03      -1.4372e-03       2.6775e-04
 6.5000e+00       3.1500e+00       1.2882e+00       6.5521e-04       3.6609e-03      -1.4355e-03       2.6601e-04
 6.5000e+00       3.1500e+00       1.2979e+00       6.5215e-04       3.6295e-03      -1.4335e-03       2.6415e-04
 6.5000e+00       3.1500e+00       1.3075e+00       6.4916e-04       3.5984e-03      -1.4312e-03       2.6219e-04
 6.5000e+00       3.1500e+00       1.3171e+00       6.4623e-04       3.5674e-03      -1.4286e-03       2.6013e-04
 6.5000e+00       3.1500e+00       1.3267e+00       6.4336e-04       3.5366e-03      -1.4257e-03       2.5798e-04
 6.5000e+00       3.1500e+00       1.3364e+00       6.4053e-04       3.5060e-03      -1.4225e-03       2.5574e-04
 6.5000e+00       3.1500e+00       1.3460e+00       6.3775e-04       3.4755e-03      -1.4191e-03       2.5341e-04
 6.5000e+00       3.1500e+00       1.3556e+00       6.3500e-04       3.4453e-03      -1.4154e-03       2.5100e-04
 6.5000e+00       3.1500e+00       1.3652e+00       6.3228e-04       3.4153e-03      -1.4115e-03       2.4852e-04
 6.5000e+00       3.1500e+00       1.3749e+00       6.2959e-04       3.3854e-03      -1.4073e-03       2.4596e-04
 6.5000e+00       3.1500e+00       1.3845e+00       6.2693e-04       3.3557e-03      -1.4029e-03       2.4334e-04
 6.5000e+00       3.1500e+00       1.3941e+00       6.2428e-04       3.3262e-03      -1.3982e-03       2.4065e-04
 6.5000e+00       3.1500e+00       1.4037e+00       6.2165e-04       3.2969e-03      -1.3934e-03       2.3790e-04
 6.5000e+00       3.1500e+00       1.4134e+00       6.1903e-04       3.2678e-03      -1.3883e-03       2.3509e-04
 6.5000e+00       3.1500e+00       1.4230e+00       6.1643e-04       3.2388e-03      -1.3830e-03       2.3224e-04
 6.5000e+00       3.1500e+00       1.4326e+00       6.1383e-04       3.2100e-03      -1.3776e-03       2.2933e-04
 6.5000e+00       3.1500e+00       1.4422e+00       6.1123e-04       3.1814e-03      -1.3719e-03       2.2638e-04
 6.5000e+00       3.1500e+00       1.4519e+00       6.0863e-04       3.1530e-03      -1.3661e-03       2.2339e-04
 6.5000e+00       3.1500e+00       1.4615e+00       6.0603e-04       3.1247e-03      -1.3601e-03       2.2036e-04
 6.5000e+00       3.1500e+00       1.4711e+00       6.0343e-04       3.0966e-03      -1.3539e-03       2.1729e-04
 6.5000e+00       3.1500e+00       1.4807e+00       6.0082e-04       3.0687e-03      -1.3476e-03       2.1420e-04
 6.5000e+00       3.1500e+00       1.4904e+00       5.9821e-04       3.0409e-03      -1.3411e-03       2.1107e-04
 6.5000e+00       3.1500e+00       1.5000e+00       5.9559e-04       3.0133e-03      -1.3345e-03       2.0792e-04
