 1.0000e+00       3.1500e+00       6.7140e-02       7.5017e-02       2.3061e-01       0.0000e+00       0.0000e+00
 1.0000e+00       3.1500e+00       8.1614e-02       6.9287e-02       2.1380e-01       1.9755e-02      -9.2753e-03
 1.0000e+00       3.1500e+00       9.6087e-02       6.3683e-02       1.9897e-01       2.3108e-02      -1.6698e-02
 1.0000e+00       3.1500e+00       1.1056e-01       5.8309e-02       1.8577e-01       2.3413e-02      -2.2614e-02
 1.0000e+00       3.1500e+00       1.2503e-01       5.3229e-02       1.7397e-01       2.2346e-02      -2.7299e-02
 1.0000e+00       3.1500e+00       1.3951e-01       4.8477e-02       1.6333e-01       2.0611e-02      -3.0972e-02
 1.0000e+00       3.1500e+00       1.5398e-01       4.4068e-02       1.5369e-01       1.8567e-02      -3.3812e-02
 1.0000e+00       3.1500e+00       1.6845e-01       4.0002e-02       1.4492e-01       1.6413e-02      -3.5963e-02
 1.0000e+00       3.1500e+00       1.8293e-01       3.6273e-02       1.3689e-01       1.4263e-02      -3.7543e-02
 1.0000e+00       3.1500e+00       1.9740e-01       3.2867e-02       1.2952e-01       1.2184e-02      -3.8648e-02
 1.0000e+00       3.1500e+00       2.1187e-01       2.9767e-02       1.2272e-01       1.0211e-02      -3.9361e-02
 1.0000e+00       3.1500e+00       2.2635e-01       2.6955e-02       1.1642e-01       8.3630e-03      -3.9746e-02
 1.0000e+00       3.1500e+00       2.4082e-01       2.4411e-02       1.1058e-01       6.6478e-03      -3.9859e-02
 1.0000e+00       3.1500e+00       2.5529e-01       2.2116e-02       1.0514e-01       5.0661e-03      -3.9747e-02
 1.0000e+00       3.1500e+00       2.6977e-01       2.0049e-02       1.0006e-01       3.6142e-03      -3.9449e-02
 1.0000e+00       3.1500e+00       2.8424e-01       1.8193e-02       9.5313e-02       2.2863e-03      -3.8997e-02
 1.0000e+00       3.1500e+00       2.9871e-01       1.6529e-02       9.0856e-02       1.0751e-03      -3.8420e-02
 1.0000e+00       3.1500e+00       3.1319e-01       1.5042e-02       8.6669e-02      -2.7257e-05      -3.7740e-02
 1.0000e+00       3.1500e+00       3.2766e-01       1.3714e-02       8.2727e-02      -1.0287e-03      -3.6978e-02
 1.0000e+00       3.1500e+00       3.4213e-01       1.2532e-02       7.9009e-02      -1.9372e-03      -3.6150e-02
 1.0000e+00       3.1500e+00       3.5661e-01       1.1481e-02       7.5499e-02      -2.7603e-03      -3.5270e-02
 1.0000e+00       3.1500e+00       3.7108e-01       1.0550e-02       7.2180e-02      -3.5049e-03      -3.4352e-02
 1.0000e+00       3.1500e+00       3.8555e-01       9.7275e-03       6.9037e-02      -4.1779e-03      -3.3405e-02
 1.0000e+00       3.1500e+00       4.0003e-01       9.0021e-03       6.6057e-02      -4.7853e-03      -3.2437e-02
 1.0000e+00       3.1500e+00       4.1450e-01       8.3644e-03       6.3230e-02      -5.3327e-03      -3.1458e-02
 1.0000e+00       3.1500e+00       4.2897e-01       7.8058e-03       6.0545e-02      -5.8255e-03      -3.0472e-02
 1.0000e+00       3.1500e+00       4.4345e-01       7.3181e-03       5.7992e-02      -6.2683e-03      -2.9485e-02
 1.0000e+00       3.1500e+00       4.5792e-01       6.8940e-03       5.5563e-02      -6.6654e-03      -2.8502e-02
 1.0000e+00       3.1500e+00       4.7239e-01       6.5270e-03       5.3250e-02      -7.0208e-03      -2.7527e-02
 1.0000e+00       3.1500e+00       4.8687e-01       6.2108e-03       5.1047e-02      -7.3381e-03      -2.6563e-02
 1.0000e+00       3.1500e+00       5.0134e-01       5.9401e-03       4.8946e-02      -7.6205e-03      -2.5612e-02
 1.0000e+00       3.1500e+00       5.1581e-01       5.7098e-03       4.6942e-02      -7.8709e-03      -2.4677e-02
 1.0000e+00       3.1500e+00       5.3029e-01       5.5155e-03       4.5029e-02      -8.0921e-03      -2.3760e-02
 1.0000e+00       3.1500e+00       5.4476e-01       5.3530e-03       4.3203e-02      -8.2866e-03      -2.2862e-02
 1.0000e+00       3.1500e+00       5.5923e-01       5.2187e-03       4.1459e-02      -8.4565e-03      -2.1985e-02
 1.0000e+00       3.1500e+00       5.7371e-01       5.1092e-03       3.9792e-02      -8.6038e-03      -2.1128e-02
 1.0000e+00       3.1500e+00       5.8818e-01       5.0216e-03       3.8198e-02      -8.7305e-03      -2.0294e-02
 1.0000e+00       3.1500e+00       6.0265e-01       4.9530e-03       3.6674e-02      -8.8382e-03      -1.9483e-02
 1.0000e+00       3.1500e+00       6.1713e-01       4.9011e-03       3.5216e-02      -8.9284e-03      -1.8695e-02
 1.0000e+00       3.1500e+00       6.3160e-01       4.8636e-03       3.3821e-02      -9.0025e-03      -1.7930e-02
 1.0000e+00       3.1500e+00       6.4607e-01       4.8386e-03       3.2486e-02      -9.0619e-03      -1.7188e-02
 1.0000e+00       3.1500e+00       6.6055e-01       4.8243e-03       3.1207e-02      -9.1077e-03      -1.6470e-02
 1.0000e+00       3.1500e+00       6.7502e-01       4.8191e-03       2.9983e-02      -9.1410e-03      -1.5774e-02
 1.0000e+00       3.1500e+00       6.8949e-01       4.8216e-03       2.8811e-02      -9.1628e-03      -1.5102e-02
 1.0000e+00       3.1500e+00       7.0397e-01       4.8305e-03       2.7688e-02      -9.1740e-03      -1.4453e-02
 1.0000e+00       3.1500e+00       7.1844e-01       4.8447e-03       2.6613e-02      -9.1754e-03      -1.3827e-02
 1.0000e+00       3.1500e+00       7.3291e-01       4.8631e-03       2.5582e-02      -9.1679e-03      -1.3222e-02
 1.0000e+00       3.1500e+00       7.4739e-01       4.8849e-03       2.4594e-02      -9.1520e-03      -1.2640e-02
 1.0000e+00       3.1500e+00       7.6186e-01       4.9093e-03       2.3648e-02      -9.1286e-03      -1.2079e-02
 1.0000e+00       3.1500e+00       7.7633e-01       4.9355e-03       2.2740e-02      -9.0981e-03      -1.1539e-02
 1.0000e+00       3.1500e+00       7.9081e-01       4.9629e-03       2.1871e-02      -9.0612e-03      -1.1019e-02
 1.0000e+00       3.1500e+00       8.0528e-01       4.9911e-03       2.1037e-02      -9.0184e-03      -1.0519e-02
 1.0000e+00       3.1500e+00       8.1975e-01       5.0194e-03       2.0237e-02      -8.9701e-03      -1.0039e-02
 1.0000e+00       3.1500e+00       8.3423e-01       5.0475e-03       1.9471e-02      -8.9169e-03      -9.5781e-03
 1.0000e+00       3.1500e+00       8.4870e-01       5.0751e-03       1.8736e-02      -8.8591e-03      -9.1354e-03
 1.0000e+00       3.1500e+00       8.6317e-01       5.1018e-03       1.8031e-02      -8.7971e-03      -8.7107e-03
 1.0000e+00       3.1500e+00       8.7765e-01       5.1273e-03       1.7355e-02      -8.7314e-03      -8.3035e-03
 1.0000e+00       3.1500e+00       8.9212e-01       5.1515e-03       1.6707e-02      -8.6621e-03      -7.9131e-03
 1.0000e+00       3.1500e+00       9.0659e-01       5.1741e-03       1.6086e-02      -8.5897e-03      -7.5391e-03
 1.0000e+00       3.1500e+00       9.2107e-01       5.1949e-03       1.5490e-02      -8.5144e-03      -7.1810e-03
 1.0000e+00       3.1500e+00       9.3554e-01       5.2139e-03       1.4918e-02      -8.4365e-03      -6.8383e-03
 1.0000e+00       3.1500e+00       9.5001e-01       5.2310e-03       1.4370e-02      -8.3562e-03      -6.5103e-03
 1.0000e+00       3.1500e+00       9.6449e-01       5.2460e-03       1.3844e-02      -8.2739e-03      -6.1967e-03
 1.0000e+00       3.1500e+00       9.7896e-01       5.2589e-03       1.3339e-02      -8.1897e-03      -5.8969e-03
 1.0000e+00       3.1500e+00       9.9343e-01       5.2696e-03       1.2855e-02      -8.1038e-03      -5.6105e-03
 1.0000e+00       3.1500e+00       1.0079e+00       5.2781e-03       1.2391e-02      -8.0164e-03      -5.3369e-03
 1.0000e+00       3.1500e+00       1.0224e+00       5.2845e-03       1.1945e-02      -7.9278e-03      -5.0757e-03
 1.0000e+00       3.1500e+00       1.0369e+00       5.2886e-03       1.1518e-02      -7.8380e-03      -4.8264e-03
 1.0000e+00       3.1500e+00       1.0513e+00       5.2906e-03       1.1108e-02      -7.7472e-03      -4.5886e-03
 1.0000e+00       3.1500e+00       1.0658e+00       5.2904e-03       1.0715e-02      -7.6557e-03      -4.3619e-03
 1.0000e+00       3.1500e+00       1.0803e+00       5.2881e-03       1.0338e-02      -7.5634e-03      -4.1457e-03
 1.0000e+00       3.1500e+00       1.0947e+00       5.2837e-03       9.9758e-03      -7.4706e-03      -3.9398e-03
 1.0000e+00       3.1500e+00       1.1092e+00       5.2772e-03       9.6285e-03      -7.3774e-03      -3.7437e-03
 1.0000e+00       3.1500e+00       1.1237e+00       5.2687e-03       9.2952e-03      -7.2839e-03      -3.5569e-03
 1.0000e+00       3.1500e+00       1.1382e+00       5.2582e-03       8.9754e-03      -7.1901e-03      -3.3792e-03
 1.0000e+00       3.1500e+00       1.1526e+00       5.2458e-03       8.6685e-03      -7.0962e-03      -3.2101e-03
 1.0000e+00       3.1500e+00       1.1671e+00       5.2316e-03       8.3740e-03      -7.0023e-03      -3.0493e-03
 1.0000e+00       3.1500e+00       1.1816e+00       5.2156e-03       8.0913e-03      -6.9085e-03      -2.8964e-03
 1.0000e+00       3.1500e+00       1.1961e+00       5.1978e-03       7.8200e-03      -6.8148e-03      -2.7511e-03
 1.0000e+00       3.1500e+00       1.2105e+00       5.1784e-03       7.5596e-03      -6.7214e-03      -2.6131e-03
 1.0000e+00       3.1500e+00       1.2250e+00       5.1573e-03       7.3095e-03      -6.6282e-03      -2.4820e-03
 1.0000e+00       3.1500e+00       1.2395e+00       5.1348e-03       7.0695e-03      -6.5354e-03      -2.3576e-03
 1.0000e+00       3.1500e+00       1.2540e+00       5.1107e-03       6.8390e-03      -6.4430e-03      -2.2395e-03
 1.0000e+00       3.1500e+00       1.2684e+00       5.0853e-03       6.6177e-03      -6.3511e-03      -2.1275e-03
 1.0000e+00       3.1500e+00       1.2829e+00       5.0585e-03       6.4051e-03      -6.2596e-03      -2.0213e-03
 1.0000e+00       3.1500e+00       1.2974e+00       5.0304e-03       6.2009e-03      -6.1688e-03      -1.9205e-03
 1.0000e+00       3.1500e+00       1.3118e+00       5.0011e-03       6.0048e-03      -6.0786e-03      -1.8250e-03
 1.0000e+00       3.1500e+00       1.3263e+00       4.9706e-03       5.8164e-03      -5.9890e-03      -1.7346e-03
 1.0000e+00       3.1500e+00       1.3408e+00       4.9390e-03       5.6353e-03      -5.9000e-03      -1.6489e-03
 1.0000e+00       3.1500e+00       1.3553e+00       4.9064e-03       5.4613e-03      -5.8119e-03      -1.5677e-03
 1.0000e+00       3.1500e+00       1.3697e+00       4.8729e-03       5.2940e-03      -5.7244e-03      -1.4909e-03
 1.0000e+00       3.1500e+00       1.3842e+00       4.8384e-03       5.1332e-03      -5.6377e-03      -1.4182e-03
 1.0000e+00       3.1500e+00       1.3987e+00       4.8030e-03       4.9786e-03      -5.5519e-03      -1.3494e-03
 1.0000e+00       3.1500e+00       1.4132e+00       4.7669e-03       4.8299e-03      -5.4668e-03      -1.2843e-03
 1.0000e+00       3.1500e+00       1.4276e+00       4.7300e-03       4.6868e-03      -5.3826e-03      -1.2228e-03
 1.0000e+00       3.1500e+00       1.4421e+00       4.6924e-03       4.5491e-03      -5.2993e-03      -1.1646e-03
 1.0000e+00       3.1500e+00       1.4566e+00       4.6541e-03       4.4167e-03      -5.2169e-03      -1.1096e-03
 1.0000e+00       3.1500e+00       1.4711e+00       4.6153e-03       4.2891e-03      -5.1353e-03      -1.0575e-03
 1.0000e+00       3.1500e+00       1.4855e+00       4.5758e-03       4.1664e-03      -5.0547e-03      -1.0084e-03
 1.0000e+00       3.1500e+00       1.5000e+00       4.5359e-03       4.0481e-03      -4.9749e-03      -9.6191e-04
