 6.0000e+00       3.1500e+00       4.9650e-01       4.6744e-03       9.3988e-03       0.0000e+00       0.0000e+00
 6.0000e+00       3.1500e+00       5.0664e-01       4.4556e-03       9.2553e-03       3.5605e-05      -1.5627e-05
 6.0000e+00       3.1500e+00       5.1678e-01       4.2489e-03       9.1164e-03       1.8042e-05      -2.8184e-05
 6.0000e+00       3.1500e+00       5.2691e-01       4.0535e-03       8.9820e-03      -1.5320e-05      -3.7950e-05
 6.0000e+00       3.1500e+00       5.3705e-01       3.8688e-03       8.8519e-03      -5.8537e-05      -4.5181e-05
 6.0000e+00       3.1500e+00       5.4719e-01       3.6942e-03       8.7257e-03      -1.0861e-04      -5.0118e-05
 6.0000e+00       3.1500e+00       5.5732e-01       3.5293e-03       8.6034e-03      -1.6366e-04      -5.2980e-05
 6.0000e+00       3.1500e+00       5.6746e-01       3.3734e-03       8.4847e-03      -2.2237e-04      -5.3971e-05
 6.0000e+00       3.1500e+00       5.7759e-01       3.2262e-03       8.3694e-03      -2.8376e-04      -5.3280e-05
 6.0000e+00       3.1500e+00       5.8773e-01       3.0871e-03       8.2573e-03      -3.4707e-04      -5.1082e-05
 6.0000e+00       3.1500e+00       5.9787e-01       2.9557e-03       8.1484e-03      -4.1170e-04      -4.7539e-05
 6.0000e+00       3.1500e+00       6.0800e-01       2.8315e-03       8.0424e-03      -4.7716e-04      -4.2800e-05
 6.0000e+00       3.1500e+00       6.1814e-01       2.7143e-03       7.9393e-03      -5.4304e-04      -3.7002e-05
 6.0000e+00       3.1500e+00       6.2828e-01       2.6036e-03       7.8388e-03      -6.0902e-04      -3.0273e-05
 6.0000e+00       3.1500e+00       6.3841e-01       2.4990e-03       7.7409e-03      -6.7481e-04      -2.2731e-05
 6.0000e+00       3.1500e+00       6.4855e-01       2.4003e-03       7.6454e-03      -7.4018e-04      -1.4484e-05
 6.0000e+00       3.1500e+00       6.5868e-01       2.3071e-03       7.5523e-03      -8.0493e-04      -5.6329e-06
 6.0000e+00       3.1500e+00       6.6882e-01       2.2191e-03       7.4613e-03      -8.6889e-04       3.7316e-06
 6.0000e+00       3.1500e+00       6.7896e-01       2.1361e-03       7.3725e-03      -9.3193e-04       1.3524e-05
 6.0000e+00       3.1500e+00       6.8909e-01       2.0577e-03       7.2857e-03      -9.9393e-04       2.3667e-05
 6.0000e+00       3.1500e+00       6.9923e-01       1.9838e-03       7.2009e-03      -1.0548e-03       3.4089e-05
 6.0000e+00       3.1500e+00       7.0937e-01       1.9140e-03       7.1179e-03      -1.1144e-03       4.4723e-05
 6.0000e+00       3.1500e+00       7.1950e-01       1.8482e-03       7.0368e-03      -1.1727e-03       5.5511e-05
 6.0000e+00       3.1500e+00       7.2964e-01       1.7861e-03       6.9573e-03      -1.2297e-03       6.6398e-05
 6.0000e+00       3.1500e+00       7.3978e-01       1.7275e-03       6.8794e-03      -1.2852e-03       7.7332e-05
 6.0000e+00       3.1500e+00       7.4991e-01       1.6723e-03       6.8031e-03      -1.3393e-03       8.8269e-05
 6.0000e+00       3.1500e+00       7.6005e-01       1.6202e-03       6.7283e-03      -1.3920e-03       9.9167e-05
 6.0000e+00       3.1500e+00       7.7018e-01       1.5711e-03       6.6550e-03      -1.4431e-03       1.0999e-04
 6.0000e+00       3.1500e+00       7.8032e-01       1.5248e-03       6.5830e-03      -1.4927e-03       1.2070e-04
 6.0000e+00       3.1500e+00       7.9046e-01       1.4811e-03       6.5124e-03      -1.5408e-03       1.3127e-04
 6.0000e+00       3.1500e+00       8.0059e-01       1.4400e-03       6.4430e-03      -1.5874e-03       1.4167e-04
 6.0000e+00       3.1500e+00       8.1073e-01       1.4012e-03       6.3749e-03      -1.6325e-03       1.5188e-04
 6.0000e+00       3.1500e+00       8.2087e-01       1.3647e-03       6.3079e-03      -1.6760e-03       1.6187e-04
 6.0000e+00       3.1500e+00       8.3100e-01       1.3302e-03       6.2421e-03      -1.7180e-03       1.7162e-04
 6.0000e+00       3.1500e+00       8.4114e-01       1.2978e-03       6.1774e-03      -1.7585e-03       1.8113e-04
 6.0000e+00       3.1500e+00       8.5127e-01       1.2673e-03       6.1137e-03      -1.7975e-03       1.9036e-04
 6.0000e+00       3.1500e+00       8.6141e-01       1.2385e-03       6.0511e-03      -1.8349e-03       1.9931e-04
 6.0000e+00       3.1500e+00       8.7155e-01       1.2114e-03       5.9894e-03      -1.8710e-03       2.0798e-04
 6.0000e+00       3.1500e+00       8.8168e-01       1.1858e-03       5.9287e-03      -1.9055e-03       2.1634e-04
 6.0000e+00       3.1500e+00       8.9182e-01       1.1618e-03       5.8689e-03      -1.9386e-03       2.2439e-04
 6.0000e+00       3.1500e+00       9.0196e-01       1.1391e-03       5.8100e-03      -1.9703e-03       2.3212e-04
 6.0000e+00       3.1500e+00       9.1209e-01       1.1178e-03       5.7519e-03      -2.0006e-03       2.3953e-04
 6.0000e+00       3.1500e+00       9.2223e-01       1.0977e-03       5.6946e-03      -2.0296e-03       2.4662e-04
 6.0000e+00       3.1500e+00       9.3237e-01       1.0787e-03       5.6382e-03      -2.0571e-03       2.5338e-04
 6.0000e+00       3.1500e+00       9.4250e-01       1.0609e-03       5.5825e-03      -2.0834e-03       2.5981e-04
 6.0000e+00       3.1500e+00       9.5264e-01       1.0441e-03       5.5275e-03      -2.1083e-03       2.6590e-04
 6.0000e+00       3.1500e+00       9.6277e-01       1.0282e-03       5.4733e-03      -2.1319e-03       2.7167e-04
 6.0000e+00       3.1500e+00       9.7291e-01       1.0133e-03       5.4197e-03      -2.1543e-03       2.7711e-04
 6.0000e+00       3.1500e+00       9.8305e-01       9.9924e-04       5.3669e-03      -2.1755e-03       2.8222e-04
 6.0000e+00       3.1500e+00       9.9318e-01       9.8597e-04       5.3147e-03      -2.1954e-03       2.8700e-04
 6.0000e+00       3.1500e+00       1.0033e+00       9.7346e-04       5.2631e-03      -2.2142e-03       2.9146e-04
 6.0000e+00       3.1500e+00       1.0135e+00       9.6165e-04       5.2122e-03      -2.2318e-03       2.9560e-04
 6.0000e+00       3.1500e+00       1.0236e+00       9.5050e-04       5.1618e-03      -2.2483e-03       2.9943e-04
 6.0000e+00       3.1500e+00       1.0337e+00       9.3998e-04       5.1121e-03      -2.2637e-03       3.0295e-04
 6.0000e+00       3.1500e+00       1.0439e+00       9.3003e-04       5.0629e-03      -2.2780e-03       3.0616e-04
 6.0000e+00       3.1500e+00       1.0540e+00       9.2063e-04       5.0142e-03      -2.2913e-03       3.0906e-04
 6.0000e+00       3.1500e+00       1.0641e+00       9.1173e-04       4.9661e-03      -2.3035e-03       3.1168e-04
 6.0000e+00       3.1500e+00       1.0743e+00       9.0331e-04       4.9185e-03      -2.3147e-03       3.1400e-04
 6.0000e+00       3.1500e+00       1.0844e+00       8.9533e-04       4.8714e-03      -2.3250e-03       3.1605e-04
 6.0000e+00       3.1500e+00       1.0945e+00       8.8776e-04       4.8248e-03      -2.3342e-03       3.1781e-04
 6.0000e+00       3.1500e+00       1.1047e+00       8.8057e-04       4.7787e-03      -2.3426e-03       3.1931e-04
 6.0000e+00       3.1500e+00       1.1148e+00       8.7374e-04       4.7331e-03      -2.3501e-03       3.2054e-04
 6.0000e+00       3.1500e+00       1.1250e+00       8.6724e-04       4.6879e-03      -2.3567e-03       3.2152e-04
 6.0000e+00       3.1500e+00       1.1351e+00       8.6105e-04       4.6432e-03      -2.3624e-03       3.2224e-04
 6.0000e+00       3.1500e+00       1.1452e+00       8.5514e-04       4.5989e-03      -2.3673e-03       3.2273e-04
 6.0000e+00       3.1500e+00       1.1554e+00       8.4950e-04       4.5551e-03      -2.3714e-03       3.2297e-04
 6.0000e+00       3.1500e+00       1.1655e+00       8.4410e-04       4.5116e-03      -2.3747e-03       3.2300e-04
 6.0000e+00       3.1500e+00       1.1756e+00       8.3892e-04       4.4686e-03      -2.3772e-03       3.2280e-04
 6.0000e+00       3.1500e+00       1.1858e+00       8.3395e-04       4.4259e-03      -2.3790e-03       3.2238e-04
 6.0000e+00       3.1500e+00       1.1959e+00       8.2917e-04       4.3837e-03      -2.3801e-03       3.2176e-04
 6.0000e+00       3.1500e+00       1.2060e+00       8.2457e-04       4.3419e-03      -2.3805e-03       3.2094e-04
 6.0000e+00       3.1500e+00       1.2162e+00       8.2013e-04       4.3004e-03      -2.3802e-03       3.1993e-04
 6.0000e+00       3.1500e+00       1.2263e+00       8.1583e-04       4.2593e-03      -2.3792e-03       3.1874e-04
 6.0000e+00       3.1500e+00       1.2365e+00       8.1166e-04       4.2185e-03      -2.3776e-03       3.1736e-04
 6.0000e+00       3.1500e+00       1.2466e+00       8.0762e-04       4.1781e-03      -2.3754e-03       3.1582e-04
 6.0000e+00       3.1500e+00       1.2567e+00       8.0369e-04       4.1381e-03      -2.3726e-03       3.1411e-04
 6.0000e+00       3.1500e+00       1.2669e+00       7.9985e-04       4.0984e-03      -2.3692e-03       3.1224e-04
 6.0000e+00       3.1500e+00       1.2770e+00       7.9610e-04       4.0590e-03      -2.3653e-03       3.1023e-04
 6.0000e+00       3.1500e+00       1.2871e+00       7.9243e-04       4.0200e-03      -2.3608e-03       3.0807e-04
 6.0000e+00       3.1500e+00       1.2973e+00       7.8883e-04       3.9813e-03      -2.3558e-03       3.0577e-04
 6.0000e+00       3.1500e+00       1.3074e+00       7.8529e-04       3.9429e-03      -2.3503e-03       3.0335e-04
 6.0000e+00       3.1500e+00       1.3175e+00       7.8181e-04       3.9048e-03      -2.3443e-03       3.0080e-04
 6.0000e+00       3.1500e+00       1.3277e+00       7.7837e-04       3.8671e-03      -2.3378e-03       2.9813e-04
 6.0000e+00       3.1500e+00       1.3378e+00       7.7497e-04       3.8296e-03      -2.3309e-03       2.9535e-04
 6.0000e+00       3.1500e+00       1.3480e+00       7.7161e-04       3.7925e-03      -2.3235e-03       2.9247e-04
 6.0000e+00       3.1500e+00       1.3581e+00       7.6827e-04       3.7556e-03      -2.3157e-03       2.8949e-04
 6.0000e+00       3.1500e+00       1.3682e+00       7.6496e-04       3.7191e-03      -2.3075e-03       2.8641e-04
 6.0000e+00       3.1500e+00       1.3784e+00       7.6166e-04       3.6828e-03      -2.2989e-03       2.8325e-04
 6.0000e+00       3.1500e+00       1.3885e+00       7.5838e-04       3.6468e-03      -2.2900e-03       2.8000e-04
 6.0000e+00       3.1500e+00       1.3986e+00       7.5511e-04       3.6111e-03      -2.2806e-03       2.7668e-04
 6.0000e+00       3.1500e+00       1.4088e+00       7.5184e-04       3.5757e-03      -2.2710e-03       2.7328e-04
 6.0000e+00       3.1500e+00       1.4189e+00       7.4857e-04       3.5406e-03      -2.2609e-03       2.6982e-04
 6.0000e+00       3.1500e+00       1.4290e+00       7.4530e-04       3.5057e-03      -2.2506e-03       2.6629e-04
 6.0000e+00       3.1500e+00       1.4392e+00       7.4202e-04       3.4711e-03      -2.2400e-03       2.6271e-04
 6.0000e+00       3.1500e+00       1.4493e+00       7.3874e-04       3.4368e-03      -2.2290e-03       2.5908e-04
 6.0000e+00       3.1500e+00       1.4595e+00       7.3544e-04       3.4027e-03      -2.2178e-03       2.5540e-04
 6.0000e+00       3.1500e+00       1.4696e+00       7.3213e-04       3.3689e-03      -2.2063e-03       2.5167e-04
 6.0000e+00       3.1500e+00       1.4797e+00       7.2881e-04       3.3354e-03      -2.1946e-03       2.4791e-04
 6.0000e+00       3.1500e+00       1.4899e+00       7.2547e-04       3.3021e-03      -2.1826e-03       2.4412e-04
 6.0000e+00       3.1500e+00       1.5000e+00       7.2211e-04       3.2691e-03      -2.1703e-03       2.4029e-04
