3.5000e+00       3.1500e+00       3.3493e-01       6.5780e-03       2.5201e-03       0.0000e+00       0.0000e+00
 3.5000e+00       3.1500e+00       3.4670e-01       6.2267e-03       3.3986e-03      -1.5704e-04      -9.2727e-04
 3.5000e+00       3.1500e+00       3.5847e-01       5.8967e-03       4.1922e-03      -2.2659e-04      -1.7676e-03
 3.5000e+00       3.1500e+00       3.7024e-01       5.5866e-03       4.9076e-03      -2.8163e-04      -2.5280e-03
 3.5000e+00       3.1500e+00       3.8201e-01       5.2951e-03       5.5509e-03      -3.2850e-04      -3.2148e-03
 3.5000e+00       3.1500e+00       3.9378e-01       5.0210e-03       6.1276e-03      -3.6955e-04      -3.8340e-03
 3.5000e+00       3.1500e+00       4.0554e-01       4.7631e-03       6.6431e-03      -4.0595e-04      -4.3909e-03
 3.5000e+00       3.1500e+00       4.1731e-01       4.5205e-03       7.1021e-03      -4.3840e-04      -4.8905e-03
 3.5000e+00       3.1500e+00       4.2908e-01       4.2922e-03       7.5091e-03      -4.6737e-04      -5.3373e-03
 3.5000e+00       3.1500e+00       4.4085e-01       4.0772e-03       7.8680e-03      -4.9321e-04      -5.7356e-03
 3.5000e+00       3.1500e+00       4.5262e-01       3.8747e-03       8.1827e-03      -5.1619e-04      -6.0893e-03
 3.5000e+00       3.1500e+00       4.6439e-01       3.6839e-03       8.4567e-03      -5.3656e-04      -6.4018e-03
 3.5000e+00       3.1500e+00       4.7615e-01       3.5040e-03       8.6933e-03      -5.5450e-04      -6.6765e-03
 3.5000e+00       3.1500e+00       4.8792e-01       3.3343e-03       8.8953e-03      -5.7020e-04      -6.9164e-03
 3.5000e+00       3.1500e+00       4.9969e-01       3.1743e-03       9.0656e-03      -5.8382e-04      -7.1242e-03
 3.5000e+00       3.1500e+00       5.1146e-01       3.0232e-03       9.2067e-03      -5.9551e-04      -7.3027e-03
 3.5000e+00       3.1500e+00       5.2323e-01       2.8806e-03       9.3210e-03      -6.0539e-04      -7.4541e-03
 3.5000e+00       3.1500e+00       5.3500e-01       2.7459e-03       9.4107e-03      -6.1361e-04      -7.5806e-03
 3.5000e+00       3.1500e+00       5.4676e-01       2.6186e-03       9.4777e-03      -6.2027e-04      -7.6842e-03
 3.5000e+00       3.1500e+00       5.5853e-01       2.4982e-03       9.5241e-03      -6.2549e-04      -7.7669e-03
 3.5000e+00       3.1500e+00       5.7030e-01       2.3843e-03       9.5514e-03      -6.2937e-04      -7.8304e-03
 3.5000e+00       3.1500e+00       5.8207e-01       2.2766e-03       9.5614e-03      -6.3201e-04      -7.8762e-03
 3.5000e+00       3.1500e+00       5.9384e-01       2.1746e-03       9.5555e-03      -6.3349e-04      -7.9058e-03
 3.5000e+00       3.1500e+00       6.0561e-01       2.0780e-03       9.5350e-03      -6.3390e-04      -7.9207e-03
 3.5000e+00       3.1500e+00       6.1737e-01       1.9865e-03       9.5014e-03      -6.3333e-04      -7.9220e-03
 3.5000e+00       3.1500e+00       6.2914e-01       1.8998e-03       9.4557e-03      -6.3184e-04      -7.9110e-03
 3.5000e+00       3.1500e+00       6.4091e-01       1.8175e-03       9.3990e-03      -6.2951e-04      -7.8887e-03
 3.5000e+00       3.1500e+00       6.5268e-01       1.7394e-03       9.3324e-03      -6.2641e-04      -7.8561e-03
 3.5000e+00       3.1500e+00       6.6445e-01       1.6653e-03       9.2568e-03      -6.2260e-04      -7.8142e-03
 3.5000e+00       3.1500e+00       6.7622e-01       1.5950e-03       9.1731e-03      -6.1813e-04      -7.7637e-03
 3.5000e+00       3.1500e+00       6.8798e-01       1.5281e-03       9.0821e-03      -6.1306e-04      -7.7056e-03
 3.5000e+00       3.1500e+00       6.9975e-01       1.4646e-03       8.9845e-03      -6.0745e-04      -7.6406e-03
 3.5000e+00       3.1500e+00       7.1152e-01       1.4042e-03       8.8811e-03      -6.0134e-04      -7.5693e-03
 3.5000e+00       3.1500e+00       7.2329e-01       1.3467e-03       8.7725e-03      -5.9478e-04      -7.4923e-03
 3.5000e+00       3.1500e+00       7.3506e-01       1.2920e-03       8.6592e-03      -5.8781e-04      -7.4103e-03
 3.5000e+00       3.1500e+00       7.4683e-01       1.2399e-03       8.5418e-03      -5.8048e-04      -7.3237e-03
 3.5000e+00       3.1500e+00       7.5859e-01       1.1903e-03       8.4209e-03      -5.7281e-04      -7.2332e-03
 3.5000e+00       3.1500e+00       7.7036e-01       1.1430e-03       8.2969e-03      -5.6485e-04      -7.1391e-03
 3.5000e+00       3.1500e+00       7.8213e-01       1.0979e-03       8.1703e-03      -5.5663e-04      -7.0419e-03
 3.5000e+00       3.1500e+00       7.9390e-01       1.0548e-03       8.0414e-03      -5.4818e-04      -6.9420e-03
 3.5000e+00       3.1500e+00       8.0567e-01       1.0138e-03       7.9106e-03      -5.3953e-04      -6.8397e-03
 3.5000e+00       3.1500e+00       8.1744e-01       9.7460e-04       7.7783e-03      -5.3070e-04      -6.7354e-03
 3.5000e+00       3.1500e+00       8.2920e-01       9.3717e-04       7.6448e-03      -5.2173e-04      -6.6294e-03
 3.5000e+00       3.1500e+00       8.4097e-01       9.0141e-04       7.5103e-03      -5.1263e-04      -6.5220e-03
 3.5000e+00       3.1500e+00       8.5274e-01       8.6722e-04       7.3753e-03      -5.0343e-04      -6.4135e-03
 3.5000e+00       3.1500e+00       8.6451e-01       8.3453e-04       7.2398e-03      -4.9415e-04      -6.3040e-03
 3.5000e+00       3.1500e+00       8.7628e-01       8.0325e-04       7.1041e-03      -4.8481e-04      -6.1940e-03
 3.5000e+00       3.1500e+00       8.8805e-01       7.7332e-04       6.9685e-03      -4.7542e-04      -6.0834e-03
 3.5000e+00       3.1500e+00       8.9981e-01       7.4466e-04       6.8331e-03      -4.6601e-04      -5.9726e-03
 3.5000e+00       3.1500e+00       9.1158e-01       7.1721e-04       6.6982e-03      -4.5658e-04      -5.8617e-03
 3.5000e+00       3.1500e+00       9.2335e-01       6.9091e-04       6.5638e-03      -4.4716e-04      -5.7509e-03
 3.5000e+00       3.1500e+00       9.3512e-01       6.6570e-04       6.4302e-03      -4.3775e-04      -5.6404e-03
 3.5000e+00       3.1500e+00       9.4689e-01       6.4153e-04       6.2974e-03      -4.2838e-04      -5.5302e-03
 3.5000e+00       3.1500e+00       9.5866e-01       6.1835e-04       6.1656e-03      -4.1904e-04      -5.4205e-03
 3.5000e+00       3.1500e+00       9.7042e-01       5.9610e-04       6.0348e-03      -4.0975e-04      -5.3115e-03
 3.5000e+00       3.1500e+00       9.8219e-01       5.7474e-04       5.9053e-03      -4.0052e-04      -5.2031e-03
 3.5000e+00       3.1500e+00       9.9396e-01       5.5424e-04       5.7771e-03      -3.9137e-04      -5.0956e-03
 3.5000e+00       3.1500e+00       1.0057e+00       5.3454e-04       5.6503e-03      -3.8229e-04      -4.9890e-03
 3.5000e+00       3.1500e+00       1.0175e+00       5.1562e-04       5.5249e-03      -3.7329e-04      -4.8834e-03
 3.5000e+00       3.1500e+00       1.0293e+00       4.9743e-04       5.4011e-03      -3.6439e-04      -4.7788e-03
 3.5000e+00       3.1500e+00       1.0410e+00       4.7994e-04       5.2788e-03      -3.5559e-04      -4.6754e-03
 3.5000e+00       3.1500e+00       1.0528e+00       4.6313e-04       5.1582e-03      -3.4689e-04      -4.5731e-03
 3.5000e+00       3.1500e+00       1.0646e+00       4.4695e-04       5.0392e-03      -3.3829e-04      -4.4721e-03
 3.5000e+00       3.1500e+00       1.0763e+00       4.3138e-04       4.9220e-03      -3.2982e-04      -4.3724e-03
 3.5000e+00       3.1500e+00       1.0881e+00       4.1640e-04       4.8065e-03      -3.2145e-04      -4.2740e-03
 3.5000e+00       3.1500e+00       1.0999e+00       4.0198e-04       4.6928e-03      -3.1321e-04      -4.1769e-03
 3.5000e+00       3.1500e+00       1.1116e+00       3.8808e-04       4.5809e-03      -3.0510e-04      -4.0812e-03
 3.5000e+00       3.1500e+00       1.1234e+00       3.7470e-04       4.4708e-03      -2.9711e-04      -3.9870e-03
 3.5000e+00       3.1500e+00       1.1352e+00       3.6181e-04       4.3626e-03      -2.8925e-04      -3.8942e-03
 3.5000e+00       3.1500e+00       1.1469e+00       3.4939e-04       4.2563e-03      -2.8153e-04      -3.8029e-03
 3.5000e+00       3.1500e+00       1.1587e+00       3.3741e-04       4.1518e-03      -2.7393e-04      -3.7130e-03
 3.5000e+00       3.1500e+00       1.1705e+00       3.2586e-04       4.0492e-03      -2.6647e-04      -3.6247e-03
 3.5000e+00       3.1500e+00       1.1823e+00       3.1473e-04       3.9485e-03      -2.5915e-04      -3.5378e-03
 3.5000e+00       3.1500e+00       1.1940e+00       3.0399e-04       3.8497e-03      -2.5197e-04      -3.4525e-03
 3.5000e+00       3.1500e+00       1.2058e+00       2.9363e-04       3.7528e-03      -2.4492e-04      -3.3686e-03
 3.5000e+00       3.1500e+00       1.2176e+00       2.8363e-04       3.6577e-03      -2.3801e-04      -3.2863e-03
 3.5000e+00       3.1500e+00       1.2293e+00       2.7398e-04       3.5645e-03      -2.3124e-04      -3.2055e-03
 3.5000e+00       3.1500e+00       1.2411e+00       2.6467e-04       3.4732e-03      -2.2461e-04      -3.1262e-03
 3.5000e+00       3.1500e+00       1.2529e+00       2.5568e-04       3.3837e-03      -2.1811e-04      -3.0485e-03
 3.5000e+00       3.1500e+00       1.2646e+00       2.4701e-04       3.2961e-03      -2.1175e-04      -2.9722e-03
 3.5000e+00       3.1500e+00       1.2764e+00       2.3863e-04       3.2103e-03      -2.0553e-04      -2.8975e-03
 3.5000e+00       3.1500e+00       1.2882e+00       2.3053e-04       3.1263e-03      -1.9945e-04      -2.8242e-03
 3.5000e+00       3.1500e+00       1.2999e+00       2.2271e-04       3.0441e-03      -1.9350e-04      -2.7525e-03
 3.5000e+00       3.1500e+00       1.3117e+00       2.1516e-04       2.9637e-03      -1.8769e-04      -2.6822e-03
 3.5000e+00       3.1500e+00       1.3235e+00       2.0787e-04       2.8851e-03      -1.8201e-04      -2.6133e-03
 3.5000e+00       3.1500e+00       1.3352e+00       2.0082e-04       2.8081e-03      -1.7646e-04      -2.5460e-03
 3.5000e+00       3.1500e+00       1.3470e+00       1.9401e-04       2.7329e-03      -1.7104e-04      -2.4800e-03
 3.5000e+00       3.1500e+00       1.3588e+00       1.8742e-04       2.6594e-03      -1.6576e-04      -2.4155e-03
 3.5000e+00       3.1500e+00       1.3705e+00       1.8106e-04       2.5876e-03      -1.6060e-04      -2.3524e-03
 3.5000e+00       3.1500e+00       1.3823e+00       1.7491e-04       2.5174e-03      -1.5557e-04      -2.2906e-03
 3.5000e+00       3.1500e+00       1.3941e+00       1.6897e-04       2.4489e-03      -1.5066e-04      -2.2303e-03
 3.5000e+00       3.1500e+00       1.4059e+00       1.6322e-04       2.3820e-03      -1.4588e-04      -2.1713e-03
 3.5000e+00       3.1500e+00       1.4176e+00       1.5767e-04       2.3166e-03      -1.4121e-04      -2.1136e-03
 3.5000e+00       3.1500e+00       1.4294e+00       1.5230e-04       2.2528e-03      -1.3667e-04      -2.0572e-03
 3.5000e+00       3.1500e+00       1.4412e+00       1.4710e-04       2.1906e-03      -1.3225e-04      -2.0022e-03
 3.5000e+00       3.1500e+00       1.4529e+00       1.4208e-04       2.1298e-03      -1.2794e-04      -1.9484e-03
 3.5000e+00       3.1500e+00       1.4647e+00       1.3723e-04       2.0706e-03      -1.2375e-04      -1.8959e-03
 3.5000e+00       3.1500e+00       1.4765e+00       1.3253e-04       2.0128e-03      -1.1967e-04      -1.8447e-03
 3.5000e+00       3.1500e+00       1.4882e+00       1.2800e-04       1.9564e-03      -1.1570e-04      -1.7946e-03
 3.5000e+00       3.1500e+00       1.5000e+00       1.2361e-04       1.9014e-03      -1.1184e-04      -1.7458e-03
