1.0000e+00       3.1500e+00       9.2858e-02       2.5646e-02       1.3797e-02       0.0000e+00       0.0000e+00
 1.0000e+00       3.1500e+00       1.0707e-01       2.4018e-02       2.3939e-02       3.1705e-04      -1.1955e-02
 1.0000e+00       3.1500e+00       1.2129e-01       2.2464e-02       3.2783e-02       1.5004e-04      -2.2275e-02
 1.0000e+00       3.1500e+00       1.3550e-01       2.0992e-02       4.0462e-02      -1.0587e-04      -3.1160e-02
 1.0000e+00       3.1500e+00       1.4971e-01       1.9605e-02       4.7097e-02      -3.8656e-04      -3.8784e-02
 1.0000e+00       3.1500e+00       1.6393e-01       1.8304e-02       5.2797e-02      -6.6463e-04      -4.5299e-02
 1.0000e+00       3.1500e+00       1.7814e-01       1.7087e-02       5.7661e-02      -9.2690e-04      -5.0837e-02
 1.0000e+00       3.1500e+00       1.9235e-01       1.5951e-02       6.1779e-02      -1.1672e-03      -5.5514e-02
 1.0000e+00       3.1500e+00       2.0657e-01       1.4894e-02       6.5232e-02      -1.3829e-03      -5.9433e-02
 1.0000e+00       3.1500e+00       2.2078e-01       1.3911e-02       6.8091e-02      -1.5737e-03      -6.2682e-02
 1.0000e+00       3.1500e+00       2.3499e-01       1.2997e-02       7.0422e-02      -1.7403e-03      -6.5341e-02
 1.0000e+00       3.1500e+00       2.4921e-01       1.2149e-02       7.2283e-02      -1.8840e-03      -6.7479e-02
 1.0000e+00       3.1500e+00       2.6342e-01       1.1361e-02       7.3727e-02      -2.0064e-03      -6.9159e-02
 1.0000e+00       3.1500e+00       2.7763e-01       1.0631e-02       7.4800e-02      -2.1095e-03      -7.0434e-02
 1.0000e+00       3.1500e+00       2.9185e-01       9.9528e-03       7.5545e-02      -2.1948e-03      -7.1354e-02
 1.0000e+00       3.1500e+00       3.0606e-01       9.3240e-03       7.5999e-02      -2.2643e-03      -7.1960e-02
 1.0000e+00       3.1500e+00       3.2028e-01       8.7405e-03       7.6197e-02      -2.3194e-03      -7.2291e-02
 1.0000e+00       3.1500e+00       3.3449e-01       8.1989e-03       7.6168e-02      -2.3618e-03      -7.2380e-02
 1.0000e+00       3.1500e+00       3.4870e-01       7.6961e-03       7.5940e-02      -2.3928e-03      -7.2258e-02
 1.0000e+00       3.1500e+00       3.6292e-01       7.2292e-03       7.5537e-02      -2.4137e-03      -7.1950e-02
 1.0000e+00       3.1500e+00       3.7713e-01       6.7953e-03       7.4981e-02      -2.4257e-03      -7.1482e-02
 1.0000e+00       3.1500e+00       3.9134e-01       6.3920e-03       7.4292e-02      -2.4297e-03      -7.0873e-02
 1.0000e+00       3.1500e+00       4.0556e-01       6.0168e-03       7.3486e-02      -2.4268e-03      -7.0143e-02
 1.0000e+00       3.1500e+00       4.1977e-01       5.6678e-03       7.2580e-02      -2.4177e-03      -6.9308e-02
 1.0000e+00       3.1500e+00       4.3398e-01       5.3427e-03       7.1588e-02      -2.4033e-03      -6.8383e-02
 1.0000e+00       3.1500e+00       4.4820e-01       5.0399e-03       7.0521e-02      -2.3842e-03      -6.7381e-02
 1.0000e+00       3.1500e+00       4.6241e-01       4.7575e-03       6.9393e-02      -2.3610e-03      -6.6315e-02
 1.0000e+00       3.1500e+00       4.7662e-01       4.4941e-03       6.8211e-02      -2.3342e-03      -6.5194e-02
 1.0000e+00       3.1500e+00       4.9084e-01       4.2482e-03       6.6986e-02      -2.3044e-03      -6.4028e-02
 1.0000e+00       3.1500e+00       5.0505e-01       4.0185e-03       6.5725e-02      -2.2719e-03      -6.2826e-02
 1.0000e+00       3.1500e+00       5.1926e-01       3.8037e-03       6.4436e-02      -2.2371e-03      -6.1594e-02
 1.0000e+00       3.1500e+00       5.3348e-01       3.6027e-03       6.3125e-02      -2.2005e-03      -6.0339e-02
 1.0000e+00       3.1500e+00       5.4769e-01       3.4146e-03       6.1798e-02      -2.1622e-03      -5.9067e-02
 1.0000e+00       3.1500e+00       5.6191e-01       3.2383e-03       6.0459e-02      -2.1226e-03      -5.7784e-02
 1.0000e+00       3.1500e+00       5.7612e-01       3.0730e-03       5.9113e-02      -2.0819e-03      -5.6493e-02
 1.0000e+00       3.1500e+00       5.9033e-01       2.9179e-03       5.7765e-02      -2.0404e-03      -5.5199e-02
 1.0000e+00       3.1500e+00       6.0455e-01       2.7723e-03       5.6417e-02      -1.9981e-03      -5.3906e-02
 1.0000e+00       3.1500e+00       6.1876e-01       2.6354e-03       5.5074e-02      -1.9554e-03      -5.2616e-02
 1.0000e+00       3.1500e+00       6.3297e-01       2.5067e-03       5.3737e-02      -1.9123e-03      -5.1332e-02
 1.0000e+00       3.1500e+00       6.4719e-01       2.3855e-03       5.2409e-02      -1.8690e-03      -5.0058e-02
 1.0000e+00       3.1500e+00       6.6140e-01       2.2714e-03       5.1093e-02      -1.8256e-03      -4.8794e-02
 1.0000e+00       3.1500e+00       6.7561e-01       2.1638e-03       4.9790e-02      -1.7822e-03      -4.7543e-02
 1.0000e+00       3.1500e+00       6.8983e-01       2.0623e-03       4.8502e-02      -1.7389e-03      -4.6307e-02
 1.0000e+00       3.1500e+00       7.0404e-01       1.9664e-03       4.7230e-02      -1.6958e-03      -4.5087e-02
 1.0000e+00       3.1500e+00       7.1825e-01       1.8759e-03       4.5976e-02      -1.6530e-03      -4.3883e-02
 1.0000e+00       3.1500e+00       7.3247e-01       1.7903e-03       4.4740e-02      -1.6106e-03      -4.2698e-02
 1.0000e+00       3.1500e+00       7.4668e-01       1.7093e-03       4.3524e-02      -1.5685e-03      -4.1533e-02
 1.0000e+00       3.1500e+00       7.6090e-01       1.6327e-03       4.2329e-02      -1.5269e-03      -4.0386e-02
 1.0000e+00       3.1500e+00       7.7511e-01       1.5600e-03       4.1154e-02      -1.4858e-03      -3.9261e-02
 1.0000e+00       3.1500e+00       7.8932e-01       1.4911e-03       4.0001e-02      -1.4452e-03      -3.8156e-02
 1.0000e+00       3.1500e+00       8.0354e-01       1.4258e-03       3.8870e-02      -1.4052e-03      -3.7073e-02
 1.0000e+00       3.1500e+00       8.1775e-01       1.3638e-03       3.7761e-02      -1.3658e-03      -3.6011e-02
 1.0000e+00       3.1500e+00       8.3196e-01       1.3048e-03       3.6674e-02      -1.3270e-03      -3.4971e-02
 1.0000e+00       3.1500e+00       8.4618e-01       1.2488e-03       3.5610e-02      -1.2889e-03      -3.3953e-02
 1.0000e+00       3.1500e+00       8.6039e-01       1.1955e-03       3.4569e-02      -1.2514e-03      -3.2957e-02
 1.0000e+00       3.1500e+00       8.7460e-01       1.1448e-03       3.3551e-02      -1.2147e-03      -3.1983e-02
 1.0000e+00       3.1500e+00       8.8882e-01       1.0965e-03       3.2556e-02      -1.1786e-03      -3.1032e-02
 1.0000e+00       3.1500e+00       9.0303e-01       1.0505e-03       3.1583e-02      -1.1432e-03      -3.0102e-02
 1.0000e+00       3.1500e+00       9.1724e-01       1.0066e-03       3.0633e-02      -1.1086e-03      -2.9195e-02
 1.0000e+00       3.1500e+00       9.3146e-01       9.6477e-04       2.9706e-02      -1.0746e-03      -2.8309e-02
 1.0000e+00       3.1500e+00       9.4567e-01       9.2484e-04       2.8801e-02      -1.0414e-03      -2.7445e-02
 1.0000e+00       3.1500e+00       9.5989e-01       8.8671e-04       2.7918e-02      -1.0090e-03      -2.6602e-02
 1.0000e+00       3.1500e+00       9.7410e-01       8.5029e-04       2.7057e-02      -9.7720e-04      -2.5780e-02
 1.0000e+00       3.1500e+00       9.8831e-01       8.1549e-04       2.6218e-02      -9.4617e-04      -2.4979e-02
 1.0000e+00       3.1500e+00       1.0025e+00       7.8222e-04       2.5400e-02      -9.1587e-04      -2.4199e-02
 1.0000e+00       3.1500e+00       1.0167e+00       7.5039e-04       2.4604e-02      -8.8628e-04      -2.3440e-02
 1.0000e+00       3.1500e+00       1.0310e+00       7.1994e-04       2.3828e-02      -8.5741e-04      -2.2700e-02
 1.0000e+00       3.1500e+00       1.0452e+00       6.9079e-04       2.3073e-02      -8.2925e-04      -2.1980e-02
 1.0000e+00       3.1500e+00       1.0594e+00       6.6288e-04       2.2338e-02      -8.0179e-04      -2.1279e-02
 1.0000e+00       3.1500e+00       1.0736e+00       6.3614e-04       2.1623e-02      -7.7503e-04      -2.0598e-02
 1.0000e+00       3.1500e+00       1.0878e+00       6.1053e-04       2.0927e-02      -7.4897e-04      -1.9935e-02
 1.0000e+00       3.1500e+00       1.1020e+00       5.8597e-04       2.0250e-02      -7.2358e-04      -1.9291e-02
 1.0000e+00       3.1500e+00       1.1162e+00       5.6244e-04       1.9593e-02      -6.9886e-04      -1.8665e-02
 1.0000e+00       3.1500e+00       1.1304e+00       5.3986e-04       1.8953e-02      -6.7481e-04      -1.8056e-02
 1.0000e+00       3.1500e+00       1.1447e+00       5.1821e-04       1.8332e-02      -6.5141e-04      -1.7465e-02
 1.0000e+00       3.1500e+00       1.1589e+00       4.9744e-04       1.7729e-02      -6.2866e-04      -1.6890e-02
 1.0000e+00       3.1500e+00       1.1731e+00       4.7750e-04       1.7143e-02      -6.0654e-04      -1.6333e-02
 1.0000e+00       3.1500e+00       1.1873e+00       4.5836e-04       1.6574e-02      -5.8505e-04      -1.5791e-02
 1.0000e+00       3.1500e+00       1.2015e+00       4.3999e-04       1.6021e-02      -5.6416e-04      -1.5266e-02
 1.0000e+00       3.1500e+00       1.2157e+00       4.2235e-04       1.5485e-02      -5.4388e-04      -1.4756e-02
 1.0000e+00       3.1500e+00       1.2299e+00       4.0541e-04       1.4965e-02      -5.2419e-04      -1.4261e-02
 1.0000e+00       3.1500e+00       1.2442e+00       3.8914e-04       1.4460e-02      -5.0508e-04      -1.3781e-02
 1.0000e+00       3.1500e+00       1.2584e+00       3.7351e-04       1.3970e-02      -4.8654e-04      -1.3315e-02
 1.0000e+00       3.1500e+00       1.2726e+00       3.5850e-04       1.3495e-02      -4.6856e-04      -1.2864e-02
 1.0000e+00       3.1500e+00       1.2868e+00       3.4407e-04       1.3035e-02      -4.5112e-04      -1.2426e-02
 1.0000e+00       3.1500e+00       1.3010e+00       3.3021e-04       1.2589e-02      -4.3421e-04      -1.2002e-02
 1.0000e+00       3.1500e+00       1.3152e+00       3.1689e-04       1.2156e-02      -4.1783e-04      -1.1591e-02
 1.0000e+00       3.1500e+00       1.3294e+00       3.0408e-04       1.1737e-02      -4.0196e-04      -1.1193e-02
 1.0000e+00       3.1500e+00       1.3437e+00       2.9178e-04       1.1331e-02      -3.8659e-04      -1.0807e-02
 1.0000e+00       3.1500e+00       1.3579e+00       2.7996e-04       1.0938e-02      -3.7171e-04      -1.0433e-02
 1.0000e+00       3.1500e+00       1.3721e+00       2.6859e-04       1.0557e-02      -3.5730e-04      -1.0072e-02
 1.0000e+00       3.1500e+00       1.3863e+00       2.5767e-04       1.0188e-02      -3.4336e-04      -9.7213e-03
 1.0000e+00       3.1500e+00       1.4005e+00       2.4717e-04       9.8309e-03      -3.2988e-04      -9.3821e-03
 1.0000e+00       3.1500e+00       1.4147e+00       2.3707e-04       9.4854e-03      -3.1684e-04      -9.0539e-03
 1.0000e+00       3.1500e+00       1.4289e+00       2.2737e-04       9.1510e-03      -3.0423e-04      -8.7363e-03
 1.0000e+00       3.1500e+00       1.4431e+00       2.1805e-04       8.8275e-03      -2.9205e-04      -8.4290e-03
 1.0000e+00       3.1500e+00       1.4574e+00       2.0909e-04       8.5145e-03      -2.8027e-04      -8.1318e-03
 1.0000e+00       3.1500e+00       1.4716e+00       2.0048e-04       8.2118e-03      -2.6890e-04      -7.8443e-03
 1.0000e+00       3.1500e+00       1.4858e+00       1.9220e-04       7.9190e-03      -2.5791e-04      -7.5663e-03
 1.0000e+00       3.1500e+00       1.5000e+00       1.8425e-04       7.6360e-03      -2.4731e-04      -7.2975e-03
