7.5000e+00       3.1500e+00       6.5084e-01       1.8637e-03       4.8526e-03       0.0000e+00       0.0000e+00
 7.5000e+00       3.1500e+00       6.5942e-01       1.7961e-03       4.8172e-03      -7.4021e-05       2.0769e-06
 7.5000e+00       3.1500e+00       6.6799e-01       1.7314e-03       4.7825e-03      -1.1073e-04       4.5911e-06
 7.5000e+00       3.1500e+00       6.7657e-01       1.6698e-03       4.7485e-03      -1.4267e-04       7.4987e-06
 7.5000e+00       3.1500e+00       6.8515e-01       1.6109e-03       4.7152e-03      -1.7249e-04       1.0759e-05
 7.5000e+00       3.1500e+00       6.9373e-01       1.5547e-03       4.6825e-03      -2.0108e-04       1.4332e-05
 7.5000e+00       3.1500e+00       7.0230e-01       1.5012e-03       4.6504e-03      -2.2885e-04       1.8183e-05
 7.5000e+00       3.1500e+00       7.1088e-01       1.4500e-03       4.6189e-03      -2.5597e-04       2.2279e-05
 7.5000e+00       3.1500e+00       7.1946e-01       1.4012e-03       4.5880e-03      -2.8256e-04       2.6586e-05
 7.5000e+00       3.1500e+00       7.2804e-01       1.3547e-03       4.5575e-03      -3.0867e-04       3.1077e-05
 7.5000e+00       3.1500e+00       7.3661e-01       1.3103e-03       4.5275e-03      -3.3432e-04       3.5723e-05
 7.5000e+00       3.1500e+00       7.4519e-01       1.2679e-03       4.4980e-03      -3.5952e-04       4.0499e-05
 7.5000e+00       3.1500e+00       7.5377e-01       1.2275e-03       4.4690e-03      -3.8429e-04       4.5380e-05
 7.5000e+00       3.1500e+00       7.6235e-01       1.1890e-03       4.4403e-03      -4.0861e-04       5.0346e-05
 7.5000e+00       3.1500e+00       7.7092e-01       1.1523e-03       4.4121e-03      -4.3248e-04       5.5374e-05
 7.5000e+00       3.1500e+00       7.7950e-01       1.1172e-03       4.3842e-03      -4.5590e-04       6.0447e-05
 7.5000e+00       3.1500e+00       7.8808e-01       1.0838e-03       4.3567e-03      -4.7886e-04       6.5545e-05
 7.5000e+00       3.1500e+00       7.9665e-01       1.0520e-03       4.3296e-03      -5.0135e-04       7.0653e-05
 7.5000e+00       3.1500e+00       8.0523e-01       1.0216e-03       4.3027e-03      -5.2337e-04       7.5755e-05
 7.5000e+00       3.1500e+00       8.1381e-01       9.9271e-04       4.2762e-03      -5.4492e-04       8.0838e-05
 7.5000e+00       3.1500e+00       8.2239e-01       9.6514e-04       4.2500e-03      -5.6598e-04       8.5887e-05
 7.5000e+00       3.1500e+00       8.3096e-01       9.3887e-04       4.2240e-03      -5.8656e-04       9.0892e-05
 7.5000e+00       3.1500e+00       8.3954e-01       9.1383e-04       4.1983e-03      -6.0665e-04       9.5841e-05
 7.5000e+00       3.1500e+00       8.4812e-01       8.8998e-04       4.1729e-03      -6.2625e-04       1.0072e-04
 7.5000e+00       3.1500e+00       8.5670e-01       8.6725e-04       4.1477e-03      -6.4536e-04       1.0553e-04
 7.5000e+00       3.1500e+00       8.6527e-01       8.4560e-04       4.1227e-03      -6.6398e-04       1.1026e-04
 7.5000e+00       3.1500e+00       8.7385e-01       8.2498e-04       4.0980e-03      -6.8211e-04       1.1489e-04
 7.5000e+00       3.1500e+00       8.8243e-01       8.0533e-04       4.0734e-03      -6.9975e-04       1.1943e-04
 7.5000e+00       3.1500e+00       8.9101e-01       7.8663e-04       4.0491e-03      -7.1690e-04       1.2386e-04
 7.5000e+00       3.1500e+00       8.9958e-01       7.6881e-04       4.0249e-03      -7.3356e-04       1.2818e-04
 7.5000e+00       3.1500e+00       9.0816e-01       7.5185e-04       4.0009e-03      -7.4973e-04       1.3239e-04
 7.5000e+00       3.1500e+00       9.1674e-01       7.3570e-04       3.9771e-03      -7.6542e-04       1.3647e-04
 7.5000e+00       3.1500e+00       9.2532e-01       7.2033e-04       3.9534e-03      -7.8063e-04       1.4044e-04
 7.5000e+00       3.1500e+00       9.3389e-01       7.0569e-04       3.9299e-03      -7.9537e-04       1.4428e-04
 7.5000e+00       3.1500e+00       9.4247e-01       6.9175e-04       3.9066e-03      -8.0963e-04       1.4799e-04
 7.5000e+00       3.1500e+00       9.5105e-01       6.7849e-04       3.8834e-03      -8.2343e-04       1.5157e-04
 7.5000e+00       3.1500e+00       9.5963e-01       6.6586e-04       3.8603e-03      -8.3676e-04       1.5501e-04
 7.5000e+00       3.1500e+00       9.6820e-01       6.5384e-04       3.8373e-03      -8.4964e-04       1.5832e-04
 7.5000e+00       3.1500e+00       9.7678e-01       6.4241e-04       3.8145e-03      -8.6206e-04       1.6150e-04
 7.5000e+00       3.1500e+00       9.8536e-01       6.3152e-04       3.7918e-03      -8.7404e-04       1.6453e-04
 7.5000e+00       3.1500e+00       9.9393e-01       6.2116e-04       3.7692e-03      -8.8557e-04       1.6743e-04
 7.5000e+00       3.1500e+00       1.0025e+00       6.1130e-04       3.7467e-03      -8.9667e-04       1.7019e-04
 7.5000e+00       3.1500e+00       1.0111e+00       6.0191e-04       3.7243e-03      -9.0734e-04       1.7281e-04
 7.5000e+00       3.1500e+00       1.0197e+00       5.9298e-04       3.7020e-03      -9.1758e-04       1.7530e-04
 7.5000e+00       3.1500e+00       1.0282e+00       5.8448e-04       3.6798e-03      -9.2741e-04       1.7764e-04
 7.5000e+00       3.1500e+00       1.0368e+00       5.7638e-04       3.6577e-03      -9.3682e-04       1.7985e-04
 7.5000e+00       3.1500e+00       1.0454e+00       5.6868e-04       3.6357e-03      -9.4583e-04       1.8192e-04
 7.5000e+00       3.1500e+00       1.0540e+00       5.6134e-04       3.6138e-03      -9.5444e-04       1.8386e-04
 7.5000e+00       3.1500e+00       1.0626e+00       5.5435e-04       3.5919e-03      -9.6266e-04       1.8566e-04
 7.5000e+00       3.1500e+00       1.0711e+00       5.4770e-04       3.5701e-03      -9.7049e-04       1.8733e-04
 7.5000e+00       3.1500e+00       1.0797e+00       5.4136e-04       3.5484e-03      -9.7794e-04       1.8887e-04
 7.5000e+00       3.1500e+00       1.0883e+00       5.3532e-04       3.5268e-03      -9.8503e-04       1.9028e-04
 7.5000e+00       3.1500e+00       1.0969e+00       5.2957e-04       3.5052e-03      -9.9174e-04       1.9157e-04
 7.5000e+00       3.1500e+00       1.1054e+00       5.2409e-04       3.4837e-03      -9.9810e-04       1.9273e-04
 7.5000e+00       3.1500e+00       1.1140e+00       5.1886e-04       3.4623e-03      -1.0041e-03       1.9376e-04
 7.5000e+00       3.1500e+00       1.1226e+00       5.1387e-04       3.4409e-03      -1.0098e-03       1.9467e-04
 7.5000e+00       3.1500e+00       1.1312e+00       5.0911e-04       3.4196e-03      -1.0151e-03       1.9546e-04
 7.5000e+00       3.1500e+00       1.1398e+00       5.0457e-04       3.3984e-03      -1.0201e-03       1.9614e-04
 7.5000e+00       3.1500e+00       1.1483e+00       5.0023e-04       3.3772e-03      -1.0247e-03       1.9670e-04
 7.5000e+00       3.1500e+00       1.1569e+00       4.9609e-04       3.3561e-03      -1.0291e-03       1.9715e-04
 7.5000e+00       3.1500e+00       1.1655e+00       4.9213e-04       3.3350e-03      -1.0331e-03       1.9749e-04
 7.5000e+00       3.1500e+00       1.1741e+00       4.8834e-04       3.3140e-03      -1.0368e-03       1.9772e-04
 7.5000e+00       3.1500e+00       1.1826e+00       4.8471e-04       3.2931e-03      -1.0402e-03       1.9784e-04
 7.5000e+00       3.1500e+00       1.1912e+00       4.8123e-04       3.2722e-03      -1.0434e-03       1.9787e-04
 7.5000e+00       3.1500e+00       1.1998e+00       4.7790e-04       3.2513e-03      -1.0462e-03       1.9779e-04
 7.5000e+00       3.1500e+00       1.2084e+00       4.7471e-04       3.2305e-03      -1.0488e-03       1.9762e-04
 7.5000e+00       3.1500e+00       1.2169e+00       4.7164e-04       3.2098e-03      -1.0511e-03       1.9735e-04
 7.5000e+00       3.1500e+00       1.2255e+00       4.6870e-04       3.1891e-03      -1.0531e-03       1.9699e-04
 7.5000e+00       3.1500e+00       1.2341e+00       4.6586e-04       3.1685e-03      -1.0548e-03       1.9654e-04
 7.5000e+00       3.1500e+00       1.2427e+00       4.6314e-04       3.1479e-03      -1.0563e-03       1.9600e-04
 7.5000e+00       3.1500e+00       1.2513e+00       4.6051e-04       3.1274e-03      -1.0576e-03       1.9538e-04
 7.5000e+00       3.1500e+00       1.2598e+00       4.5797e-04       3.1069e-03      -1.0586e-03       1.9468e-04
 7.5000e+00       3.1500e+00       1.2684e+00       4.5552e-04       3.0864e-03      -1.0594e-03       1.9390e-04
 7.5000e+00       3.1500e+00       1.2770e+00       4.5315e-04       3.0661e-03      -1.0599e-03       1.9304e-04
 7.5000e+00       3.1500e+00       1.2856e+00       4.5085e-04       3.0457e-03      -1.0602e-03       1.9211e-04
 7.5000e+00       3.1500e+00       1.2941e+00       4.4863e-04       3.0254e-03      -1.0603e-03       1.9111e-04
 7.5000e+00       3.1500e+00       1.3027e+00       4.4647e-04       3.0052e-03      -1.0601e-03       1.9004e-04
 7.5000e+00       3.1500e+00       1.3113e+00       4.4437e-04       2.9850e-03      -1.0598e-03       1.8890e-04
 7.5000e+00       3.1500e+00       1.3199e+00       4.4232e-04       2.9649e-03      -1.0592e-03       1.8770e-04
 7.5000e+00       3.1500e+00       1.3285e+00       4.4033e-04       2.9448e-03      -1.0585e-03       1.8644e-04
 7.5000e+00       3.1500e+00       1.3370e+00       4.3839e-04       2.9248e-03      -1.0576e-03       1.8512e-04
 7.5000e+00       3.1500e+00       1.3456e+00       4.3649e-04       2.9048e-03      -1.0564e-03       1.8374e-04
 7.5000e+00       3.1500e+00       1.3542e+00       4.3463e-04       2.8849e-03      -1.0551e-03       1.8231e-04
 7.5000e+00       3.1500e+00       1.3628e+00       4.3280e-04       2.8650e-03      -1.0536e-03       1.8083e-04
 7.5000e+00       3.1500e+00       1.3713e+00       4.3101e-04       2.8452e-03      -1.0519e-03       1.7930e-04
 7.5000e+00       3.1500e+00       1.3799e+00       4.2925e-04       2.8254e-03      -1.0501e-03       1.7772e-04
 7.5000e+00       3.1500e+00       1.3885e+00       4.2752e-04       2.8057e-03      -1.0481e-03       1.7610e-04
 7.5000e+00       3.1500e+00       1.3971e+00       4.2581e-04       2.7861e-03      -1.0459e-03       1.7443e-04
 7.5000e+00       3.1500e+00       1.4056e+00       4.2412e-04       2.7664e-03      -1.0436e-03       1.7273e-04
 7.5000e+00       3.1500e+00       1.4142e+00       4.2246e-04       2.7469e-03      -1.0411e-03       1.7098e-04
 7.5000e+00       3.1500e+00       1.4228e+00       4.2081e-04       2.7274e-03      -1.0385e-03       1.6920e-04
 7.5000e+00       3.1500e+00       1.4314e+00       4.1917e-04       2.7080e-03      -1.0357e-03       1.6739e-04
 7.5000e+00       3.1500e+00       1.4400e+00       4.1755e-04       2.6886e-03      -1.0328e-03       1.6554e-04
 7.5000e+00       3.1500e+00       1.4485e+00       4.1594e-04       2.6692e-03      -1.0298e-03       1.6367e-04
 7.5000e+00       3.1500e+00       1.4571e+00       4.1434e-04       2.6500e-03      -1.0266e-03       1.6176e-04
 7.5000e+00       3.1500e+00       1.4657e+00       4.1275e-04       2.6308e-03      -1.0233e-03       1.5984e-04
 7.5000e+00       3.1500e+00       1.4743e+00       4.1116e-04       2.6116e-03      -1.0199e-03       1.5788e-04
 7.5000e+00       3.1500e+00       1.4828e+00       4.0958e-04       2.5925e-03      -1.0164e-03       1.5590e-04
 7.5000e+00       3.1500e+00       1.4914e+00       4.0800e-04       2.5735e-03      -1.0128e-03       1.5391e-04
 7.5000e+00       3.1500e+00       1.5000e+00       4.0642e-04       2.5545e-03      -1.0090e-03       1.5189e-04
