5.0000e+00       3.1500e+00       5.0221e-01       2.4565e-03       1.7497e-03       0.0000e+00       0.0000e+00
 5.0000e+00       3.1500e+00       5.1228e-01       2.3534e-03       1.9743e-03      -9.1626e-05      -2.5396e-04
 5.0000e+00       3.1500e+00       5.2236e-01       2.2552e-03       2.1802e-03      -1.2853e-04      -4.8918e-04
 5.0000e+00       3.1500e+00       5.3244e-01       2.1619e-03       2.3687e-03      -1.5596e-04      -7.0682e-04
 5.0000e+00       3.1500e+00       5.4252e-01       2.0730e-03       2.5407e-03      -1.7825e-04      -9.0797e-04
 5.0000e+00       3.1500e+00       5.5260e-01       1.9884e-03       2.6974e-03      -1.9707e-04      -1.0936e-03
 5.0000e+00       3.1500e+00       5.6268e-01       1.9078e-03       2.8396e-03      -2.1328e-04      -1.2648e-03
 5.0000e+00       3.1500e+00       5.7276e-01       1.8310e-03       2.9683e-03      -2.2741e-04      -1.4223e-03
 5.0000e+00       3.1500e+00       5.8284e-01       1.7578e-03       3.0844e-03      -2.3981e-04      -1.5669e-03
 5.0000e+00       3.1500e+00       5.9291e-01       1.6880e-03       3.1887e-03      -2.5072e-04      -1.6996e-03
 5.0000e+00       3.1500e+00       6.0299e-01       1.6215e-03       3.2818e-03      -2.6033e-04      -1.8210e-03
 5.0000e+00       3.1500e+00       6.1307e-01       1.5580e-03       3.3646e-03      -2.6879e-04      -1.9318e-03
 5.0000e+00       3.1500e+00       6.2315e-01       1.4974e-03       3.4376e-03      -2.7620e-04      -2.0327e-03
 5.0000e+00       3.1500e+00       6.3323e-01       1.4396e-03       3.5016e-03      -2.8267e-04      -2.1243e-03
 5.0000e+00       3.1500e+00       6.4331e-01       1.3844e-03       3.5570e-03      -2.8829e-04      -2.2072e-03
 5.0000e+00       3.1500e+00       6.5339e-01       1.3317e-03       3.6045e-03      -2.9311e-04      -2.2818e-03
 5.0000e+00       3.1500e+00       6.6347e-01       1.2814e-03       3.6446e-03      -2.9721e-04      -2.3488e-03
 5.0000e+00       3.1500e+00       6.7354e-01       1.2332e-03       3.6777e-03      -3.0065e-04      -2.4086e-03
 5.0000e+00       3.1500e+00       6.8362e-01       1.1872e-03       3.7043e-03      -3.0347e-04      -2.4616e-03
 5.0000e+00       3.1500e+00       6.9370e-01       1.1432e-03       3.7250e-03      -3.0571e-04      -2.5083e-03
 5.0000e+00       3.1500e+00       7.0378e-01       1.1012e-03       3.7399e-03      -3.0742e-04      -2.5490e-03
 5.0000e+00       3.1500e+00       7.1386e-01       1.0609e-03       3.7497e-03      -3.0864e-04      -2.5842e-03
 5.0000e+00       3.1500e+00       7.2394e-01       1.0224e-03       3.7545e-03      -3.0940e-04      -2.6143e-03
 5.0000e+00       3.1500e+00       7.3402e-01       9.8547e-04       3.7548e-03      -3.0974e-04      -2.6394e-03
 5.0000e+00       3.1500e+00       7.4410e-01       9.5013e-04       3.7509e-03      -3.0968e-04      -2.6600e-03
 5.0000e+00       3.1500e+00       7.5417e-01       9.1628e-04       3.7430e-03      -3.0926e-04      -2.6764e-03
 5.0000e+00       3.1500e+00       7.6425e-01       8.8384e-04       3.7316e-03      -3.0849e-04      -2.6888e-03
 5.0000e+00       3.1500e+00       7.7433e-01       8.5275e-04       3.7167e-03      -3.0741e-04      -2.6975e-03
 5.0000e+00       3.1500e+00       7.8441e-01       8.2294e-04       3.6987e-03      -3.0603e-04      -2.7027e-03
 5.0000e+00       3.1500e+00       7.9449e-01       7.9434e-04       3.6779e-03      -3.0439e-04      -2.7047e-03
 5.0000e+00       3.1500e+00       8.0457e-01       7.6690e-04       3.6544e-03      -3.0249e-04      -2.7037e-03
 5.0000e+00       3.1500e+00       8.1465e-01       7.4057e-04       3.6284e-03      -3.0036e-04      -2.6999e-03
 5.0000e+00       3.1500e+00       8.2473e-01       7.1528e-04       3.6002e-03      -2.9801e-04      -2.6935e-03
 5.0000e+00       3.1500e+00       8.3480e-01       6.9101e-04       3.5699e-03      -2.9547e-04      -2.6846e-03
 5.0000e+00       3.1500e+00       8.4488e-01       6.6769e-04       3.5378e-03      -2.9275e-04      -2.6736e-03
 5.0000e+00       3.1500e+00       8.5496e-01       6.4528e-04       3.5039e-03      -2.8986e-04      -2.6604e-03
 5.0000e+00       3.1500e+00       8.6504e-01       6.2374e-04       3.4685e-03      -2.8682e-04      -2.6454e-03
 5.0000e+00       3.1500e+00       8.7512e-01       6.0303e-04       3.4316e-03      -2.8364e-04      -2.6285e-03
 5.0000e+00       3.1500e+00       8.8520e-01       5.8312e-04       3.3934e-03      -2.8034e-04      -2.6100e-03
 5.0000e+00       3.1500e+00       8.9528e-01       5.6396e-04       3.3541e-03      -2.7692e-04      -2.5900e-03
 5.0000e+00       3.1500e+00       9.0536e-01       5.4553e-04       3.3138e-03      -2.7340e-04      -2.5687e-03
 5.0000e+00       3.1500e+00       9.1543e-01       5.2778e-04       3.2725e-03      -2.6979e-04      -2.5460e-03
 5.0000e+00       3.1500e+00       9.2551e-01       5.1070e-04       3.2304e-03      -2.6609e-04      -2.5222e-03
 5.0000e+00       3.1500e+00       9.3559e-01       4.9425e-04       3.1876e-03      -2.6233e-04      -2.4973e-03
 5.0000e+00       3.1500e+00       9.4567e-01       4.7840e-04       3.1442e-03      -2.5850e-04      -2.4714e-03
 5.0000e+00       3.1500e+00       9.5575e-01       4.6313e-04       3.1002e-03      -2.5461e-04      -2.4447e-03
 5.0000e+00       3.1500e+00       9.6583e-01       4.4841e-04       3.0558e-03      -2.5068e-04      -2.4172e-03
 5.0000e+00       3.1500e+00       9.7591e-01       4.3423e-04       3.0110e-03      -2.4671e-04      -2.3889e-03
 5.0000e+00       3.1500e+00       9.8599e-01       4.2054e-04       2.9659e-03      -2.4270e-04      -2.3601e-03
 5.0000e+00       3.1500e+00       9.9606e-01       4.0735e-04       2.9206e-03      -2.3867e-04      -2.3306e-03
 5.0000e+00       3.1500e+00       1.0061e+00       3.9461e-04       2.8751e-03      -2.3462e-04      -2.3007e-03
 5.0000e+00       3.1500e+00       1.0162e+00       3.8233e-04       2.8295e-03      -2.3056e-04      -2.2703e-03
 5.0000e+00       3.1500e+00       1.0263e+00       3.7046e-04       2.7839e-03      -2.2648e-04      -2.2396e-03
 5.0000e+00       3.1500e+00       1.0364e+00       3.5901e-04       2.7382e-03      -2.2241e-04      -2.2085e-03
 5.0000e+00       3.1500e+00       1.0465e+00       3.4795e-04       2.6926e-03      -2.1833e-04      -2.1772e-03
 5.0000e+00       3.1500e+00       1.0565e+00       3.3727e-04       2.6471e-03      -2.1426e-04      -2.1457e-03
 5.0000e+00       3.1500e+00       1.0666e+00       3.2695e-04       2.6018e-03      -2.1020e-04      -2.1139e-03
 5.0000e+00       3.1500e+00       1.0767e+00       3.1698e-04       2.5566e-03      -2.0616e-04      -2.0821e-03
 5.0000e+00       3.1500e+00       1.0868e+00       3.0734e-04       2.5116e-03      -2.0213e-04      -2.0502e-03
 5.0000e+00       3.1500e+00       1.0969e+00       2.9802e-04       2.4668e-03      -1.9812e-04      -2.0182e-03
 5.0000e+00       3.1500e+00       1.1069e+00       2.8901e-04       2.4223e-03      -1.9414e-04      -1.9862e-03
 5.0000e+00       3.1500e+00       1.1170e+00       2.8029e-04       2.3782e-03      -1.9018e-04      -1.9542e-03
 5.0000e+00       3.1500e+00       1.1271e+00       2.7186e-04       2.3343e-03      -1.8626e-04      -1.9223e-03
 5.0000e+00       3.1500e+00       1.1372e+00       2.6370e-04       2.2909e-03      -1.8236e-04      -1.8904e-03
 5.0000e+00       3.1500e+00       1.1472e+00       2.5581e-04       2.2477e-03      -1.7851e-04      -1.8587e-03
 5.0000e+00       3.1500e+00       1.1573e+00       2.4817e-04       2.2050e-03      -1.7468e-04      -1.8271e-03
 5.0000e+00       3.1500e+00       1.1674e+00       2.4077e-04       2.1627e-03      -1.7090e-04      -1.7956e-03
 5.0000e+00       3.1500e+00       1.1775e+00       2.3361e-04       2.1209e-03      -1.6716e-04      -1.7643e-03
 5.0000e+00       3.1500e+00       1.1876e+00       2.2667e-04       2.0795e-03      -1.6346e-04      -1.7332e-03
 5.0000e+00       3.1500e+00       1.1976e+00       2.1996e-04       2.0386e-03      -1.5980e-04      -1.7023e-03
 5.0000e+00       3.1500e+00       1.2077e+00       2.1345e-04       1.9981e-03      -1.5619e-04      -1.6717e-03
 5.0000e+00       3.1500e+00       1.2178e+00       2.0714e-04       1.9581e-03      -1.5262e-04      -1.6413e-03
 5.0000e+00       3.1500e+00       1.2279e+00       2.0103e-04       1.9186e-03      -1.4911e-04      -1.6112e-03
 5.0000e+00       3.1500e+00       1.2380e+00       1.9511e-04       1.8797e-03      -1.4564e-04      -1.5813e-03
 5.0000e+00       3.1500e+00       1.2480e+00       1.8937e-04       1.8412e-03      -1.4222e-04      -1.5517e-03
 5.0000e+00       3.1500e+00       1.2581e+00       1.8381e-04       1.8033e-03      -1.3885e-04      -1.5225e-03
 5.0000e+00       3.1500e+00       1.2682e+00       1.7841e-04       1.7659e-03      -1.3553e-04      -1.4935e-03
 5.0000e+00       3.1500e+00       1.2783e+00       1.7318e-04       1.7291e-03      -1.3226e-04      -1.4649e-03
 5.0000e+00       3.1500e+00       1.2883e+00       1.6811e-04       1.6927e-03      -1.2905e-04      -1.4366e-03
 5.0000e+00       3.1500e+00       1.2984e+00       1.6319e-04       1.6570e-03      -1.2588e-04      -1.4086e-03
 5.0000e+00       3.1500e+00       1.3085e+00       1.5842e-04       1.6217e-03      -1.2277e-04      -1.3810e-03
 5.0000e+00       3.1500e+00       1.3186e+00       1.5379e-04       1.5871e-03      -1.1971e-04      -1.3537e-03
 5.0000e+00       3.1500e+00       1.3287e+00       1.4930e-04       1.5529e-03      -1.1671e-04      -1.3268e-03
 5.0000e+00       3.1500e+00       1.3387e+00       1.4494e-04       1.5194e-03      -1.1376e-04      -1.3002e-03
 5.0000e+00       3.1500e+00       1.3488e+00       1.4071e-04       1.4863e-03      -1.1086e-04      -1.2740e-03
 5.0000e+00       3.1500e+00       1.3589e+00       1.3660e-04       1.4538e-03      -1.0801e-04      -1.2482e-03
 5.0000e+00       3.1500e+00       1.3690e+00       1.3262e-04       1.4219e-03      -1.0522e-04      -1.2227e-03
 5.0000e+00       3.1500e+00       1.3791e+00       1.2875e-04       1.3905e-03      -1.0248e-04      -1.1976e-03
 5.0000e+00       3.1500e+00       1.3891e+00       1.2500e-04       1.3597e-03      -9.9790e-05      -1.1729e-03
 5.0000e+00       3.1500e+00       1.3992e+00       1.2135e-04       1.3294e-03      -9.7155e-05      -1.1485e-03
 5.0000e+00       3.1500e+00       1.4093e+00       1.1781e-04       1.2996e-03      -9.4572e-05      -1.1246e-03
 5.0000e+00       3.1500e+00       1.4194e+00       1.1438e-04       1.2704e-03      -9.2041e-05      -1.1010e-03
 5.0000e+00       3.1500e+00       1.4294e+00       1.1104e-04       1.2417e-03      -8.9561e-05      -1.0778e-03
 5.0000e+00       3.1500e+00       1.4395e+00       1.0780e-04       1.2136e-03      -8.7133e-05      -1.0549e-03
 5.0000e+00       3.1500e+00       1.4496e+00       1.0466e-04       1.1859e-03      -8.4755e-05      -1.0325e-03
 5.0000e+00       3.1500e+00       1.4597e+00       1.0160e-04       1.1588e-03      -8.2428e-05      -1.0104e-03
 5.0000e+00       3.1500e+00       1.4698e+00       9.8632e-05       1.1322e-03      -8.0150e-05      -9.8867e-04
 5.0000e+00       3.1500e+00       1.4798e+00       9.5750e-05       1.1061e-03      -7.7922e-05      -9.6733e-04
 5.0000e+00       3.1500e+00       1.4899e+00       9.2951e-05       1.0806e-03      -7.5743e-05      -9.4637e-04
 5.0000e+00       3.1500e+00       1.5000e+00       9.0232e-05       1.0555e-03      -7.3612e-05      -9.2577e-04
