 1.5000e+00       3.1500e+00       1.0059e-01       6.4384e-02       1.5513e-01       0.0000e+00       0.0000e+00
 1.5000e+00       3.1500e+00       1.1473e-01       5.9268e-02       1.4558e-01       1.2435e-02      -4.5749e-03
 1.5000e+00       3.1500e+00       1.2886e-01       5.4440e-02       1.3695e-01       1.4963e-02      -8.3190e-03
 1.5000e+00       3.1500e+00       1.4300e-01       4.9921e-02       1.2911e-01       1.5588e-02      -1.1370e-02
 1.5000e+00       3.1500e+00       1.5713e-01       4.5716e-02       1.2197e-01       1.5295e-02      -1.3840e-02
 1.5000e+00       3.1500e+00       1.7127e-01       4.1825e-02       1.1542e-01       1.4502e-02      -1.5822e-02
 1.5000e+00       3.1500e+00       1.8541e-01       3.8237e-02       1.0940e-01       1.3433e-02      -1.7393e-02
 1.5000e+00       3.1500e+00       1.9954e-01       3.4940e-02       1.0384e-01       1.2218e-02      -1.8616e-02
 1.5000e+00       3.1500e+00       2.1368e-01       3.1920e-02       9.8695e-02       1.0936e-02      -1.9547e-02
 1.5000e+00       3.1500e+00       2.2781e-01       2.9160e-02       9.3913e-02       9.6387e-03      -2.0229e-02
 1.5000e+00       3.1500e+00       2.4195e-01       2.6642e-02       8.9459e-02       8.3572e-03      -2.0701e-02
 1.5000e+00       3.1500e+00       2.5608e-01       2.4350e-02       8.5300e-02       7.1124e-03      -2.0995e-02
 1.5000e+00       3.1500e+00       2.7022e-01       2.2266e-02       8.1408e-02       5.9166e-03      -2.1139e-02
 1.5000e+00       3.1500e+00       2.8435e-01       2.0376e-02       7.7756e-02       4.7772e-03      -2.1156e-02
 1.5000e+00       3.1500e+00       2.9849e-01       1.8664e-02       7.4325e-02       3.6981e-03      -2.1066e-02
 1.5000e+00       3.1500e+00       3.1262e-01       1.7114e-02       7.1095e-02       2.6805e-03      -2.0886e-02
 1.5000e+00       3.1500e+00       3.2676e-01       1.5715e-02       6.8049e-02       1.7244e-03      -2.0631e-02
 1.5000e+00       3.1500e+00       3.4090e-01       1.4452e-02       6.5173e-02       8.2860e-04      -2.0314e-02
 1.5000e+00       3.1500e+00       3.5503e-01       1.3314e-02       6.2453e-02      -8.9101e-06      -1.9946e-02
 1.5000e+00       3.1500e+00       3.6917e-01       1.2290e-02       5.9877e-02      -7.9042e-04      -1.9535e-02
 1.5000e+00       3.1500e+00       3.8330e-01       1.1371e-02       5.7435e-02      -1.5185e-03      -1.9091e-02
 1.5000e+00       3.1500e+00       3.9744e-01       1.0546e-02       5.5118e-02      -2.1958e-03      -1.8620e-02
 1.5000e+00       3.1500e+00       4.1157e-01       9.8071e-03       5.2916e-02      -2.8252e-03      -1.8127e-02
 1.5000e+00       3.1500e+00       4.2571e-01       9.1467e-03       5.0823e-02      -3.4092e-03      -1.7620e-02
 1.5000e+00       3.1500e+00       4.3984e-01       8.5572e-03       4.8831e-02      -3.9504e-03      -1.7101e-02
 1.5000e+00       3.1500e+00       4.5398e-01       8.0321e-03       4.6934e-02      -4.4515e-03      -1.6574e-02
 1.5000e+00       3.1500e+00       4.6811e-01       7.5654e-03       4.5126e-02      -4.9148e-03      -1.6044e-02
 1.5000e+00       3.1500e+00       4.8225e-01       7.1513e-03       4.3401e-02      -5.3426e-03      -1.5513e-02
 1.5000e+00       3.1500e+00       4.9638e-01       6.7849e-03       4.1755e-02      -5.7370e-03      -1.4983e-02
 1.5000e+00       3.1500e+00       5.1052e-01       6.4616e-03       4.0183e-02      -6.1002e-03      -1.4457e-02
 1.5000e+00       3.1500e+00       5.2466e-01       6.1770e-03       3.8681e-02      -6.4340e-03      -1.3936e-02
 1.5000e+00       3.1500e+00       5.3879e-01       5.9273e-03       3.7245e-02      -6.7402e-03      -1.3422e-02
 1.5000e+00       3.1500e+00       5.5293e-01       5.7090e-03       3.5872e-02      -7.0206e-03      -1.2916e-02
 1.5000e+00       3.1500e+00       5.6706e-01       5.5189e-03       3.4558e-02      -7.2768e-03      -1.2419e-02
 1.5000e+00       3.1500e+00       5.8120e-01       5.3540e-03       3.3301e-02      -7.5101e-03      -1.1933e-02
 1.5000e+00       3.1500e+00       5.9533e-01       5.2117e-03       3.2096e-02      -7.7221e-03      -1.1457e-02
 1.5000e+00       3.1500e+00       6.0947e-01       5.0896e-03       3.0942e-02      -7.9140e-03      -1.0992e-02
 1.5000e+00       3.1500e+00       6.2360e-01       4.9854e-03       2.9837e-02      -8.0871e-03      -1.0539e-02
 1.5000e+00       3.1500e+00       6.3774e-01       4.8973e-03       2.8777e-02      -8.2425e-03      -1.0099e-02
 1.5000e+00       3.1500e+00       6.5187e-01       4.8233e-03       2.7761e-02      -8.3813e-03      -9.6709e-03
 1.5000e+00       3.1500e+00       6.6601e-01       4.7618e-03       2.6786e-02      -8.5045e-03      -9.2555e-03
 1.5000e+00       3.1500e+00       6.8015e-01       4.7113e-03       2.5851e-02      -8.6130e-03      -8.8528e-03
 1.5000e+00       3.1500e+00       6.9428e-01       4.6705e-03       2.4953e-02      -8.7078e-03      -8.4628e-03
 1.5000e+00       3.1500e+00       7.0842e-01       4.6381e-03       2.4092e-02      -8.7897e-03      -8.0857e-03
 1.5000e+00       3.1500e+00       7.2255e-01       4.6131e-03       2.3265e-02      -8.8596e-03      -7.7212e-03
 1.5000e+00       3.1500e+00       7.3669e-01       4.5945e-03       2.2471e-02      -8.9180e-03      -7.3693e-03
 1.5000e+00       3.1500e+00       7.5082e-01       4.5813e-03       2.1709e-02      -8.9657e-03      -7.0299e-03
 1.5000e+00       3.1500e+00       7.6496e-01       4.5727e-03       2.0976e-02      -9.0035e-03      -6.7027e-03
 1.5000e+00       3.1500e+00       7.7909e-01       4.5681e-03       2.0272e-02      -9.0319e-03      -6.3877e-03
 1.5000e+00       3.1500e+00       7.9323e-01       4.5667e-03       1.9596e-02      -9.0514e-03      -6.0845e-03
 1.5000e+00       3.1500e+00       8.0736e-01       4.5680e-03       1.8945e-02      -9.0627e-03      -5.7930e-03
 1.5000e+00       3.1500e+00       8.2150e-01       4.5715e-03       1.8320e-02      -9.0663e-03      -5.5129e-03
 1.5000e+00       3.1500e+00       8.3564e-01       4.5766e-03       1.7720e-02      -9.0626e-03      -5.2439e-03
 1.5000e+00       3.1500e+00       8.4977e-01       4.5830e-03       1.7142e-02      -9.0521e-03      -4.9857e-03
 1.5000e+00       3.1500e+00       8.6391e-01       4.5903e-03       1.6586e-02      -9.0353e-03      -4.7382e-03
 1.5000e+00       3.1500e+00       8.7804e-01       4.5982e-03       1.6052e-02      -9.0126e-03      -4.5010e-03
 1.5000e+00       3.1500e+00       8.9218e-01       4.6063e-03       1.5538e-02      -8.9843e-03      -4.2737e-03
 1.5000e+00       3.1500e+00       9.0631e-01       4.6144e-03       1.5043e-02      -8.9508e-03      -4.0562e-03
 1.5000e+00       3.1500e+00       9.2045e-01       4.6224e-03       1.4567e-02      -8.9126e-03      -3.8482e-03
 1.5000e+00       3.1500e+00       9.3458e-01       4.6299e-03       1.4109e-02      -8.8698e-03      -3.6492e-03
 1.5000e+00       3.1500e+00       9.4872e-01       4.6368e-03       1.3668e-02      -8.8229e-03      -3.4592e-03
 1.5000e+00       3.1500e+00       9.6285e-01       4.6430e-03       1.3244e-02      -8.7721e-03      -3.2776e-03
 1.5000e+00       3.1500e+00       9.7699e-01       4.6484e-03       1.2836e-02      -8.7176e-03      -3.1043e-03
 1.5000e+00       3.1500e+00       9.9112e-01       4.6528e-03       1.2442e-02      -8.6599e-03      -2.9391e-03
 1.5000e+00       3.1500e+00       1.0053e+00       4.6561e-03       1.2064e-02      -8.5990e-03      -2.7815e-03
 1.5000e+00       3.1500e+00       1.0194e+00       4.6584e-03       1.1699e-02      -8.5353e-03      -2.6313e-03
 1.5000e+00       3.1500e+00       1.0335e+00       4.6594e-03       1.1347e-02      -8.4690e-03      -2.4883e-03
 1.5000e+00       3.1500e+00       1.0477e+00       4.6592e-03       1.1009e-02      -8.4003e-03      -2.3522e-03
 1.5000e+00       3.1500e+00       1.0618e+00       4.6578e-03       1.0683e-02      -8.3293e-03      -2.2227e-03
 1.5000e+00       3.1500e+00       1.0759e+00       4.6550e-03       1.0369e-02      -8.2563e-03      -2.0995e-03
 1.5000e+00       3.1500e+00       1.0901e+00       4.6509e-03       1.0066e-02      -8.1815e-03      -1.9825e-03
 1.5000e+00       3.1500e+00       1.1042e+00       4.6455e-03       9.7739e-03      -8.1050e-03      -1.8714e-03
 1.5000e+00       3.1500e+00       1.1183e+00       4.6388e-03       9.4925e-03      -8.0270e-03      -1.7659e-03
 1.5000e+00       3.1500e+00       1.1325e+00       4.6308e-03       9.2211e-03      -7.9476e-03      -1.6657e-03
 1.5000e+00       3.1500e+00       1.1466e+00       4.6214e-03       8.9594e-03      -7.8670e-03      -1.5708e-03
 1.5000e+00       3.1500e+00       1.1607e+00       4.6108e-03       8.7071e-03      -7.7853e-03      -1.4808e-03
 1.5000e+00       3.1500e+00       1.1749e+00       4.5988e-03       8.4636e-03      -7.7026e-03      -1.3956e-03
 1.5000e+00       3.1500e+00       1.1890e+00       4.5857e-03       8.2287e-03      -7.6191e-03      -1.3149e-03
 1.5000e+00       3.1500e+00       1.2032e+00       4.5712e-03       8.0021e-03      -7.5349e-03      -1.2386e-03
 1.5000e+00       3.1500e+00       1.2173e+00       4.5556e-03       7.7833e-03      -7.4500e-03      -1.1664e-03
 1.5000e+00       3.1500e+00       1.2314e+00       4.5388e-03       7.5721e-03      -7.3647e-03      -1.0982e-03
 1.5000e+00       3.1500e+00       1.2456e+00       4.5208e-03       7.3682e-03      -7.2789e-03      -1.0337e-03
 1.5000e+00       3.1500e+00       1.2597e+00       4.5018e-03       7.1713e-03      -7.1928e-03      -9.7287e-04
 1.5000e+00       3.1500e+00       1.2738e+00       4.4817e-03       6.9811e-03      -7.1064e-03      -9.1545e-04
 1.5000e+00       3.1500e+00       1.2880e+00       4.4605e-03       6.7974e-03      -7.0199e-03      -8.6130e-04
 1.5000e+00       3.1500e+00       1.3021e+00       4.4383e-03       6.6199e-03      -6.9333e-03      -8.1027e-04
 1.5000e+00       3.1500e+00       1.3162e+00       4.4152e-03       6.4483e-03      -6.8467e-03      -7.6220e-04
 1.5000e+00       3.1500e+00       1.3304e+00       4.3912e-03       6.2824e-03      -6.7601e-03      -7.1695e-04
 1.5000e+00       3.1500e+00       1.3445e+00       4.3662e-03       6.1220e-03      -6.6736e-03      -6.7437e-04
 1.5000e+00       3.1500e+00       1.3586e+00       4.3404e-03       5.9668e-03      -6.5873e-03      -6.3434e-04
 1.5000e+00       3.1500e+00       1.3728e+00       4.3138e-03       5.8167e-03      -6.5011e-03      -5.9671e-04
 1.5000e+00       3.1500e+00       1.3869e+00       4.2865e-03       5.6715e-03      -6.4153e-03      -5.6138e-04
 1.5000e+00       3.1500e+00       1.4011e+00       4.2584e-03       5.5310e-03      -6.3298e-03      -5.2821e-04
 1.5000e+00       3.1500e+00       1.4152e+00       4.2296e-03       5.3949e-03      -6.2447e-03      -4.9709e-04
 1.5000e+00       3.1500e+00       1.4293e+00       4.2001e-03       5.2631e-03      -6.1599e-03      -4.6792e-04
 1.5000e+00       3.1500e+00       1.4435e+00       4.1700e-03       5.1355e-03      -6.0756e-03      -4.4058e-04
 1.5000e+00       3.1500e+00       1.4576e+00       4.1394e-03       5.0118e-03      -5.9918e-03      -4.1498e-04
 1.5000e+00       3.1500e+00       1.4717e+00       4.1081e-03       4.8919e-03      -5.9085e-03      -3.9101e-04
 1.5000e+00       3.1500e+00       1.4859e+00       4.0764e-03       4.7758e-03      -5.8257e-03      -3.6860e-04
 1.5000e+00       3.1500e+00       1.5000e+00       4.0442e-03       4.6631e-03      -5.7435e-03      -3.4764e-04

