 1.0000e-01       3.1500e+00       1.6098e-02       2.5574e-02       5.0030e-01       0.0000e+00       0.0000e+00
 1.0000e-01       3.1500e+00       3.1087e-02       2.4739e-02       4.4717e-01       2.4936e-02      -4.4695e-02
 1.0000e-01       3.1500e+00       4.6076e-02       2.3362e-02       4.0459e-01       2.5549e-02      -7.8022e-02
 1.0000e-01       3.1500e+00       6.1065e-02       2.1692e-02       3.6998e-01       2.2279e-02      -1.0275e-01
 1.0000e-01       3.1500e+00       7.6054e-02       1.9892e-02       3.4143e-01       1.7833e-02      -1.2091e-01
 1.0000e-01       3.1500e+00       9.1043e-02       1.8069e-02       3.1755e-01       1.3250e-02      -1.3402e-01
 1.0000e-01       3.1500e+00       1.0603e-01       1.6292e-02       2.9728e-01       8.9735e-03      -1.4323e-01
 1.0000e-01       3.1500e+00       1.2102e-01       1.4601e-02       2.7985e-01       5.1876e-03      -1.4941e-01
 1.0000e-01       3.1500e+00       1.3601e-01       1.3022e-02       2.6465e-01       1.9472e-03      -1.5323e-01
 1.0000e-01       3.1500e+00       1.5100e-01       1.1566e-02       2.5123e-01      -7.5588e-04      -1.5520e-01
 1.0000e-01       3.1500e+00       1.6599e-01       1.0239e-02       2.3924e-01      -2.9602e-03      -1.5572e-01
 1.0000e-01       3.1500e+00       1.8098e-01       9.0388e-03       2.2840e-01      -4.7174e-03      -1.5512e-01
 1.0000e-01       3.1500e+00       1.9596e-01       7.9613e-03       2.1851e-01      -6.0828e-03      -1.5363e-01
 1.0000e-01       3.1500e+00       2.1095e-01       7.0001e-03       2.0941e-01      -7.1107e-03      -1.5145e-01
 1.0000e-01       3.1500e+00       2.2594e-01       6.1477e-03       2.0095e-01      -7.8513e-03      -1.4875e-01
 1.0000e-01       3.1500e+00       2.4093e-01       5.3957e-03       1.9304e-01      -8.3503e-03      -1.4563e-01
 1.0000e-01       3.1500e+00       2.5592e-01       4.7359e-03       1.8560e-01      -8.6480e-03      -1.4221e-01
 1.0000e-01       3.1500e+00       2.7091e-01       4.1600e-03       1.7856e-01      -8.7797e-03      -1.3857e-01
 1.0000e-01       3.1500e+00       2.8590e-01       3.6600e-03       1.7186e-01      -8.7759e-03      -1.3476e-01
 1.0000e-01       3.1500e+00       3.0089e-01       3.2284e-03       1.6548e-01      -8.6629e-03      -1.3084e-01
 1.0000e-01       3.1500e+00       3.1588e-01       2.8582e-03       1.5937e-01      -8.4629e-03      -1.2685e-01
 1.0000e-01       3.1500e+00       3.3087e-01       2.5429e-03       1.5350e-01      -8.1949e-03      -1.2283e-01
 1.0000e-01       3.1500e+00       3.4585e-01       2.2764e-03       1.4786e-01      -7.8748e-03      -1.1880e-01
 1.0000e-01       3.1500e+00       3.6084e-01       2.0532e-03       1.4242e-01      -7.5161e-03      -1.1478e-01
 1.0000e-01       3.1500e+00       3.7583e-01       1.8683e-03       1.3718e-01      -7.1300e-03      -1.1080e-01
 1.0000e-01       3.1500e+00       3.9082e-01       1.7171e-03       1.3211e-01      -6.7257e-03      -1.0687e-01
 1.0000e-01       3.1500e+00       4.0581e-01       1.5956e-03       1.2721e-01      -6.3108e-03      -1.0299e-01
 1.0000e-01       3.1500e+00       4.2080e-01       1.5000e-03       1.2247e-01      -5.8917e-03      -9.9178e-02
 1.0000e-01       3.1500e+00       4.3579e-01       1.4270e-03       1.1788e-01      -5.4733e-03      -9.5443e-02
 1.0000e-01       3.1500e+00       4.5078e-01       1.3736e-03       1.1343e-01      -5.0599e-03      -9.1788e-02
 1.0000e-01       3.1500e+00       4.6577e-01       1.3370e-03       1.0913e-01      -4.6545e-03      -8.8218e-02
 1.0000e-01       3.1500e+00       4.8075e-01       1.3150e-03       1.0496e-01      -4.2599e-03      -8.4736e-02
 1.0000e-01       3.1500e+00       4.9574e-01       1.3053e-03       1.0092e-01      -3.8778e-03      -8.1345e-02
 1.0000e-01       3.1500e+00       5.1073e-01       1.3061e-03       9.7002e-02      -3.5099e-03      -7.8045e-02
 1.0000e-01       3.1500e+00       5.2572e-01       1.3157e-03       9.3210e-02      -3.1570e-03      -7.4837e-02
 1.0000e-01       3.1500e+00       5.4071e-01       1.3326e-03       8.9538e-02      -2.8200e-03      -7.1723e-02
 1.0000e-01       3.1500e+00       5.5570e-01       1.3554e-03       8.5982e-02      -2.4991e-03      -6.8702e-02
 1.0000e-01       3.1500e+00       5.7069e-01       1.3831e-03       8.2539e-02      -2.1947e-03      -6.5775e-02
 1.0000e-01       3.1500e+00       5.8568e-01       1.4146e-03       7.9208e-02      -1.9066e-03      -6.2939e-02
 1.0000e-01       3.1500e+00       6.0067e-01       1.4490e-03       7.5985e-02      -1.6347e-03      -6.0195e-02
 1.0000e-01       3.1500e+00       6.1565e-01       1.4855e-03       7.2867e-02      -1.3788e-03      -5.7541e-02
 1.0000e-01       3.1500e+00       6.3064e-01       1.5234e-03       6.9853e-02      -1.1384e-03      -5.4977e-02
 1.0000e-01       3.1500e+00       6.4563e-01       1.5622e-03       6.6939e-02      -9.1318e-04      -5.2500e-02
 1.0000e-01       3.1500e+00       6.6062e-01       1.6014e-03       6.4125e-02      -7.0253e-04      -5.0109e-02
 1.0000e-01       3.1500e+00       6.7561e-01       1.6404e-03       6.1406e-02      -5.0593e-04      -4.7803e-02
 1.0000e-01       3.1500e+00       6.9060e-01       1.6790e-03       5.8781e-02      -3.2283e-04      -4.5580e-02
 1.0000e-01       3.1500e+00       7.0559e-01       1.7168e-03       5.6248e-02      -1.5262e-04      -4.3438e-02
 1.0000e-01       3.1500e+00       7.2058e-01       1.7535e-03       5.3805e-02       5.2766e-06      -4.1375e-02
 1.0000e-01       3.1500e+00       7.3557e-01       1.7890e-03       5.1449e-02       1.5148e-04      -3.9390e-02
 1.0000e-01       3.1500e+00       7.5055e-01       1.8230e-03       4.9178e-02       2.8657e-04      -3.7481e-02
 1.0000e-01       3.1500e+00       7.6554e-01       1.8554e-03       4.6990e-02       4.1113e-04      -3.5646e-02
 1.0000e-01       3.1500e+00       7.8053e-01       1.8861e-03       4.4882e-02       5.2573e-04      -3.3882e-02
 1.0000e-01       3.1500e+00       7.9552e-01       1.9150e-03       4.2854e-02       6.3092e-04      -3.2189e-02
 1.0000e-01       3.1500e+00       8.1051e-01       1.9421e-03       4.0902e-02       7.2726e-04      -3.0564e-02
 1.0000e-01       3.1500e+00       8.2550e-01       1.9672e-03       3.9024e-02       8.1524e-04      -2.9005e-02
 1.0000e-01       3.1500e+00       8.4049e-01       1.9903e-03       3.7219e-02       8.9538e-04      -2.7510e-02
 1.0000e-01       3.1500e+00       8.5548e-01       2.0115e-03       3.5485e-02       9.6816e-04      -2.6078e-02
 1.0000e-01       3.1500e+00       8.7047e-01       2.0308e-03       3.3819e-02       1.0340e-03      -2.4707e-02
 1.0000e-01       3.1500e+00       8.8545e-01       2.0481e-03       3.2219e-02       1.0934e-03      -2.3394e-02
 1.0000e-01       3.1500e+00       9.0044e-01       2.0635e-03       3.0683e-02       1.1467e-03      -2.2139e-02
 1.0000e-01       3.1500e+00       9.1543e-01       2.0770e-03       2.9211e-02       1.1944e-03      -2.0939e-02
 1.0000e-01       3.1500e+00       9.3042e-01       2.0887e-03       2.7798e-02       1.2367e-03      -1.9792e-02
 1.0000e-01       3.1500e+00       9.4541e-01       2.0986e-03       2.6445e-02       1.2742e-03      -1.8697e-02
 1.0000e-01       3.1500e+00       9.6040e-01       2.1067e-03       2.5148e-02       1.3069e-03      -1.7651e-02
 1.0000e-01       3.1500e+00       9.7539e-01       2.1131e-03       2.3906e-02       1.3354e-03      -1.6654e-02
 1.0000e-01       3.1500e+00       9.9038e-01       2.1179e-03       2.2718e-02       1.3600e-03      -1.5704e-02
 1.0000e-01       3.1500e+00       1.0054e+00       2.1211e-03       2.1581e-02       1.3807e-03      -1.4799e-02
 1.0000e-01       3.1500e+00       1.0204e+00       2.1228e-03       2.0494e-02       1.3981e-03      -1.3937e-02
 1.0000e-01       3.1500e+00       1.0353e+00       2.1231e-03       1.9455e-02       1.4122e-03      -1.3117e-02
 1.0000e-01       3.1500e+00       1.0503e+00       2.1219e-03       1.8462e-02       1.4233e-03      -1.2337e-02
 1.0000e-01       3.1500e+00       1.0653e+00       2.1194e-03       1.7514e-02       1.4317e-03      -1.1596e-02
 1.0000e-01       3.1500e+00       1.0803e+00       2.1156e-03       1.6610e-02       1.4375e-03      -1.0892e-02
 1.0000e-01       3.1500e+00       1.0953e+00       2.1106e-03       1.5747e-02       1.4409e-03      -1.0224e-02
 1.0000e-01       3.1500e+00       1.1103e+00       2.1045e-03       1.4924e-02       1.4422e-03      -9.5908e-03
 1.0000e-01       3.1500e+00       1.1253e+00       2.0973e-03       1.4139e-02       1.4414e-03      -8.9905e-03
 1.0000e-01       3.1500e+00       1.1403e+00       2.0890e-03       1.3392e-02       1.4387e-03      -8.4220e-03
 1.0000e-01       3.1500e+00       1.1553e+00       2.0798e-03       1.2681e-02       1.4344e-03      -7.8840e-03
 1.0000e-01       3.1500e+00       1.1702e+00       2.0697e-03       1.2004e-02       1.4285e-03      -7.3753e-03
 1.0000e-01       3.1500e+00       1.1852e+00       2.0586e-03       1.1361e-02       1.4210e-03      -6.8945e-03
 1.0000e-01       3.1500e+00       1.2002e+00       2.0469e-03       1.0749e-02       1.4123e-03      -6.4406e-03
 1.0000e-01       3.1500e+00       1.2152e+00       2.0343e-03       1.0167e-02       1.4024e-03      -6.0123e-03
 1.0000e-01       3.1500e+00       1.2302e+00       2.0211e-03       9.6153e-03       1.3914e-03      -5.6086e-03
 1.0000e-01       3.1500e+00       1.2452e+00       2.0072e-03       9.0912e-03       1.3793e-03      -5.2283e-03
 1.0000e-01       3.1500e+00       1.2602e+00       1.9926e-03       8.5941e-03       1.3663e-03      -4.8704e-03
 1.0000e-01       3.1500e+00       1.2752e+00       1.9775e-03       8.1227e-03       1.3525e-03      -4.5339e-03
 1.0000e-01       3.1500e+00       1.2902e+00       1.9619e-03       7.6761e-03       1.3379e-03      -4.2178e-03
 1.0000e-01       3.1500e+00       1.3051e+00       1.9458e-03       7.2531e-03       1.3226e-03      -3.9212e-03
 1.0000e-01       3.1500e+00       1.3201e+00       1.9293e-03       6.8527e-03       1.3067e-03      -3.6430e-03
 1.0000e-01       3.1500e+00       1.3351e+00       1.9124e-03       6.4739e-03       1.2902e-03      -3.3825e-03
 1.0000e-01       3.1500e+00       1.3501e+00       1.8951e-03       6.1158e-03       1.2733e-03      -3.1387e-03
 1.0000e-01       3.1500e+00       1.3651e+00       1.8775e-03       5.7773e-03       1.2559e-03      -2.9109e-03
 1.0000e-01       3.1500e+00       1.3801e+00       1.8595e-03       5.4577e-03       1.2381e-03      -2.6981e-03
 1.0000e-01       3.1500e+00       1.3951e+00       1.8413e-03       5.1561e-03       1.2200e-03      -2.4997e-03
 1.0000e-01       3.1500e+00       1.4101e+00       1.8229e-03       4.8716e-03       1.2016e-03      -2.3150e-03
 1.0000e-01       3.1500e+00       1.4251e+00       1.8042e-03       4.6033e-03       1.1829e-03      -2.1431e-03
 1.0000e-01       3.1500e+00       1.4400e+00       1.7854e-03       4.3506e-03       1.1641e-03      -1.9834e-03
 1.0000e-01       3.1500e+00       1.4550e+00       1.7664e-03       4.1127e-03       1.1451e-03      -1.8352e-03
 1.0000e-01       3.1500e+00       1.4700e+00       1.7473e-03       3.8888e-03       1.1259e-03      -1.6979e-03
 1.0000e-01       3.1500e+00       1.4850e+00       1.7281e-03       3.6782e-03       1.1066e-03      -1.5710e-03
 1.0000e-01       3.1500e+00       1.5000e+00       1.7088e-03       3.4804e-03       1.0873e-03      -1.4537e-03
