8.0000e+00       3.1500e+00       7.0380e-01       1.3709e-03       4.0199e-03       0.0000e+00       0.0000e+00
 8.0000e+00       3.1500e+00       7.1184e-01       1.3256e-03       3.9984e-03      -8.0486e-05       3.0666e-06
 8.0000e+00       3.1500e+00       7.1988e-01       1.2821e-03       3.9773e-03      -1.1760e-04       6.3311e-06
 8.0000e+00       3.1500e+00       7.2793e-01       1.2406e-03       3.9564e-03      -1.4844e-04       9.7706e-06
 8.0000e+00       3.1500e+00       7.3597e-01       1.2008e-03       3.9358e-03      -1.7625e-04       1.3363e-05
 8.0000e+00       3.1500e+00       7.4401e-01       1.1627e-03       3.9156e-03      -2.0220e-04       1.7089e-05
 8.0000e+00       3.1500e+00       7.5205e-01       1.1262e-03       3.8956e-03      -2.2686e-04       2.0928e-05
 8.0000e+00       3.1500e+00       7.6009e-01       1.0913e-03       3.8758e-03      -2.5053e-04       2.4863e-05
 8.0000e+00       3.1500e+00       7.6814e-01       1.0579e-03       3.8563e-03      -2.7340e-04       2.8877e-05
 8.0000e+00       3.1500e+00       7.7618e-01       1.0260e-03       3.8371e-03      -2.9559e-04       3.2954e-05
 8.0000e+00       3.1500e+00       7.8422e-01       9.9542e-04       3.8180e-03      -3.1717e-04       3.7080e-05
 8.0000e+00       3.1500e+00       7.9226e-01       9.6618e-04       3.7991e-03      -3.3820e-04       4.1242e-05
 8.0000e+00       3.1500e+00       8.0031e-01       9.3821e-04       3.7805e-03      -3.5871e-04       4.5425e-05
 8.0000e+00       3.1500e+00       8.0835e-01       9.1146e-04       3.7620e-03      -3.7873e-04       4.9618e-05
 8.0000e+00       3.1500e+00       8.1639e-01       8.8587e-04       3.7436e-03      -3.9827e-04       5.3811e-05
 8.0000e+00       3.1500e+00       8.2443e-01       8.6140e-04       3.7255e-03      -4.1736e-04       5.7993e-05
 8.0000e+00       3.1500e+00       8.3248e-01       8.3800e-04       3.7074e-03      -4.3600e-04       6.2154e-05
 8.0000e+00       3.1500e+00       8.4052e-01       8.1562e-04       3.6895e-03      -4.5420e-04       6.6286e-05
 8.0000e+00       3.1500e+00       8.4856e-01       7.9423e-04       3.6717e-03      -4.7198e-04       7.0380e-05
 8.0000e+00       3.1500e+00       8.5660e-01       7.7378e-04       3.6541e-03      -4.8933e-04       7.4430e-05
 8.0000e+00       3.1500e+00       8.6465e-01       7.5423e-04       3.6366e-03      -5.0625e-04       7.8427e-05
 8.0000e+00       3.1500e+00       8.7269e-01       7.3555e-04       3.6191e-03      -5.2276e-04       8.2365e-05
 8.0000e+00       3.1500e+00       8.8073e-01       7.1769e-04       3.6018e-03      -5.3886e-04       8.6240e-05
 8.0000e+00       3.1500e+00       8.8877e-01       7.0063e-04       3.5845e-03      -5.5455e-04       9.0044e-05
 8.0000e+00       3.1500e+00       8.9682e-01       6.8432e-04       3.5674e-03      -5.6983e-04       9.3774e-05
 8.0000e+00       3.1500e+00       9.0486e-01       6.6874e-04       3.5503e-03      -5.8472e-04       9.7425e-05
 8.0000e+00       3.1500e+00       9.1290e-01       6.5386e-04       3.5333e-03      -5.9920e-04       1.0099e-04
 8.0000e+00       3.1500e+00       9.2094e-01       6.3964e-04       3.5163e-03      -6.1329e-04       1.0448e-04
 8.0000e+00       3.1500e+00       9.2899e-01       6.2605e-04       3.4995e-03      -6.2699e-04       1.0787e-04
 8.0000e+00       3.1500e+00       9.3703e-01       6.1308e-04       3.4827e-03      -6.4030e-04       1.1117e-04
 8.0000e+00       3.1500e+00       9.4507e-01       6.0069e-04       3.4659e-03      -6.5323e-04       1.1437e-04
 8.0000e+00       3.1500e+00       9.5311e-01       5.8886e-04       3.4492e-03      -6.6577e-04       1.1748e-04
 8.0000e+00       3.1500e+00       9.6116e-01       5.7756e-04       3.4325e-03      -6.7795e-04       1.2049e-04
 8.0000e+00       3.1500e+00       9.6920e-01       5.6677e-04       3.4159e-03      -6.8974e-04       1.2339e-04
 8.0000e+00       3.1500e+00       9.7724e-01       5.5647e-04       3.3993e-03      -7.0118e-04       1.2620e-04
 8.0000e+00       3.1500e+00       9.8528e-01       5.4663e-04       3.3827e-03      -7.1224e-04       1.2890e-04
 8.0000e+00       3.1500e+00       9.9333e-01       5.3724e-04       3.3662e-03      -7.2295e-04       1.3150e-04
 8.0000e+00       3.1500e+00       1.0014e+00       5.2828e-04       3.3497e-03      -7.3331e-04       1.3399e-04
 8.0000e+00       3.1500e+00       1.0094e+00       5.1972e-04       3.3333e-03      -7.4331e-04       1.3638e-04
 8.0000e+00       3.1500e+00       1.0175e+00       5.1155e-04       3.3168e-03      -7.5297e-04       1.3867e-04
 8.0000e+00       3.1500e+00       1.0255e+00       5.0375e-04       3.3004e-03      -7.6228e-04       1.4085e-04
 8.0000e+00       3.1500e+00       1.0335e+00       4.9631e-04       3.2840e-03      -7.7127e-04       1.4292e-04
 8.0000e+00       3.1500e+00       1.0416e+00       4.8920e-04       3.2677e-03      -7.7991e-04       1.4489e-04
 8.0000e+00       3.1500e+00       1.0496e+00       4.8242e-04       3.2513e-03      -7.8824e-04       1.4675e-04
 8.0000e+00       3.1500e+00       1.0577e+00       4.7594e-04       3.2350e-03      -7.9624e-04       1.4851e-04
 8.0000e+00       3.1500e+00       1.0657e+00       4.6976e-04       3.2187e-03      -8.0392e-04       1.5017e-04
 8.0000e+00       3.1500e+00       1.0738e+00       4.6386e-04       3.2024e-03      -8.1129e-04       1.5172e-04
 8.0000e+00       3.1500e+00       1.0818e+00       4.5822e-04       3.1861e-03      -8.1835e-04       1.5318e-04
 8.0000e+00       3.1500e+00       1.0898e+00       4.5284e-04       3.1698e-03      -8.2511e-04       1.5453e-04
 8.0000e+00       3.1500e+00       1.0979e+00       4.4770e-04       3.1535e-03      -8.3157e-04       1.5578e-04
 8.0000e+00       3.1500e+00       1.1059e+00       4.4279e-04       3.1372e-03      -8.3774e-04       1.5694e-04
 8.0000e+00       3.1500e+00       1.1140e+00       4.3810e-04       3.1210e-03      -8.4363e-04       1.5800e-04
 8.0000e+00       3.1500e+00       1.1220e+00       4.3362e-04       3.1047e-03      -8.4923e-04       1.5896e-04
 8.0000e+00       3.1500e+00       1.1300e+00       4.2934e-04       3.0885e-03      -8.5455e-04       1.5983e-04
 8.0000e+00       3.1500e+00       1.1381e+00       4.2524e-04       3.0723e-03      -8.5960e-04       1.6061e-04
 8.0000e+00       3.1500e+00       1.1461e+00       4.2133e-04       3.0560e-03      -8.6438e-04       1.6130e-04
 8.0000e+00       3.1500e+00       1.1542e+00       4.1758e-04       3.0398e-03      -8.6889e-04       1.6189e-04
 8.0000e+00       3.1500e+00       1.1622e+00       4.1400e-04       3.0236e-03      -8.7315e-04       1.6240e-04
 8.0000e+00       3.1500e+00       1.1703e+00       4.1057e-04       3.0074e-03      -8.7716e-04       1.6283e-04
 8.0000e+00       3.1500e+00       1.1783e+00       4.0729e-04       2.9912e-03      -8.8092e-04       1.6317e-04
 8.0000e+00       3.1500e+00       1.1863e+00       4.0415e-04       2.9750e-03      -8.8443e-04       1.6342e-04
 8.0000e+00       3.1500e+00       1.1944e+00       4.0113e-04       2.9588e-03      -8.8770e-04       1.6360e-04
 8.0000e+00       3.1500e+00       1.2024e+00       3.9824e-04       2.9426e-03      -8.9074e-04       1.6370e-04
 8.0000e+00       3.1500e+00       1.2105e+00       3.9547e-04       2.9264e-03      -8.9355e-04       1.6372e-04
 8.0000e+00       3.1500e+00       1.2185e+00       3.9281e-04       2.9102e-03      -8.9614e-04       1.6367e-04
 8.0000e+00       3.1500e+00       1.2266e+00       3.9025e-04       2.8940e-03      -8.9850e-04       1.6354e-04
 8.0000e+00       3.1500e+00       1.2346e+00       3.8780e-04       2.8779e-03      -9.0065e-04       1.6334e-04
 8.0000e+00       3.1500e+00       1.2426e+00       3.8543e-04       2.8617e-03      -9.0258e-04       1.6307e-04
 8.0000e+00       3.1500e+00       1.2507e+00       3.8316e-04       2.8455e-03      -9.0431e-04       1.6273e-04
 8.0000e+00       3.1500e+00       1.2587e+00       3.8096e-04       2.8294e-03      -9.0584e-04       1.6233e-04
 8.0000e+00       3.1500e+00       1.2668e+00       3.7885e-04       2.8133e-03      -9.0717e-04       1.6187e-04
 8.0000e+00       3.1500e+00       1.2748e+00       3.7681e-04       2.7971e-03      -9.0830e-04       1.6134e-04
 8.0000e+00       3.1500e+00       1.2829e+00       3.7484e-04       2.7810e-03      -9.0925e-04       1.6075e-04
 8.0000e+00       3.1500e+00       1.2909e+00       3.7293e-04       2.7649e-03      -9.1001e-04       1.6010e-04
 8.0000e+00       3.1500e+00       1.2989e+00       3.7109e-04       2.7488e-03      -9.1059e-04       1.5940e-04
 8.0000e+00       3.1500e+00       1.3070e+00       3.6930e-04       2.7327e-03      -9.1099e-04       1.5864e-04
 8.0000e+00       3.1500e+00       1.3150e+00       3.6756e-04       2.7166e-03      -9.1122e-04       1.5783e-04
 8.0000e+00       3.1500e+00       1.3231e+00       3.6588e-04       2.7005e-03      -9.1128e-04       1.5697e-04
 8.0000e+00       3.1500e+00       1.3311e+00       3.6424e-04       2.6845e-03      -9.1117e-04       1.5606e-04
 8.0000e+00       3.1500e+00       1.3392e+00       3.6264e-04       2.6684e-03      -9.1090e-04       1.5510e-04
 8.0000e+00       3.1500e+00       1.3472e+00       3.6108e-04       2.6524e-03      -9.1048e-04       1.5410e-04
 8.0000e+00       3.1500e+00       1.3552e+00       3.5957e-04       2.6364e-03      -9.0990e-04       1.5305e-04
 8.0000e+00       3.1500e+00       1.3633e+00       3.5808e-04       2.6204e-03      -9.0918e-04       1.5196e-04
 8.0000e+00       3.1500e+00       1.3713e+00       3.5663e-04       2.6044e-03      -9.0830e-04       1.5083e-04
 8.0000e+00       3.1500e+00       1.3794e+00       3.5521e-04       2.5884e-03      -9.0729e-04       1.4966e-04
 8.0000e+00       3.1500e+00       1.3874e+00       3.5381e-04       2.5725e-03      -9.0613e-04       1.4846e-04
 8.0000e+00       3.1500e+00       1.3954e+00       3.5244e-04       2.5566e-03      -9.0485e-04       1.4721e-04
 8.0000e+00       3.1500e+00       1.4035e+00       3.5109e-04       2.5406e-03      -9.0342e-04       1.4594e-04
 8.0000e+00       3.1500e+00       1.4115e+00       3.4976e-04       2.5248e-03      -9.0188e-04       1.4463e-04
 8.0000e+00       3.1500e+00       1.4196e+00       3.4845e-04       2.5089e-03      -9.0020e-04       1.4329e-04
 8.0000e+00       3.1500e+00       1.4276e+00       3.4716e-04       2.4930e-03      -8.9841e-04       1.4192e-04
 8.0000e+00       3.1500e+00       1.4357e+00       3.4588e-04       2.4772e-03      -8.9650e-04       1.4052e-04
 8.0000e+00       3.1500e+00       1.4437e+00       3.4462e-04       2.4614e-03      -8.9447e-04       1.3910e-04
 8.0000e+00       3.1500e+00       1.4517e+00       3.4336e-04       2.4456e-03      -8.9233e-04       1.3765e-04
 8.0000e+00       3.1500e+00       1.4598e+00       3.4212e-04       2.4299e-03      -8.9008e-04       1.3618e-04
 8.0000e+00       3.1500e+00       1.4678e+00       3.4089e-04       2.4141e-03      -8.8773e-04       1.3469e-04
 8.0000e+00       3.1500e+00       1.4759e+00       3.3966e-04       2.3984e-03      -8.8527e-04       1.3317e-04
 8.0000e+00       3.1500e+00       1.4839e+00       3.3844e-04       2.3828e-03      -8.8272e-04       1.3164e-04
 8.0000e+00       3.1500e+00       1.4920e+00       3.3722e-04       2.3671e-03      -8.8007e-04       1.3009e-04
 8.0000e+00       3.1500e+00       1.5000e+00       3.3601e-04       2.3515e-03      -8.7732e-04       1.2852e-04
