 5.0000e+00       3.1500e+00       3.9822e-01       8.6417e-03       1.5789e-02       0.0000e+00       0.0000e+00
 5.0000e+00       3.1500e+00       4.0935e-01       8.1703e-03       1.5439e-02       3.4976e-04      -6.5935e-05
 5.0000e+00       3.1500e+00       4.2048e-01       7.7279e-03       1.5104e-02       4.1751e-04      -1.2195e-04
 5.0000e+00       3.1500e+00       4.3161e-01       7.3127e-03       1.4782e-02       4.2280e-04      -1.6898e-04
 5.0000e+00       3.1500e+00       4.4274e-01       6.9231e-03       1.4473e-02       3.9238e-04      -2.0790e-04
 5.0000e+00       3.1500e+00       4.5386e-01       6.5575e-03       1.4175e-02       3.3823e-04      -2.3950e-04
 5.0000e+00       3.1500e+00       4.6499e-01       6.2146e-03       1.3889e-02       2.6732e-04      -2.6450e-04
 5.0000e+00       3.1500e+00       4.7612e-01       5.8929e-03       1.3613e-02       1.8422e-04      -2.8356e-04
 5.0000e+00       3.1500e+00       4.8725e-01       5.5911e-03       1.3347e-02       9.2169e-05      -2.9728e-04
 5.0000e+00       3.1500e+00       4.9838e-01       5.3081e-03       1.3090e-02      -6.4428e-06      -3.0623e-04
 5.0000e+00       3.1500e+00       5.0951e-01       5.0427e-03       1.2842e-02      -1.0977e-04      -3.1090e-04
 5.0000e+00       3.1500e+00       5.2064e-01       4.7939e-03       1.2603e-02      -2.1637e-04      -3.1175e-04
 5.0000e+00       3.1500e+00       5.3177e-01       4.5606e-03       1.2371e-02      -3.2509e-04      -3.0922e-04
 5.0000e+00       3.1500e+00       5.4290e-01       4.3419e-03       1.2147e-02      -4.3499e-04      -3.0370e-04
 5.0000e+00       3.1500e+00       5.5403e-01       4.1369e-03       1.1930e-02      -5.4532e-04      -2.9552e-04
 5.0000e+00       3.1500e+00       5.6516e-01       3.9449e-03       1.1720e-02      -6.5545e-04      -2.8503e-04
 5.0000e+00       3.1500e+00       5.7628e-01       3.7649e-03       1.1516e-02      -7.6488e-04      -2.7252e-04
 5.0000e+00       3.1500e+00       5.8741e-01       3.5963e-03       1.1318e-02      -8.7316e-04      -2.5825e-04
 5.0000e+00       3.1500e+00       5.9854e-01       3.4383e-03       1.1127e-02      -9.7996e-04      -2.4248e-04
 5.0000e+00       3.1500e+00       6.0967e-01       3.2904e-03       1.0941e-02      -1.0850e-03      -2.2543e-04
 5.0000e+00       3.1500e+00       6.2080e-01       3.1518e-03       1.0760e-02      -1.1880e-03      -2.0730e-04
 5.0000e+00       3.1500e+00       6.3193e-01       3.0221e-03       1.0584e-02      -1.2888e-03      -1.8829e-04
 5.0000e+00       3.1500e+00       6.4306e-01       2.9007e-03       1.0413e-02      -1.3872e-03      -1.6857e-04
 5.0000e+00       3.1500e+00       6.5419e-01       2.7870e-03       1.0247e-02      -1.4831e-03      -1.4828e-04
 5.0000e+00       3.1500e+00       6.6532e-01       2.6807e-03       1.0085e-02      -1.5765e-03      -1.2758e-04
 5.0000e+00       3.1500e+00       6.7645e-01       2.5812e-03       9.9280e-03      -1.6671e-03      -1.0658e-04
 5.0000e+00       3.1500e+00       6.8758e-01       2.4881e-03       9.7745e-03      -1.7550e-03      -8.5410e-05
 5.0000e+00       3.1500e+00       6.9870e-01       2.4010e-03       9.6249e-03      -1.8401e-03      -6.4165e-05
 5.0000e+00       3.1500e+00       7.0983e-01       2.3196e-03       9.4791e-03      -1.9224e-03      -4.2942e-05
 5.0000e+00       3.1500e+00       7.2096e-01       2.2435e-03       9.3369e-03      -2.0019e-03      -2.1825e-05
 5.0000e+00       3.1500e+00       7.3209e-01       2.1723e-03       9.1981e-03      -2.0786e-03      -8.8833e-07
 5.0000e+00       3.1500e+00       7.4322e-01       2.1058e-03       9.0625e-03      -2.1524e-03       1.9799e-05
 5.0000e+00       3.1500e+00       7.5435e-01       2.0436e-03       8.9302e-03      -2.2234e-03       4.0178e-05
 5.0000e+00       3.1500e+00       7.6548e-01       1.9856e-03       8.8009e-03      -2.2917e-03       6.0194e-05
 5.0000e+00       3.1500e+00       7.7661e-01       1.9313e-03       8.6745e-03      -2.3571e-03       7.9802e-05
 5.0000e+00       3.1500e+00       7.8774e-01       1.8806e-03       8.5510e-03      -2.4198e-03       9.8960e-05
 5.0000e+00       3.1500e+00       7.9887e-01       1.8333e-03       8.4301e-03      -2.4799e-03       1.1763e-04
 5.0000e+00       3.1500e+00       8.1000e-01       1.7891e-03       8.3119e-03      -2.5372e-03       1.3579e-04
 5.0000e+00       3.1500e+00       8.2112e-01       1.7478e-03       8.1962e-03      -2.5919e-03       1.5340e-04
 5.0000e+00       3.1500e+00       8.3225e-01       1.7093e-03       8.0829e-03      -2.6441e-03       1.7045e-04
 5.0000e+00       3.1500e+00       8.4338e-01       1.6733e-03       7.9720e-03      -2.6937e-03       1.8691e-04
 5.0000e+00       3.1500e+00       8.5451e-01       1.6397e-03       7.8633e-03      -2.7409e-03       2.0278e-04
 5.0000e+00       3.1500e+00       8.6564e-01       1.6083e-03       7.7568e-03      -2.7856e-03       2.1803e-04
 5.0000e+00       3.1500e+00       8.7677e-01       1.5791e-03       7.6524e-03      -2.8279e-03       2.3266e-04
 5.0000e+00       3.1500e+00       8.8790e-01       1.5517e-03       7.5500e-03      -2.8679e-03       2.4667e-04
 5.0000e+00       3.1500e+00       8.9903e-01       1.5262e-03       7.4496e-03      -2.9056e-03       2.6005e-04
 5.0000e+00       3.1500e+00       9.1016e-01       1.5024e-03       7.3511e-03      -2.9411e-03       2.7280e-04
 5.0000e+00       3.1500e+00       9.2129e-01       1.4801e-03       7.2545e-03      -2.9745e-03       2.8491e-04
 5.0000e+00       3.1500e+00       9.3242e-01       1.4593e-03       7.1596e-03      -3.0057e-03       2.9640e-04
 5.0000e+00       3.1500e+00       9.4354e-01       1.4399e-03       7.0664e-03      -3.0349e-03       3.0726e-04
 5.0000e+00       3.1500e+00       9.5467e-01       1.4217e-03       6.9749e-03      -3.0620e-03       3.1750e-04
 5.0000e+00       3.1500e+00       9.6580e-01       1.4047e-03       6.8851e-03      -3.0872e-03       3.2713e-04
 5.0000e+00       3.1500e+00       9.7693e-01       1.3888e-03       6.7967e-03      -3.1105e-03       3.3615e-04
 5.0000e+00       3.1500e+00       9.8806e-01       1.3738e-03       6.7100e-03      -3.1320e-03       3.4457e-04
 5.0000e+00       3.1500e+00       9.9919e-01       1.3599e-03       6.6246e-03      -3.1516e-03       3.5241e-04
 5.0000e+00       3.1500e+00       1.0103e+00       1.3467e-03       6.5407e-03      -3.1696e-03       3.5967e-04
 5.0000e+00       3.1500e+00       1.0214e+00       1.3344e-03       6.4582e-03      -3.1858e-03       3.6636e-04
 5.0000e+00       3.1500e+00       1.0326e+00       1.3228e-03       6.3771e-03      -3.2003e-03       3.7250e-04
 5.0000e+00       3.1500e+00       1.0437e+00       1.3119e-03       6.2972e-03      -3.2133e-03       3.7809e-04
 5.0000e+00       3.1500e+00       1.0548e+00       1.3017e-03       6.2186e-03      -3.2248e-03       3.8316e-04
 5.0000e+00       3.1500e+00       1.0660e+00       1.2919e-03       6.1413e-03      -3.2347e-03       3.8771e-04
 5.0000e+00       3.1500e+00       1.0771e+00       1.2828e-03       6.0651e-03      -3.2432e-03       3.9176e-04
 5.0000e+00       3.1500e+00       1.0882e+00       1.2741e-03       5.9902e-03      -3.2502e-03       3.9533e-04
 5.0000e+00       3.1500e+00       1.0994e+00       1.2658e-03       5.9163e-03      -3.2560e-03       3.9841e-04
 5.0000e+00       3.1500e+00       1.1105e+00       1.2579e-03       5.8436e-03      -3.2604e-03       4.0104e-04
 5.0000e+00       3.1500e+00       1.1216e+00       1.2504e-03       5.7719e-03      -3.2635e-03       4.0323e-04
 5.0000e+00       3.1500e+00       1.1327e+00       1.2433e-03       5.7013e-03      -3.2654e-03       4.0498e-04
 5.0000e+00       3.1500e+00       1.1439e+00       1.2364e-03       5.6317e-03      -3.2661e-03       4.0632e-04
 5.0000e+00       3.1500e+00       1.1550e+00       1.2298e-03       5.5631e-03      -3.2657e-03       4.0726e-04
 5.0000e+00       3.1500e+00       1.1661e+00       1.2235e-03       5.4955e-03      -3.2641e-03       4.0781e-04
 5.0000e+00       3.1500e+00       1.1773e+00       1.2173e-03       5.4288e-03      -3.2615e-03       4.0799e-04
 5.0000e+00       3.1500e+00       1.1884e+00       1.2114e-03       5.3630e-03      -3.2579e-03       4.0781e-04
 5.0000e+00       3.1500e+00       1.1995e+00       1.2056e-03       5.2982e-03      -3.2532e-03       4.0728e-04
 5.0000e+00       3.1500e+00       1.2106e+00       1.2000e-03       5.2342e-03      -3.2476e-03       4.0643e-04
 5.0000e+00       3.1500e+00       1.2218e+00       1.1945e-03       5.1711e-03      -3.2411e-03       4.0526e-04
 5.0000e+00       3.1500e+00       1.2329e+00       1.1891e-03       5.1088e-03      -3.2337e-03       4.0379e-04
 5.0000e+00       3.1500e+00       1.2440e+00       1.1838e-03       5.0473e-03      -3.2255e-03       4.0203e-04
 5.0000e+00       3.1500e+00       1.2552e+00       1.1787e-03       4.9867e-03      -3.2164e-03       3.9999e-04
 5.0000e+00       3.1500e+00       1.2663e+00       1.1735e-03       4.9268e-03      -3.2066e-03       3.9769e-04
 5.0000e+00       3.1500e+00       1.2774e+00       1.1685e-03       4.8677e-03      -3.1960e-03       3.9514e-04
 5.0000e+00       3.1500e+00       1.2885e+00       1.1634e-03       4.8093e-03      -3.1846e-03       3.9236e-04
 5.0000e+00       3.1500e+00       1.2997e+00       1.1584e-03       4.7517e-03      -3.1726e-03       3.8935e-04
 5.0000e+00       3.1500e+00       1.3108e+00       1.1534e-03       4.6948e-03      -3.1599e-03       3.8612e-04
 5.0000e+00       3.1500e+00       1.3219e+00       1.1485e-03       4.6386e-03      -3.1465e-03       3.8270e-04
 5.0000e+00       3.1500e+00       1.3331e+00       1.1435e-03       4.5830e-03      -3.1326e-03       3.7909e-04
 5.0000e+00       3.1500e+00       1.3442e+00       1.1386e-03       4.5282e-03      -3.1181e-03       3.7530e-04
 5.0000e+00       3.1500e+00       1.3553e+00       1.1336e-03       4.4740e-03      -3.1030e-03       3.7134e-04
 5.0000e+00       3.1500e+00       1.3665e+00       1.1286e-03       4.4205e-03      -3.0874e-03       3.6722e-04
 5.0000e+00       3.1500e+00       1.3776e+00       1.1236e-03       4.3676e-03      -3.0712e-03       3.6296e-04
 5.0000e+00       3.1500e+00       1.3887e+00       1.1186e-03       4.3153e-03      -3.0546e-03       3.5857e-04
 5.0000e+00       3.1500e+00       1.3998e+00       1.1135e-03       4.2636e-03      -3.0375e-03       3.5404e-04
 5.0000e+00       3.1500e+00       1.4110e+00       1.1084e-03       4.2126e-03      -3.0200e-03       3.4940e-04
 5.0000e+00       3.1500e+00       1.4221e+00       1.1032e-03       4.1621e-03      -3.0021e-03       3.4466e-04
 5.0000e+00       3.1500e+00       1.4332e+00       1.0981e-03       4.1122e-03      -2.9837e-03       3.3981e-04
 5.0000e+00       3.1500e+00       1.4444e+00       1.0928e-03       4.0629e-03      -2.9650e-03       3.3487e-04
 5.0000e+00       3.1500e+00       1.4555e+00       1.0875e-03       4.0141e-03      -2.9460e-03       3.2986e-04
 5.0000e+00       3.1500e+00       1.4666e+00       1.0822e-03       3.9659e-03      -2.9266e-03       3.2477e-04
 5.0000e+00       3.1500e+00       1.4777e+00       1.0768e-03       3.9183e-03      -2.9069e-03       3.1961e-04
 5.0000e+00       3.1500e+00       1.4889e+00       1.0714e-03       3.8711e-03      -2.8869e-03       3.1439e-04
