7.0000e+00       3.1500e+00       5.9859e-01       2.5322e-03       5.9525e-03       0.0000e+00       0.0000e+00
 7.0000e+00       3.1500e+00       6.0769e-01       2.4318e-03       5.8952e-03      -5.8011e-05      -4.3774e-07
 7.0000e+00       3.1500e+00       6.1680e-01       2.3362e-03       5.8394e-03      -9.1554e-05       1.7545e-09
 7.0000e+00       3.1500e+00       6.2591e-01       2.2452e-03       5.7850e-03      -1.2320e-04       1.2365e-06
 7.0000e+00       3.1500e+00       6.3501e-01       2.1587e-03       5.7318e-03      -1.5441e-04       3.1899e-06
 7.0000e+00       3.1500e+00       6.4412e-01       2.0764e-03       5.6799e-03      -1.8554e-04       5.7905e-06
 7.0000e+00       3.1500e+00       6.5322e-01       1.9981e-03       5.6292e-03      -2.1666e-04       8.9716e-06
 7.0000e+00       3.1500e+00       6.6233e-01       1.9236e-03       5.5796e-03      -2.4776e-04       1.2671e-05
 7.0000e+00       3.1500e+00       6.7143e-01       1.8527e-03       5.5311e-03      -2.7880e-04       1.6831e-05
 7.0000e+00       3.1500e+00       6.8054e-01       1.7853e-03       5.4836e-03      -3.0971e-04       2.1396e-05
 7.0000e+00       3.1500e+00       6.8964e-01       1.7213e-03       5.4370e-03      -3.4043e-04       2.6318e-05
 7.0000e+00       3.1500e+00       6.9875e-01       1.6603e-03       5.3914e-03      -3.7091e-04       3.1549e-05
 7.0000e+00       3.1500e+00       7.0785e-01       1.6024e-03       5.3467e-03      -4.0110e-04       3.7045e-05
 7.0000e+00       3.1500e+00       7.1696e-01       1.5473e-03       5.3028e-03      -4.3094e-04       4.2767e-05
 7.0000e+00       3.1500e+00       7.2606e-01       1.4950e-03       5.2597e-03      -4.6039e-04       4.8676e-05
 7.0000e+00       3.1500e+00       7.3517e-01       1.4452e-03       5.2173e-03      -4.8941e-04       5.4737e-05
 7.0000e+00       3.1500e+00       7.4427e-01       1.3979e-03       5.1757e-03      -5.1797e-04       6.0919e-05
 7.0000e+00       3.1500e+00       7.5338e-01       1.3529e-03       5.1348e-03      -5.4604e-04       6.7192e-05
 7.0000e+00       3.1500e+00       7.6248e-01       1.3102e-03       5.0945e-03      -5.7360e-04       7.3527e-05
 7.0000e+00       3.1500e+00       7.7159e-01       1.2696e-03       5.0549e-03      -6.0061e-04       7.9900e-05
 7.0000e+00       3.1500e+00       7.8069e-01       1.2310e-03       5.0159e-03      -6.2707e-04       8.6286e-05
 7.0000e+00       3.1500e+00       7.8980e-01       1.1944e-03       4.9774e-03      -6.5296e-04       9.2666e-05
 7.0000e+00       3.1500e+00       7.9890e-01       1.1596e-03       4.9395e-03      -6.7826e-04       9.9017e-05
 7.0000e+00       3.1500e+00       8.0801e-01       1.1265e-03       4.9021e-03      -7.0297e-04       1.0532e-04
 7.0000e+00       3.1500e+00       8.1711e-01       1.0951e-03       4.8653e-03      -7.2706e-04       1.1157e-04
 7.0000e+00       3.1500e+00       8.2622e-01       1.0653e-03       4.8289e-03      -7.5055e-04       1.1773e-04
 7.0000e+00       3.1500e+00       8.3532e-01       1.0370e-03       4.7930e-03      -7.7342e-04       1.2381e-04
 7.0000e+00       3.1500e+00       8.4443e-01       1.0101e-03       4.7575e-03      -7.9567e-04       1.2978e-04
 7.0000e+00       3.1500e+00       8.5353e-01       9.8462e-04       4.7224e-03      -8.1729e-04       1.3563e-04
 7.0000e+00       3.1500e+00       8.6264e-01       9.6039e-04       4.6878e-03      -8.3829e-04       1.4136e-04
 7.0000e+00       3.1500e+00       8.7174e-01       9.3740e-04       4.6535e-03      -8.5867e-04       1.4696e-04
 7.0000e+00       3.1500e+00       8.8085e-01       9.1558e-04       4.6196e-03      -8.7842e-04       1.5241e-04
 7.0000e+00       3.1500e+00       8.8995e-01       8.9487e-04       4.5861e-03      -8.9756e-04       1.5771e-04
 7.0000e+00       3.1500e+00       8.9906e-01       8.7522e-04       4.5529e-03      -9.1607e-04       1.6286e-04
 7.0000e+00       3.1500e+00       9.0816e-01       8.5657e-04       4.5200e-03      -9.3398e-04       1.6784e-04
 7.0000e+00       3.1500e+00       9.1727e-01       8.3887e-04       4.4875e-03      -9.5128e-04       1.7266e-04
 7.0000e+00       3.1500e+00       9.2638e-01       8.2208e-04       4.4552e-03      -9.6797e-04       1.7731e-04
 7.0000e+00       3.1500e+00       9.3548e-01       8.0615e-04       4.4233e-03      -9.8407e-04       1.8178e-04
 7.0000e+00       3.1500e+00       9.4459e-01       7.9104e-04       4.3916e-03      -9.9958e-04       1.8608e-04
 7.0000e+00       3.1500e+00       9.5369e-01       7.7670e-04       4.3602e-03      -1.0145e-03       1.9019e-04
 7.0000e+00       3.1500e+00       9.6280e-01       7.6310e-04       4.3291e-03      -1.0288e-03       1.9413e-04
 7.0000e+00       3.1500e+00       9.7190e-01       7.5020e-04       4.2982e-03      -1.0426e-03       1.9788e-04
 7.0000e+00       3.1500e+00       9.8101e-01       7.3795e-04       4.2676e-03      -1.0558e-03       2.0145e-04
 7.0000e+00       3.1500e+00       9.9011e-01       7.2634e-04       4.2372e-03      -1.0685e-03       2.0484e-04
 7.0000e+00       3.1500e+00       9.9922e-01       7.1531e-04       4.2070e-03      -1.0806e-03       2.0804e-04
 7.0000e+00       3.1500e+00       1.0083e+00       7.0485e-04       4.1770e-03      -1.0922e-03       2.1107e-04
 7.0000e+00       3.1500e+00       1.0174e+00       6.9493e-04       4.1473e-03      -1.1033e-03       2.1391e-04
 7.0000e+00       3.1500e+00       1.0265e+00       6.8551e-04       4.1177e-03      -1.1138e-03       2.1657e-04
 7.0000e+00       3.1500e+00       1.0356e+00       6.7656e-04       4.0884e-03      -1.1238e-03       2.1905e-04
 7.0000e+00       3.1500e+00       1.0447e+00       6.6807e-04       4.0592e-03      -1.1333e-03       2.2135e-04
 7.0000e+00       3.1500e+00       1.0538e+00       6.6000e-04       4.0303e-03      -1.1424e-03       2.2347e-04
 7.0000e+00       3.1500e+00       1.0630e+00       6.5234e-04       4.0015e-03      -1.1509e-03       2.2543e-04
 7.0000e+00       3.1500e+00       1.0721e+00       6.4506e-04       3.9729e-03      -1.1590e-03       2.2721e-04
 7.0000e+00       3.1500e+00       1.0812e+00       6.3814e-04       3.9444e-03      -1.1666e-03       2.2882e-04
 7.0000e+00       3.1500e+00       1.0903e+00       6.3156e-04       3.9161e-03      -1.1738e-03       2.3027e-04
 7.0000e+00       3.1500e+00       1.0994e+00       6.2531e-04       3.8880e-03      -1.1805e-03       2.3155e-04
 7.0000e+00       3.1500e+00       1.1085e+00       6.1935e-04       3.8601e-03      -1.1867e-03       2.3268e-04
 7.0000e+00       3.1500e+00       1.1176e+00       6.1368e-04       3.8322e-03      -1.1926e-03       2.3364e-04
 7.0000e+00       3.1500e+00       1.1267e+00       6.0828e-04       3.8046e-03      -1.1980e-03       2.3446e-04
 7.0000e+00       3.1500e+00       1.1358e+00       6.0313e-04       3.7771e-03      -1.2030e-03       2.3512e-04
 7.0000e+00       3.1500e+00       1.1449e+00       5.9821e-04       3.7497e-03      -1.2076e-03       2.3563e-04
 7.0000e+00       3.1500e+00       1.1540e+00       5.9352e-04       3.7225e-03      -1.2119e-03       2.3600e-04
 7.0000e+00       3.1500e+00       1.1631e+00       5.8904e-04       3.6954e-03      -1.2157e-03       2.3623e-04
 7.0000e+00       3.1500e+00       1.1722e+00       5.8476e-04       3.6684e-03      -1.2192e-03       2.3633e-04
 7.0000e+00       3.1500e+00       1.1813e+00       5.8066e-04       3.6416e-03      -1.2222e-03       2.3629e-04
 7.0000e+00       3.1500e+00       1.1904e+00       5.7673e-04       3.6149e-03      -1.2250e-03       2.3612e-04
 7.0000e+00       3.1500e+00       1.1995e+00       5.7297e-04       3.5883e-03      -1.2274e-03       2.3582e-04
 7.0000e+00       3.1500e+00       1.2086e+00       5.6936e-04       3.5619e-03      -1.2294e-03       2.3540e-04
 7.0000e+00       3.1500e+00       1.2177e+00       5.6588e-04       3.5356e-03      -1.2312e-03       2.3487e-04
 7.0000e+00       3.1500e+00       1.2268e+00       5.6254e-04       3.5094e-03      -1.2325e-03       2.3421e-04
 7.0000e+00       3.1500e+00       1.2360e+00       5.5932e-04       3.4833e-03      -1.2336e-03       2.3345e-04
 7.0000e+00       3.1500e+00       1.2451e+00       5.5621e-04       3.4573e-03      -1.2344e-03       2.3258e-04
 7.0000e+00       3.1500e+00       1.2542e+00       5.5321e-04       3.4315e-03      -1.2349e-03       2.3161e-04
 7.0000e+00       3.1500e+00       1.2633e+00       5.5031e-04       3.4058e-03      -1.2351e-03       2.3053e-04
 7.0000e+00       3.1500e+00       1.2724e+00       5.4750e-04       3.3802e-03      -1.2350e-03       2.2936e-04
 7.0000e+00       3.1500e+00       1.2815e+00       5.4477e-04       3.3546e-03      -1.2346e-03       2.2810e-04
 7.0000e+00       3.1500e+00       1.2906e+00       5.4212e-04       3.3293e-03      -1.2339e-03       2.2674e-04
 7.0000e+00       3.1500e+00       1.2997e+00       5.3954e-04       3.3040e-03      -1.2330e-03       2.2530e-04
 7.0000e+00       3.1500e+00       1.3088e+00       5.3703e-04       3.2788e-03      -1.2319e-03       2.2378e-04
 7.0000e+00       3.1500e+00       1.3179e+00       5.3458e-04       3.2538e-03      -1.2305e-03       2.2218e-04
 7.0000e+00       3.1500e+00       1.3270e+00       5.3218e-04       3.2288e-03      -1.2288e-03       2.2050e-04
 7.0000e+00       3.1500e+00       1.3361e+00       5.2983e-04       3.2040e-03      -1.2269e-03       2.1875e-04
 7.0000e+00       3.1500e+00       1.3452e+00       5.2752e-04       3.1792e-03      -1.2248e-03       2.1693e-04
 7.0000e+00       3.1500e+00       1.3543e+00       5.2525e-04       3.1546e-03      -1.2225e-03       2.1504e-04
 7.0000e+00       3.1500e+00       1.3634e+00       5.2303e-04       3.1301e-03      -1.2200e-03       2.1310e-04
 7.0000e+00       3.1500e+00       1.3725e+00       5.2083e-04       3.1057e-03      -1.2172e-03       2.1109e-04
 7.0000e+00       3.1500e+00       1.3816e+00       5.1866e-04       3.0814e-03      -1.2143e-03       2.0902e-04
 7.0000e+00       3.1500e+00       1.3907e+00       5.1652e-04       3.0572e-03      -1.2111e-03       2.0691e-04
 7.0000e+00       3.1500e+00       1.3998e+00       5.1440e-04       3.0331e-03      -1.2078e-03       2.0474e-04
 7.0000e+00       3.1500e+00       1.4089e+00       5.1230e-04       3.0091e-03      -1.2043e-03       2.0252e-04
 7.0000e+00       3.1500e+00       1.4181e+00       5.1021e-04       2.9852e-03      -1.2006e-03       2.0026e-04
 7.0000e+00       3.1500e+00       1.4272e+00       5.0814e-04       2.9614e-03      -1.1967e-03       1.9796e-04
 7.0000e+00       3.1500e+00       1.4363e+00       5.0608e-04       2.9378e-03      -1.1927e-03       1.9562e-04
 7.0000e+00       3.1500e+00       1.4454e+00       5.0403e-04       2.9142e-03      -1.1885e-03       1.9325e-04
 7.0000e+00       3.1500e+00       1.4545e+00       5.0198e-04       2.8907e-03      -1.1842e-03       1.9083e-04
 7.0000e+00       3.1500e+00       1.4636e+00       4.9994e-04       2.8674e-03      -1.1797e-03       1.8839e-04
 7.0000e+00       3.1500e+00       1.4727e+00       4.9791e-04       2.8441e-03      -1.1751e-03       1.8592e-04
 7.0000e+00       3.1500e+00       1.4818e+00       4.9587e-04       2.8210e-03      -1.1703e-03       1.8342e-04
 7.0000e+00       3.1500e+00       1.4909e+00       4.9383e-04       2.7979e-03      -1.1654e-03       1.8090e-04
 7.0000e+00       3.1500e+00       1.5000e+00       4.9179e-04       2.7750e-03      -1.1604e-03       1.7836e-04
