 4.5000e+00       3.1500e+00       3.5077e-01       1.1753e-02       2.0920e-02       0.0000e+00       0.0000e+00
 4.5000e+00       3.1500e+00       3.6238e-01       1.1063e-02       2.0376e-02       6.5114e-04      -1.2248e-04
 4.5000e+00       3.1500e+00       3.7399e-01       1.0419e-02       1.9857e-02       8.0059e-04      -2.2722e-04
 4.5000e+00       3.1500e+00       3.8560e-01       9.8159e-03       1.9361e-02       8.4334e-04      -3.1601e-04
 4.5000e+00       3.1500e+00       3.9721e-01       9.2523e-03       1.8886e-02       8.2621e-04      -3.9045e-04
 4.5000e+00       3.1500e+00       4.0881e-01       8.7254e-03       1.8431e-02       7.6990e-04      -4.5198e-04
 4.5000e+00       3.1500e+00       4.2042e-01       8.2330e-03       1.7994e-02       6.8623e-04      -5.0193e-04
 4.5000e+00       3.1500e+00       4.3203e-01       7.7728e-03       1.7575e-02       5.8288e-04      -5.4149e-04
 4.5000e+00       3.1500e+00       4.4364e-01       7.3428e-03       1.7173e-02       4.6520e-04      -5.7175e-04
 4.5000e+00       3.1500e+00       4.5525e-01       6.9411e-03       1.6786e-02       3.3711e-04      -5.9371e-04
 4.5000e+00       3.1500e+00       4.6686e-01       6.5659e-03       1.6414e-02       2.0158e-04      -6.0825e-04
 4.5000e+00       3.1500e+00       4.7846e-01       6.2155e-03       1.6056e-02       6.0932e-05      -6.1620e-04
 4.5000e+00       3.1500e+00       4.9007e-01       5.8883e-03       1.5711e-02      -8.3031e-05      -6.1829e-04
 4.5000e+00       3.1500e+00       5.0168e-01       5.5828e-03       1.5378e-02      -2.2886e-04      -6.1521e-04
 4.5000e+00       3.1500e+00       5.1329e-01       5.2976e-03       1.5057e-02      -3.7537e-04      -6.0756e-04
 4.5000e+00       3.1500e+00       5.2490e-01       5.0314e-03       1.4747e-02      -5.2164e-04      -5.9591e-04
 4.5000e+00       3.1500e+00       5.3651e-01       4.7830e-03       1.4447e-02      -6.6688e-04      -5.8076e-04
 4.5000e+00       3.1500e+00       5.4811e-01       4.5512e-03       1.4157e-02      -8.1047e-04      -5.6258e-04
 4.5000e+00       3.1500e+00       5.5972e-01       4.3351e-03       1.3877e-02      -9.5190e-04      -5.4179e-04
 4.5000e+00       3.1500e+00       5.7133e-01       4.1335e-03       1.3606e-02      -1.0907e-03      -5.1876e-04
 4.5000e+00       3.1500e+00       5.8294e-01       3.9455e-03       1.3343e-02      -1.2267e-03      -4.9384e-04
 4.5000e+00       3.1500e+00       5.9455e-01       3.7702e-03       1.3089e-02      -1.3594e-03      -4.6735e-04
 4.5000e+00       3.1500e+00       6.0616e-01       3.6068e-03       1.2842e-02      -1.4888e-03      -4.3957e-04
 4.5000e+00       3.1500e+00       6.1776e-01       3.4546e-03       1.2603e-02      -1.6145e-03      -4.1075e-04
 4.5000e+00       3.1500e+00       6.2937e-01       3.3128e-03       1.2371e-02      -1.7366e-03      -3.8113e-04
 4.5000e+00       3.1500e+00       6.4098e-01       3.1806e-03       1.2145e-02      -1.8548e-03      -3.5092e-04
 4.5000e+00       3.1500e+00       6.5259e-01       3.0576e-03       1.1927e-02      -1.9692e-03      -3.2030e-04
 4.5000e+00       3.1500e+00       6.6420e-01       2.9431e-03       1.1714e-02      -2.0797e-03      -2.8945e-04
 4.5000e+00       3.1500e+00       6.7581e-01       2.8364e-03       1.1507e-02      -2.1862e-03      -2.5852e-04
 4.5000e+00       3.1500e+00       6.8741e-01       2.7372e-03       1.1306e-02      -2.2888e-03      -2.2764e-04
 4.5000e+00       3.1500e+00       6.9902e-01       2.6449e-03       1.1110e-02      -2.3875e-03      -1.9694e-04
 4.5000e+00       3.1500e+00       7.1063e-01       2.5590e-03       1.0920e-02      -2.4823e-03      -1.6653e-04
 4.5000e+00       3.1500e+00       7.2224e-01       2.4791e-03       1.0734e-02      -2.5731e-03      -1.3650e-04
 4.5000e+00       3.1500e+00       7.3385e-01       2.4049e-03       1.0554e-02      -2.6601e-03      -1.0694e-04
 4.5000e+00       3.1500e+00       7.4546e-01       2.3359e-03       1.0377e-02      -2.7434e-03      -7.7914e-05
 4.5000e+00       3.1500e+00       7.5707e-01       2.2717e-03       1.0206e-02      -2.8229e-03      -4.9500e-05
 4.5000e+00       3.1500e+00       7.6867e-01       2.2121e-03       1.0038e-02      -2.8987e-03      -2.1750e-05
 4.5000e+00       3.1500e+00       7.8028e-01       2.1567e-03       9.8751e-03      -2.9709e-03       5.2872e-06
 4.5000e+00       3.1500e+00       7.9189e-01       2.1053e-03       9.7158e-03      -3.0396e-03       3.1569e-05
 4.5000e+00       3.1500e+00       8.0350e-01       2.0575e-03       9.5602e-03      -3.1048e-03       5.7062e-05
 4.5000e+00       3.1500e+00       8.1511e-01       2.0132e-03       9.4083e-03      -3.1666e-03       8.1735e-05
 4.5000e+00       3.1500e+00       8.2672e-01       1.9720e-03       9.2599e-03      -3.2251e-03       1.0556e-04
 4.5000e+00       3.1500e+00       8.3832e-01       1.9337e-03       9.1150e-03      -3.2803e-03       1.2853e-04
 4.5000e+00       3.1500e+00       8.4993e-01       1.8982e-03       8.9733e-03      -3.3324e-03       1.5063e-04
 4.5000e+00       3.1500e+00       8.6154e-01       1.8652e-03       8.8348e-03      -3.3814e-03       1.7183e-04
 4.5000e+00       3.1500e+00       8.7315e-01       1.8346e-03       8.6993e-03      -3.4274e-03       1.9215e-04
 4.5000e+00       3.1500e+00       8.8476e-01       1.8062e-03       8.5668e-03      -3.4704e-03       2.1156e-04
 4.5000e+00       3.1500e+00       8.9637e-01       1.7798e-03       8.4371e-03      -3.5107e-03       2.3009e-04
 4.5000e+00       3.1500e+00       9.0797e-01       1.7553e-03       8.3102e-03      -3.5481e-03       2.4772e-04
 4.5000e+00       3.1500e+00       9.1958e-01       1.7325e-03       8.1859e-03      -3.5829e-03       2.6446e-04
 4.5000e+00       3.1500e+00       9.3119e-01       1.7112e-03       8.0643e-03      -3.6150e-03       2.8032e-04
 4.5000e+00       3.1500e+00       9.4280e-01       1.6915e-03       7.9451e-03      -3.6447e-03       2.9532e-04
 4.5000e+00       3.1500e+00       9.5441e-01       1.6731e-03       7.8283e-03      -3.6718e-03       3.0945e-04
 4.5000e+00       3.1500e+00       9.6602e-01       1.6560e-03       7.7139e-03      -3.6966e-03       3.2274e-04
 4.5000e+00       3.1500e+00       9.7762e-01       1.6400e-03       7.6017e-03      -3.7191e-03       3.3519e-04
 4.5000e+00       3.1500e+00       9.8923e-01       1.6251e-03       7.4917e-03      -3.7394e-03       3.4683e-04
 4.5000e+00       3.1500e+00       1.0008e+00       1.6112e-03       7.3839e-03      -3.7574e-03       3.5767e-04
 4.5000e+00       3.1500e+00       1.0124e+00       1.5981e-03       7.2781e-03      -3.7734e-03       3.6773e-04
 4.5000e+00       3.1500e+00       1.0241e+00       1.5859e-03       7.1743e-03      -3.7874e-03       3.7702e-04
 4.5000e+00       3.1500e+00       1.0357e+00       1.5744e-03       7.0725e-03      -3.7994e-03       3.8557e-04
 4.5000e+00       3.1500e+00       1.0473e+00       1.5636e-03       6.9725e-03      -3.8096e-03       3.9338e-04
 4.5000e+00       3.1500e+00       1.0589e+00       1.5533e-03       6.8743e-03      -3.8179e-03       4.0050e-04
 4.5000e+00       3.1500e+00       1.0705e+00       1.5437e-03       6.7780e-03      -3.8244e-03       4.0692e-04
 4.5000e+00       3.1500e+00       1.0821e+00       1.5345e-03       6.6833e-03      -3.8293e-03       4.1268e-04
 4.5000e+00       3.1500e+00       1.0937e+00       1.5258e-03       6.5903e-03      -3.8325e-03       4.1780e-04
 4.5000e+00       3.1500e+00       1.1053e+00       1.5175e-03       6.4990e-03      -3.8341e-03       4.2229e-04
 4.5000e+00       3.1500e+00       1.1169e+00       1.5096e-03       6.4092e-03      -3.8342e-03       4.2618e-04
 4.5000e+00       3.1500e+00       1.1285e+00       1.5020e-03       6.3210e-03      -3.8329e-03       4.2949e-04
 4.5000e+00       3.1500e+00       1.1401e+00       1.4946e-03       6.2342e-03      -3.8301e-03       4.3223e-04
 4.5000e+00       3.1500e+00       1.1517e+00       1.4876e-03       6.1489e-03      -3.8260e-03       4.3444e-04
 4.5000e+00       3.1500e+00       1.1634e+00       1.4807e-03       6.0650e-03      -3.8206e-03       4.3612e-04
 4.5000e+00       3.1500e+00       1.1750e+00       1.4741e-03       5.9825e-03      -3.8140e-03       4.3731e-04
 4.5000e+00       3.1500e+00       1.1866e+00       1.4676e-03       5.9014e-03      -3.8061e-03       4.3801e-04
 4.5000e+00       3.1500e+00       1.1982e+00       1.4612e-03       5.8215e-03      -3.7971e-03       4.3826e-04
 4.5000e+00       3.1500e+00       1.2098e+00       1.4550e-03       5.7430e-03      -3.7870e-03       4.3806e-04
 4.5000e+00       3.1500e+00       1.2214e+00       1.4488e-03       5.6656e-03      -3.7758e-03       4.3745e-04
 4.5000e+00       3.1500e+00       1.2330e+00       1.4427e-03       5.5895e-03      -3.7636e-03       4.3643e-04
 4.5000e+00       3.1500e+00       1.2446e+00       1.4367e-03       5.5145e-03      -3.7504e-03       4.3504e-04
 4.5000e+00       3.1500e+00       1.2562e+00       1.4307e-03       5.4407e-03      -3.7363e-03       4.3327e-04
 4.5000e+00       3.1500e+00       1.2678e+00       1.4248e-03       5.3681e-03      -3.7213e-03       4.3117e-04
 4.5000e+00       3.1500e+00       1.2794e+00       1.4189e-03       5.2965e-03      -3.7055e-03       4.2873e-04
 4.5000e+00       3.1500e+00       1.2910e+00       1.4129e-03       5.2260e-03      -3.6888e-03       4.2599e-04
 4.5000e+00       3.1500e+00       1.3027e+00       1.4070e-03       5.1565e-03      -3.6714e-03       4.2294e-04
 4.5000e+00       3.1500e+00       1.3143e+00       1.4010e-03       5.0880e-03      -3.6532e-03       4.1963e-04
 4.5000e+00       3.1500e+00       1.3259e+00       1.3950e-03       5.0206e-03      -3.6343e-03       4.1605e-04
 4.5000e+00       3.1500e+00       1.3375e+00       1.3890e-03       4.9541e-03      -3.6148e-03       4.1222e-04
 4.5000e+00       3.1500e+00       1.3491e+00       1.3829e-03       4.8886e-03      -3.5946e-03       4.0816e-04
 4.5000e+00       3.1500e+00       1.3607e+00       1.3768e-03       4.8240e-03      -3.5738e-03       4.0389e-04
 4.5000e+00       3.1500e+00       1.3723e+00       1.3706e-03       4.7603e-03      -3.5525e-03       3.9941e-04
 4.5000e+00       3.1500e+00       1.3839e+00       1.3644e-03       4.6974e-03      -3.5306e-03       3.9475e-04
 4.5000e+00       3.1500e+00       1.3955e+00       1.3580e-03       4.6355e-03      -3.5081e-03       3.8991e-04
 4.5000e+00       3.1500e+00       1.4071e+00       1.3517e-03       4.5744e-03      -3.4852e-03       3.8491e-04
 4.5000e+00       3.1500e+00       1.4187e+00       1.3452e-03       4.5142e-03      -3.4619e-03       3.7976e-04
 4.5000e+00       3.1500e+00       1.4303e+00       1.3387e-03       4.4547e-03      -3.4381e-03       3.7447e-04
 4.5000e+00       3.1500e+00       1.4420e+00       1.3320e-03       4.3961e-03      -3.4139e-03       3.6906e-04
 4.5000e+00       3.1500e+00       1.4536e+00       1.3254e-03       4.3383e-03      -3.3893e-03       3.6353e-04
 4.5000e+00       3.1500e+00       1.4652e+00       1.3186e-03       4.2812e-03      -3.3644e-03       3.5791e-04
 4.5000e+00       3.1500e+00       1.4768e+00       1.3117e-03       4.2248e-03      -3.3391e-03       3.5218e-04
 4.5000e+00       3.1500e+00       1.4884e+00       1.3048e-03       4.1693e-03      -3.3135e-03       3.4638e-04
 4.5000e+00       3.1500e+00       1.5000e+00       1.2978e-03       4.1144e-03      -3.2877e-03       3.4051e-04

