 3.5000e+00       3.1500e+00       2.5998e-01       2.1653e-02       3.8338e-02       0.0000e+00       0.0000e+00
 3.5000e+00       3.1500e+00       2.7250e-01       2.0198e-02       3.7005e-02       1.8513e-03      -3.9697e-04
 3.5000e+00       3.1500e+00       2.8503e-01       1.8846e-02       3.5746e-02       2.3135e-03      -7.3614e-04
 3.5000e+00       3.1500e+00       2.9755e-01       1.7591e-02       3.4555e-02       2.4922e-03      -1.0241e-03
 3.5000e+00       3.1500e+00       3.1008e-01       1.6425e-02       3.3427e-02       2.5167e-03      -1.2665e-03
 3.5000e+00       3.1500e+00       3.2260e-01       1.5344e-02       3.2356e-02       2.4434e-03      -1.4686e-03
 3.5000e+00       3.1500e+00       3.3513e-01       1.4340e-02       3.1340e-02       2.3042e-03      -1.6350e-03
 3.5000e+00       3.1500e+00       3.4766e-01       1.3410e-02       3.0372e-02       2.1191e-03      -1.7697e-03
 3.5000e+00       3.1500e+00       3.6018e-01       1.2547e-02       2.9451e-02       1.9018e-03      -1.8763e-03
 3.5000e+00       3.1500e+00       3.7271e-01       1.1748e-02       2.8573e-02       1.6621e-03      -1.9581e-03
 3.5000e+00       3.1500e+00       3.8523e-01       1.1007e-02       2.7735e-02       1.4073e-03      -2.0181e-03
 3.5000e+00       3.1500e+00       3.9776e-01       1.0321e-02       2.6934e-02       1.1428e-03      -2.0587e-03
 3.5000e+00       3.1500e+00       4.1028e-01       9.6862e-03       2.6168e-02       8.7284e-04      -2.0823e-03
 3.5000e+00       3.1500e+00       4.2281e-01       9.0984e-03       2.5435e-02       6.0047e-04      -2.0910e-03
 3.5000e+00       3.1500e+00       4.3533e-01       8.5545e-03       2.4733e-02       3.2831e-04      -2.0866e-03
 3.5000e+00       3.1500e+00       4.4786e-01       8.0514e-03       2.4059e-02       5.8293e-05      -2.0708e-03
 3.5000e+00       3.1500e+00       4.6038e-01       7.5862e-03       2.3413e-02      -2.0804e-04      -2.0451e-03
 3.5000e+00       3.1500e+00       4.7291e-01       7.1561e-03       2.2792e-02      -4.6951e-04      -2.0109e-03
 3.5000e+00       3.1500e+00       4.8544e-01       6.7586e-03       2.2196e-02      -7.2517e-04      -1.9693e-03
 3.5000e+00       3.1500e+00       4.9796e-01       6.3914e-03       2.1622e-02      -9.7430e-04      -1.9215e-03
 3.5000e+00       3.1500e+00       5.1049e-01       6.0523e-03       2.1071e-02      -1.2164e-03      -1.8684e-03
 3.5000e+00       3.1500e+00       5.2301e-01       5.7392e-03       2.0539e-02      -1.4510e-03      -1.8108e-03
 3.5000e+00       3.1500e+00       5.3554e-01       5.4503e-03       2.0027e-02      -1.6778e-03      -1.7496e-03
 3.5000e+00       3.1500e+00       5.4806e-01       5.1837e-03       1.9534e-02      -1.8967e-03      -1.6854e-03
 3.5000e+00       3.1500e+00       5.6059e-01       4.9379e-03       1.9058e-02      -2.1075e-03      -1.6189e-03
 3.5000e+00       3.1500e+00       5.7311e-01       4.7113e-03       1.8598e-02      -2.3101e-03      -1.5506e-03
 3.5000e+00       3.1500e+00       5.8564e-01       4.5025e-03       1.8155e-02      -2.5046e-03      -1.4811e-03
 3.5000e+00       3.1500e+00       5.9817e-01       4.3102e-03       1.7726e-02      -2.6910e-03      -1.4107e-03
 3.5000e+00       3.1500e+00       6.1069e-01       4.1332e-03       1.7312e-02      -2.8693e-03      -1.3398e-03
 3.5000e+00       3.1500e+00       6.2322e-01       3.9702e-03       1.6911e-02      -3.0397e-03      -1.2689e-03
 3.5000e+00       3.1500e+00       6.3574e-01       3.8204e-03       1.6524e-02      -3.2022e-03      -1.1981e-03
 3.5000e+00       3.1500e+00       6.4827e-01       3.6826e-03       1.6149e-02      -3.3570e-03      -1.1279e-03
 3.5000e+00       3.1500e+00       6.6079e-01       3.5559e-03       1.5786e-02      -3.5043e-03      -1.0583e-03
 3.5000e+00       3.1500e+00       6.7332e-01       3.4396e-03       1.5435e-02      -3.6442e-03      -9.8974e-04
 3.5000e+00       3.1500e+00       6.8584e-01       3.3328e-03       1.5094e-02      -3.7768e-03      -9.2224e-04
 3.5000e+00       3.1500e+00       6.9837e-01       3.2348e-03       1.4764e-02      -3.9024e-03      -8.5601e-04
 3.5000e+00       3.1500e+00       7.1089e-01       3.1449e-03       1.4445e-02      -4.0212e-03      -7.9117e-04
 3.5000e+00       3.1500e+00       7.2342e-01       3.0625e-03       1.4134e-02      -4.1332e-03      -7.2786e-04
 3.5000e+00       3.1500e+00       7.3595e-01       2.9870e-03       1.3833e-02      -4.2388e-03      -6.6615e-04
 3.5000e+00       3.1500e+00       7.4847e-01       2.9178e-03       1.3541e-02      -4.3381e-03      -6.0615e-04
 3.5000e+00       3.1500e+00       7.6100e-01       2.8544e-03       1.3257e-02      -4.4313e-03      -5.4790e-04
 3.5000e+00       3.1500e+00       7.7352e-01       2.7965e-03       1.2982e-02      -4.5186e-03      -4.9146e-04
 3.5000e+00       3.1500e+00       7.8605e-01       2.7434e-03       1.2714e-02      -4.6001e-03      -4.3688e-04
 3.5000e+00       3.1500e+00       7.9857e-01       2.6949e-03       1.2454e-02      -4.6761e-03      -3.8418e-04
 3.5000e+00       3.1500e+00       8.1110e-01       2.6505e-03       1.2202e-02      -4.7467e-03      -3.3339e-04
 3.5000e+00       3.1500e+00       8.2362e-01       2.6100e-03       1.1956e-02      -4.8122e-03      -2.8451e-04
 3.5000e+00       3.1500e+00       8.3615e-01       2.5729e-03       1.1717e-02      -4.8726e-03      -2.3755e-04
 3.5000e+00       3.1500e+00       8.4867e-01       2.5390e-03       1.1485e-02      -4.9282e-03      -1.9250e-04
 3.5000e+00       3.1500e+00       8.6120e-01       2.5079e-03       1.1258e-02      -4.9792e-03      -1.4936e-04
 3.5000e+00       3.1500e+00       8.7373e-01       2.4796e-03       1.1038e-02      -5.0257e-03      -1.0812e-04
 3.5000e+00       3.1500e+00       8.8625e-01       2.4536e-03       1.0824e-02      -5.0678e-03      -6.8744e-05
 3.5000e+00       3.1500e+00       8.9878e-01       2.4298e-03       1.0615e-02      -5.1058e-03      -3.1220e-05
 3.5000e+00       3.1500e+00       9.1130e-01       2.4080e-03       1.0412e-02      -5.1398e-03       4.4828e-06
 3.5000e+00       3.1500e+00       9.2383e-01       2.3880e-03       1.0214e-02      -5.1699e-03       3.8395e-05
 3.5000e+00       3.1500e+00       9.3635e-01       2.3696e-03       1.0021e-02      -5.1963e-03       7.0551e-05
 3.5000e+00       3.1500e+00       9.4888e-01       2.3527e-03       9.8333e-03      -5.2191e-03       1.0099e-04
 3.5000e+00       3.1500e+00       9.6140e-01       2.3370e-03       9.6500e-03      -5.2386e-03       1.2974e-04
 3.5000e+00       3.1500e+00       9.7393e-01       2.3226e-03       9.4713e-03      -5.2547e-03       1.5685e-04
 3.5000e+00       3.1500e+00       9.8646e-01       2.3092e-03       9.2969e-03      -5.2677e-03       1.8236e-04
 3.5000e+00       3.1500e+00       9.9898e-01       2.2967e-03       9.1268e-03      -5.2776e-03       2.0631e-04
 3.5000e+00       3.1500e+00       1.0115e+00       2.2850e-03       8.9609e-03      -5.2847e-03       2.2874e-04
 3.5000e+00       3.1500e+00       1.0240e+00       2.2740e-03       8.7989e-03      -5.2890e-03       2.4971e-04
 3.5000e+00       3.1500e+00       1.0366e+00       2.2637e-03       8.6408e-03      -5.2906e-03       2.6925e-04
 3.5000e+00       3.1500e+00       1.0491e+00       2.2539e-03       8.4864e-03      -5.2896e-03       2.8741e-04
 3.5000e+00       3.1500e+00       1.0616e+00       2.2446e-03       8.3356e-03      -5.2863e-03       3.0423e-04
 3.5000e+00       3.1500e+00       1.0741e+00       2.2357e-03       8.1883e-03      -5.2806e-03       3.1976e-04
 3.5000e+00       3.1500e+00       1.0867e+00       2.2271e-03       8.0444e-03      -5.2727e-03       3.3405e-04
 3.5000e+00       3.1500e+00       1.0992e+00       2.2188e-03       7.9038e-03      -5.2626e-03       3.4714e-04
 3.5000e+00       3.1500e+00       1.1117e+00       2.2107e-03       7.7664e-03      -5.2505e-03       3.5907e-04
 3.5000e+00       3.1500e+00       1.1242e+00       2.2028e-03       7.6320e-03      -5.2365e-03       3.6990e-04
 3.5000e+00       3.1500e+00       1.1368e+00       2.1951e-03       7.5006e-03      -5.2207e-03       3.7965e-04
 3.5000e+00       3.1500e+00       1.1493e+00       2.1874e-03       7.3721e-03      -5.2031e-03       3.8838e-04
 3.5000e+00       3.1500e+00       1.1618e+00       2.1797e-03       7.2464e-03      -5.1838e-03       3.9613e-04
 3.5000e+00       3.1500e+00       1.1743e+00       2.1721e-03       7.1234e-03      -5.1629e-03       4.0294e-04
 3.5000e+00       3.1500e+00       1.1869e+00       2.1645e-03       7.0031e-03      -5.1405e-03       4.0885e-04
 3.5000e+00       3.1500e+00       1.1994e+00       2.1568e-03       6.8853e-03      -5.1167e-03       4.1390e-04
 3.5000e+00       3.1500e+00       1.2119e+00       2.1491e-03       6.7700e-03      -5.0916e-03       4.1813e-04
 3.5000e+00       3.1500e+00       1.2244e+00       2.1413e-03       6.6571e-03      -5.0651e-03       4.2159e-04
 3.5000e+00       3.1500e+00       1.2370e+00       2.1333e-03       6.5465e-03      -5.0374e-03       4.2429e-04
 3.5000e+00       3.1500e+00       1.2495e+00       2.1253e-03       6.4382e-03      -5.0086e-03       4.2629e-04
 3.5000e+00       3.1500e+00       1.2620e+00       2.1172e-03       6.3321e-03      -4.9787e-03       4.2762e-04
 3.5000e+00       3.1500e+00       1.2745e+00       2.1088e-03       6.2281e-03      -4.9477e-03       4.2832e-04
 3.5000e+00       3.1500e+00       1.2871e+00       2.1004e-03       6.1262e-03      -4.9158e-03       4.2841e-04
 3.5000e+00       3.1500e+00       1.2996e+00       2.0918e-03       6.0263e-03      -4.8830e-03       4.2793e-04
 3.5000e+00       3.1500e+00       1.3121e+00       2.0830e-03       5.9284e-03      -4.8493e-03       4.2692e-04
 3.5000e+00       3.1500e+00       1.3246e+00       2.0740e-03       5.8324e-03      -4.8149e-03       4.2539e-04
 3.5000e+00       3.1500e+00       1.3372e+00       2.0648e-03       5.7382e-03      -4.7796e-03       4.2340e-04
 3.5000e+00       3.1500e+00       1.3497e+00       2.0555e-03       5.6459e-03      -4.7437e-03       4.2095e-04
 3.5000e+00       3.1500e+00       1.3622e+00       2.0460e-03       5.5552e-03      -4.7071e-03       4.1808e-04
 3.5000e+00       3.1500e+00       1.3747e+00       2.0362e-03       5.4663e-03      -4.6699e-03       4.1482e-04
 3.5000e+00       3.1500e+00       1.3873e+00       2.0263e-03       5.3791e-03      -4.6321e-03       4.1120e-04
 3.5000e+00       3.1500e+00       1.3998e+00       2.0162e-03       5.2934e-03      -4.5939e-03       4.0723e-04
 3.5000e+00       3.1500e+00       1.4123e+00       2.0059e-03       5.2094e-03      -4.5551e-03       4.0295e-04
 3.5000e+00       3.1500e+00       1.4248e+00       1.9954e-03       5.1268e-03      -4.5159e-03       3.9837e-04
 3.5000e+00       3.1500e+00       1.4374e+00       1.9847e-03       5.0458e-03      -4.4763e-03       3.9352e-04
 3.5000e+00       3.1500e+00       1.4499e+00       1.9738e-03       4.9662e-03      -4.4363e-03       3.8842e-04
 3.5000e+00       3.1500e+00       1.4624e+00       1.9628e-03       4.8880e-03      -4.3960e-03       3.8310e-04
 3.5000e+00       3.1500e+00       1.4749e+00       1.9515e-03       4.8112e-03      -4.3554e-03       3.7756e-04
 3.5000e+00       3.1500e+00       1.4875e+00       1.9401e-03       4.7357e-03      -4.3145e-03       3.7184e-04
 3.5000e+00       3.1500e+00       1.5000e+00       1.9285e-03       4.6615e-03      -4.2733e-03       3.6594e-04
