 3.0000e+00       3.1500e+00       2.1699e-01       2.9201e-02       5.3049e-02       0.0000e+00       0.0000e+00
 3.0000e+00       3.1500e+00       2.2995e-01       2.7117e-02       5.0930e-02       2.9994e-03      -7.1137e-04
 3.0000e+00       3.1500e+00       2.4291e-01       2.5183e-02       4.8945e-02       3.7421e-03      -1.3158e-03
 3.0000e+00       3.1500e+00       2.5587e-01       2.3392e-02       4.7079e-02       4.0301e-03      -1.8263e-03
 3.0000e+00       3.1500e+00       2.6882e-01       2.1733e-02       4.5324e-02       4.0754e-03      -2.2545e-03
 3.0000e+00       3.1500e+00       2.8178e-01       2.0199e-02       4.3668e-02       3.9702e-03      -2.6102e-03
 3.0000e+00       3.1500e+00       2.9474e-01       1.8780e-02       4.2104e-02       3.7657e-03      -2.9023e-03
 3.0000e+00       3.1500e+00       3.0770e-01       1.7470e-02       4.0625e-02       3.4943e-03      -3.1385e-03
 3.0000e+00       3.1500e+00       3.2066e-01       1.6259e-02       3.9224e-02       3.1774e-03      -3.3256e-03
 3.0000e+00       3.1500e+00       3.3362e-01       1.5142e-02       3.7894e-02       2.8303e-03      -3.4696e-03
 3.0000e+00       3.1500e+00       3.4658e-01       1.4112e-02       3.6632e-02       2.4639e-03      -3.5759e-03
 3.0000e+00       3.1500e+00       3.5954e-01       1.3161e-02       3.5430e-02       2.0865e-03      -3.6491e-03
 3.0000e+00       3.1500e+00       3.7250e-01       1.2286e-02       3.4287e-02       1.7039e-03      -3.6933e-03
 3.0000e+00       3.1500e+00       3.8546e-01       1.1479e-02       3.3196e-02       1.3209e-03      -3.7123e-03
 3.0000e+00       3.1500e+00       3.9842e-01       1.0736e-02       3.2156e-02       9.4085e-04      -3.7094e-03
 3.0000e+00       3.1500e+00       4.1138e-01       1.0052e-02       3.1162e-02       5.6640e-04      -3.6875e-03
 3.0000e+00       3.1500e+00       4.2434e-01       9.4222e-03       3.0212e-02       1.9954e-04      -3.6492e-03
 3.0000e+00       3.1500e+00       4.3730e-01       8.8434e-03       2.9303e-02      -1.5823e-04      -3.5967e-03
 3.0000e+00       3.1500e+00       4.5026e-01       8.3113e-03       2.8433e-02      -5.0581e-04      -3.5322e-03
 3.0000e+00       3.1500e+00       4.6322e-01       7.8224e-03       2.7598e-02      -8.4240e-04      -3.4574e-03
 3.0000e+00       3.1500e+00       4.7618e-01       7.3734e-03       2.6798e-02      -1.1674e-03      -3.3741e-03
 3.0000e+00       3.1500e+00       4.8914e-01       6.9612e-03       2.6031e-02      -1.4805e-03      -3.2835e-03
 3.0000e+00       3.1500e+00       5.0210e-01       6.5829e-03       2.5293e-02      -1.7815e-03      -3.1872e-03
 3.0000e+00       3.1500e+00       5.1506e-01       6.2361e-03       2.4585e-02      -2.0702e-03      -3.0861e-03
 3.0000e+00       3.1500e+00       5.2802e-01       5.9182e-03       2.3903e-02      -2.3466e-03      -2.9812e-03
 3.0000e+00       3.1500e+00       5.4098e-01       5.6269e-03       2.3248e-02      -2.6109e-03      -2.8736e-03
 3.0000e+00       3.1500e+00       5.5394e-01       5.3603e-03       2.2617e-02      -2.8631e-03      -2.7640e-03
 3.0000e+00       3.1500e+00       5.6690e-01       5.1163e-03       2.2010e-02      -3.1034e-03      -2.6531e-03
 3.0000e+00       3.1500e+00       5.7986e-01       4.8932e-03       2.1424e-02      -3.3321e-03      -2.5415e-03
 3.0000e+00       3.1500e+00       5.9282e-01       4.6894e-03       2.0860e-02      -3.5493e-03      -2.4297e-03
 3.0000e+00       3.1500e+00       6.0578e-01       4.5032e-03       2.0315e-02      -3.7554e-03      -2.3184e-03
 3.0000e+00       3.1500e+00       6.1874e-01       4.3333e-03       1.9790e-02      -3.9507e-03      -2.2078e-03
 3.0000e+00       3.1500e+00       6.3170e-01       4.1783e-03       1.9284e-02      -4.1354e-03      -2.0984e-03
 3.0000e+00       3.1500e+00       6.4466e-01       4.0371e-03       1.8794e-02      -4.3098e-03      -1.9904e-03
 3.0000e+00       3.1500e+00       6.5762e-01       3.9085e-03       1.8321e-02      -4.4742e-03      -1.8842e-03
 3.0000e+00       3.1500e+00       6.7058e-01       3.7915e-03       1.7864e-02      -4.6290e-03      -1.7799e-03
 3.0000e+00       3.1500e+00       6.8354e-01       3.6851e-03       1.7423e-02      -4.7745e-03      -1.6779e-03
 3.0000e+00       3.1500e+00       6.9650e-01       3.5884e-03       1.6996e-02      -4.9109e-03      -1.5782e-03
 3.0000e+00       3.1500e+00       7.0946e-01       3.5007e-03       1.6583e-02      -5.0386e-03      -1.4810e-03
 3.0000e+00       3.1500e+00       7.2242e-01       3.4211e-03       1.6183e-02      -5.1579e-03      -1.3864e-03
 3.0000e+00       3.1500e+00       7.3538e-01       3.3489e-03       1.5796e-02      -5.2691e-03      -1.2946e-03
 3.0000e+00       3.1500e+00       7.4834e-01       3.2836e-03       1.5421e-02      -5.3725e-03      -1.2055e-03
 3.0000e+00       3.1500e+00       7.6129e-01       3.2244e-03       1.5059e-02      -5.4684e-03      -1.1193e-03
 3.0000e+00       3.1500e+00       7.7425e-01       3.1709e-03       1.4707e-02      -5.5570e-03      -1.0360e-03
 3.0000e+00       3.1500e+00       7.8721e-01       3.1226e-03       1.4367e-02      -5.6386e-03      -9.5552e-04
 3.0000e+00       3.1500e+00       8.0017e-01       3.0789e-03       1.4036e-02      -5.7135e-03      -8.7799e-04
 3.0000e+00       3.1500e+00       8.1313e-01       3.0394e-03       1.3716e-02      -5.7820e-03      -8.0339e-04
 3.0000e+00       3.1500e+00       8.2609e-01       3.0038e-03       1.3406e-02      -5.8443e-03      -7.3169e-04
 3.0000e+00       3.1500e+00       8.3905e-01       2.9717e-03       1.3105e-02      -5.9007e-03      -6.6287e-04
 3.0000e+00       3.1500e+00       8.5201e-01       2.9426e-03       1.2813e-02      -5.9514e-03      -5.9692e-04
 3.0000e+00       3.1500e+00       8.6497e-01       2.9164e-03       1.2529e-02      -5.9966e-03      -5.3379e-04
 3.0000e+00       3.1500e+00       8.7793e-01       2.8927e-03       1.2254e-02      -6.0366e-03      -4.7344e-04
 3.0000e+00       3.1500e+00       8.9089e-01       2.8713e-03       1.1987e-02      -6.0716e-03      -4.1583e-04
 3.0000e+00       3.1500e+00       9.0385e-01       2.8519e-03       1.1727e-02      -6.1017e-03      -3.6091e-04
 3.0000e+00       3.1500e+00       9.1681e-01       2.8343e-03       1.1475e-02      -6.1273e-03      -3.0862e-04
 3.0000e+00       3.1500e+00       9.2977e-01       2.8183e-03       1.1230e-02      -6.1485e-03      -2.5890e-04
 3.0000e+00       3.1500e+00       9.4273e-01       2.8037e-03       1.0992e-02      -6.1655e-03      -2.1170e-04
 3.0000e+00       3.1500e+00       9.5569e-01       2.7903e-03       1.0760e-02      -6.1785e-03      -1.6695e-04
 3.0000e+00       3.1500e+00       9.6865e-01       2.7780e-03       1.0535e-02      -6.1876e-03      -1.2459e-04
 3.0000e+00       3.1500e+00       9.8161e-01       2.7666e-03       1.0316e-02      -6.1931e-03      -8.4550e-05
 3.0000e+00       3.1500e+00       9.9457e-01       2.7560e-03       1.0103e-02      -6.1951e-03      -4.6761e-05
 3.0000e+00       3.1500e+00       1.0075e+00       2.7461e-03       9.8963e-03      -6.1938e-03      -1.1159e-05
 3.0000e+00       3.1500e+00       1.0205e+00       2.7368e-03       9.6948e-03      -6.1893e-03       2.2327e-05
 3.0000e+00       3.1500e+00       1.0334e+00       2.7279e-03       9.4986e-03      -6.1818e-03       5.3765e-05
 3.0000e+00       3.1500e+00       1.0464e+00       2.7194e-03       9.3076e-03      -6.1714e-03       8.3224e-05
 3.0000e+00       3.1500e+00       1.0594e+00       2.7112e-03       9.1216e-03      -6.1582e-03       1.1077e-04
 3.0000e+00       3.1500e+00       1.0723e+00       2.7032e-03       8.9405e-03      -6.1425e-03       1.3648e-04
 3.0000e+00       3.1500e+00       1.0853e+00       2.6953e-03       8.7641e-03      -6.1243e-03       1.6041e-04
 3.0000e+00       3.1500e+00       1.0982e+00       2.6875e-03       8.5921e-03      -6.1038e-03       1.8263e-04
 3.0000e+00       3.1500e+00       1.1112e+00       2.6798e-03       8.4246e-03      -6.0810e-03       2.0321e-04
 3.0000e+00       3.1500e+00       1.1242e+00       2.6721e-03       8.2613e-03      -6.0561e-03       2.2221e-04
 3.0000e+00       3.1500e+00       1.1371e+00       2.6643e-03       8.1021e-03      -6.0293e-03       2.3970e-04
 3.0000e+00       3.1500e+00       1.1501e+00       2.6564e-03       7.9468e-03      -6.0005e-03       2.5574e-04
 3.0000e+00       3.1500e+00       1.1630e+00       2.6484e-03       7.7954e-03      -5.9700e-03       2.7040e-04
 3.0000e+00       3.1500e+00       1.1760e+00       2.6402e-03       7.6476e-03      -5.9378e-03       2.8372e-04
 3.0000e+00       3.1500e+00       1.1890e+00       2.6319e-03       7.5035e-03      -5.9040e-03       2.9577e-04
 3.0000e+00       3.1500e+00       1.2019e+00       2.6233e-03       7.3628e-03      -5.8687e-03       3.0662e-04
 3.0000e+00       3.1500e+00       1.2149e+00       2.6145e-03       7.2255e-03      -5.8320e-03       3.1631e-04
 3.0000e+00       3.1500e+00       1.2278e+00       2.6054e-03       7.0914e-03      -5.7940e-03       3.2490e-04
 3.0000e+00       3.1500e+00       1.2408e+00       2.5961e-03       6.9605e-03      -5.7548e-03       3.3244e-04
 3.0000e+00       3.1500e+00       1.2538e+00       2.5866e-03       6.8326e-03      -5.7144e-03       3.3899e-04
 3.0000e+00       3.1500e+00       1.2667e+00       2.5767e-03       6.7077e-03      -5.6729e-03       3.4459e-04
 3.0000e+00       3.1500e+00       1.2797e+00       2.5665e-03       6.5856e-03      -5.6304e-03       3.4930e-04
 3.0000e+00       3.1500e+00       1.2926e+00       2.5561e-03       6.4663e-03      -5.5870e-03       3.5316e-04
 3.0000e+00       3.1500e+00       1.3056e+00       2.5453e-03       6.3497e-03      -5.5426e-03       3.5622e-04
 3.0000e+00       3.1500e+00       1.3186e+00       2.5343e-03       6.2357e-03      -5.4975e-03       3.5852e-04
 3.0000e+00       3.1500e+00       1.3315e+00       2.5229e-03       6.1242e-03      -5.4517e-03       3.6011e-04
 3.0000e+00       3.1500e+00       1.3445e+00       2.5113e-03       6.0152e-03      -5.4051e-03       3.6102e-04
 3.0000e+00       3.1500e+00       1.3574e+00       2.4993e-03       5.9085e-03      -5.3579e-03       3.6130e-04
 3.0000e+00       3.1500e+00       1.3704e+00       2.4871e-03       5.8041e-03      -5.3101e-03       3.6099e-04
 3.0000e+00       3.1500e+00       1.3834e+00       2.4745e-03       5.7020e-03      -5.2618e-03       3.6012e-04
 3.0000e+00       3.1500e+00       1.3963e+00       2.4616e-03       5.6020e-03      -5.2131e-03       3.5873e-04
 3.0000e+00       3.1500e+00       1.4093e+00       2.4485e-03       5.5041e-03      -5.1638e-03       3.5686e-04
 3.0000e+00       3.1500e+00       1.4222e+00       2.4351e-03       5.4083e-03      -5.1143e-03       3.5453e-04
 3.0000e+00       3.1500e+00       1.4352e+00       2.4214e-03       5.3144e-03      -5.0643e-03       3.5178e-04
 3.0000e+00       3.1500e+00       1.4482e+00       2.4074e-03       5.2225e-03      -5.0141e-03       3.4865e-04
 3.0000e+00       3.1500e+00       1.4611e+00       2.3932e-03       5.1324e-03      -4.9636e-03       3.4515e-04
 3.0000e+00       3.1500e+00       1.4741e+00       2.3787e-03       5.0441e-03      -4.9129e-03       3.4132e-04
 3.0000e+00       3.1500e+00       1.4870e+00       2.3639e-03       4.9576e-03      -4.8620e-03       3.3718e-04
 3.0000e+00       3.1500e+00       1.5000e+00       2.3490e-03       4.8728e-03      -4.8109e-03       3.3276e-04
