7.0000e+00       3.1500e+00       7.4092e-01       6.9133e-04       9.7857e-04       0.0000e+00       0.0000e+00
 7.0000e+00       3.1500e+00       7.4859e-01       6.7174e-04       1.0119e-03      -3.6576e-05      -5.0150e-05
 7.0000e+00       3.1500e+00       7.5626e-01       6.5281e-04       1.0427e-03      -5.0940e-05      -9.7699e-05
 7.0000e+00       3.1500e+00       7.6392e-01       6.3449e-04       1.0713e-03      -6.1426e-05      -1.4276e-04
 7.0000e+00       3.1500e+00       7.7159e-01       6.1677e-04       1.0976e-03      -6.9820e-05      -1.8542e-04
 7.0000e+00       3.1500e+00       7.7926e-01       5.9963e-04       1.1219e-03      -7.6824e-05      -2.2580e-04
 7.0000e+00       3.1500e+00       7.8693e-01       5.8305e-04       1.1441e-03      -8.2807e-05      -2.6399e-04
 7.0000e+00       3.1500e+00       7.9459e-01       5.6700e-04       1.1644e-03      -8.7989e-05      -3.0007e-04
 7.0000e+00       3.1500e+00       8.0226e-01       5.5146e-04       1.1829e-03      -9.2520e-05      -3.3414e-04
 7.0000e+00       3.1500e+00       8.0993e-01       5.3642e-04       1.1997e-03      -9.6502e-05      -3.6629e-04
 7.0000e+00       3.1500e+00       8.1760e-01       5.2186e-04       1.2148e-03      -1.0001e-04      -3.9658e-04
 7.0000e+00       3.1500e+00       8.2526e-01       5.0775e-04       1.2283e-03      -1.0312e-04      -4.2510e-04
 7.0000e+00       3.1500e+00       8.3293e-01       4.9409e-04       1.2403e-03      -1.0586e-04      -4.5193e-04
 7.0000e+00       3.1500e+00       8.4060e-01       4.8086e-04       1.2509e-03      -1.0827e-04      -4.7713e-04
 7.0000e+00       3.1500e+00       8.4827e-01       4.6804e-04       1.2601e-03      -1.1040e-04      -5.0078e-04
 7.0000e+00       3.1500e+00       8.5593e-01       4.5562e-04       1.2681e-03      -1.1226e-04      -5.2294e-04
 7.0000e+00       3.1500e+00       8.6360e-01       4.4358e-04       1.2747e-03      -1.1389e-04      -5.4367e-04
 7.0000e+00       3.1500e+00       8.7127e-01       4.3191e-04       1.2803e-03      -1.1529e-04      -5.6304e-04
 7.0000e+00       3.1500e+00       8.7894e-01       4.2059e-04       1.2847e-03      -1.1649e-04      -5.8110e-04
 7.0000e+00       3.1500e+00       8.8660e-01       4.0962e-04       1.2880e-03      -1.1750e-04      -5.9791e-04
 7.0000e+00       3.1500e+00       8.9427e-01       3.9898e-04       1.2904e-03      -1.1834e-04      -6.1353e-04
 7.0000e+00       3.1500e+00       9.0194e-01       3.8866e-04       1.2917e-03      -1.1902e-04      -6.2799e-04
 7.0000e+00       3.1500e+00       9.0961e-01       3.7864e-04       1.2922e-03      -1.1956e-04      -6.4137e-04
 7.0000e+00       3.1500e+00       9.1727e-01       3.6893e-04       1.2919e-03      -1.1995e-04      -6.5369e-04
 7.0000e+00       3.1500e+00       9.2494e-01       3.5950e-04       1.2907e-03      -1.2022e-04      -6.6501e-04
 7.0000e+00       3.1500e+00       9.3261e-01       3.5035e-04       1.2887e-03      -1.2037e-04      -6.7538e-04
 7.0000e+00       3.1500e+00       9.4028e-01       3.4147e-04       1.2860e-03      -1.2041e-04      -6.8483e-04
 7.0000e+00       3.1500e+00       9.4794e-01       3.3285e-04       1.2826e-03      -1.2034e-04      -6.9340e-04
 7.0000e+00       3.1500e+00       9.5561e-01       3.2447e-04       1.2786e-03      -1.2017e-04      -7.0114e-04
 7.0000e+00       3.1500e+00       9.6328e-01       3.1634e-04       1.2740e-03      -1.1992e-04      -7.0808e-04
 7.0000e+00       3.1500e+00       9.7095e-01       3.0844e-04       1.2687e-03      -1.1958e-04      -7.1426e-04
 7.0000e+00       3.1500e+00       9.7861e-01       3.0077e-04       1.2630e-03      -1.1916e-04      -7.1971e-04
 7.0000e+00       3.1500e+00       9.8628e-01       2.9332e-04       1.2567e-03      -1.1867e-04      -7.2446e-04
 7.0000e+00       3.1500e+00       9.9395e-01       2.8607e-04       1.2499e-03      -1.1811e-04      -7.2855e-04
 7.0000e+00       3.1500e+00       1.0016e+00       2.7903e-04       1.2427e-03      -1.1748e-04      -7.3201e-04
 7.0000e+00       3.1500e+00       1.0093e+00       2.7219e-04       1.2350e-03      -1.1679e-04      -7.3487e-04
 7.0000e+00       3.1500e+00       1.0170e+00       2.6553e-04       1.2270e-03      -1.1605e-04      -7.3715e-04
 7.0000e+00       3.1500e+00       1.0246e+00       2.5907e-04       1.2186e-03      -1.1526e-04      -7.3889e-04
 7.0000e+00       3.1500e+00       1.0323e+00       2.5278e-04       1.2098e-03      -1.1441e-04      -7.4011e-04
 7.0000e+00       3.1500e+00       1.0400e+00       2.4666e-04       1.2007e-03      -1.1353e-04      -7.4082e-04
 7.0000e+00       3.1500e+00       1.0476e+00       2.4071e-04       1.1913e-03      -1.1260e-04      -7.4107e-04
 7.0000e+00       3.1500e+00       1.0553e+00       2.3492e-04       1.1816e-03      -1.1163e-04      -7.4087e-04
 7.0000e+00       3.1500e+00       1.0630e+00       2.2928e-04       1.1716e-03      -1.1063e-04      -7.4025e-04
 7.0000e+00       3.1500e+00       1.0706e+00       2.2380e-04       1.1614e-03      -1.0959e-04      -7.3921e-04
 7.0000e+00       3.1500e+00       1.0783e+00       2.1847e-04       1.1510e-03      -1.0853e-04      -7.3780e-04
 7.0000e+00       3.1500e+00       1.0860e+00       2.1328e-04       1.1404e-03      -1.0743e-04      -7.3602e-04
 7.0000e+00       3.1500e+00       1.0936e+00       2.0822e-04       1.1295e-03      -1.0632e-04      -7.3389e-04
 7.0000e+00       3.1500e+00       1.1013e+00       2.0330e-04       1.1185e-03      -1.0517e-04      -7.3144e-04
 7.0000e+00       3.1500e+00       1.1090e+00       1.9851e-04       1.1074e-03      -1.0401e-04      -7.2868e-04
 7.0000e+00       3.1500e+00       1.1166e+00       1.9384e-04       1.0961e-03      -1.0283e-04      -7.2562e-04
 7.0000e+00       3.1500e+00       1.1243e+00       1.8929e-04       1.0847e-03      -1.0163e-04      -7.2229e-04
 7.0000e+00       3.1500e+00       1.1320e+00       1.8487e-04       1.0732e-03      -1.0042e-04      -7.1869e-04
 7.0000e+00       3.1500e+00       1.1396e+00       1.8055e-04       1.0615e-03      -9.9188e-05      -7.1485e-04
 7.0000e+00       3.1500e+00       1.1473e+00       1.7635e-04       1.0498e-03      -9.7948e-05      -7.1078e-04
 7.0000e+00       3.1500e+00       1.1550e+00       1.7225e-04       1.0380e-03      -9.6699e-05      -7.0649e-04
 7.0000e+00       3.1500e+00       1.1626e+00       1.6826e-04       1.0261e-03      -9.5440e-05      -7.0199e-04
 7.0000e+00       3.1500e+00       1.1703e+00       1.6437e-04       1.0142e-03      -9.4175e-05      -6.9730e-04
 7.0000e+00       3.1500e+00       1.1780e+00       1.6058e-04       1.0023e-03      -9.2903e-05      -6.9243e-04
 7.0000e+00       3.1500e+00       1.1856e+00       1.5688e-04       9.9026e-04      -9.1626e-05      -6.8740e-04
 7.0000e+00       3.1500e+00       1.1933e+00       1.5328e-04       9.7823e-04      -9.0346e-05      -6.8220e-04
 7.0000e+00       3.1500e+00       1.2010e+00       1.4976e-04       9.6619e-04      -8.9063e-05      -6.7686e-04
 7.0000e+00       3.1500e+00       1.2086e+00       1.4634e-04       9.5414e-04      -8.7779e-05      -6.7138e-04
 7.0000e+00       3.1500e+00       1.2163e+00       1.4299e-04       9.4209e-04      -8.6495e-05      -6.6577e-04
 7.0000e+00       3.1500e+00       1.2240e+00       1.3973e-04       9.3005e-04      -8.5211e-05      -6.6004e-04
 7.0000e+00       3.1500e+00       1.2316e+00       1.3655e-04       9.1802e-04      -8.3929e-05      -6.5421e-04
 7.0000e+00       3.1500e+00       1.2393e+00       1.3345e-04       9.0601e-04      -8.2649e-05      -6.4827e-04
 7.0000e+00       3.1500e+00       1.2470e+00       1.3042e-04       8.9403e-04      -8.1373e-05      -6.4225e-04
 7.0000e+00       3.1500e+00       1.2546e+00       1.2747e-04       8.8209e-04      -8.0100e-05      -6.3614e-04
 7.0000e+00       3.1500e+00       1.2623e+00       1.2458e-04       8.7018e-04      -7.8833e-05      -6.2995e-04
 7.0000e+00       3.1500e+00       1.2700e+00       1.2177e-04       8.5832e-04      -7.7570e-05      -6.2370e-04
 7.0000e+00       3.1500e+00       1.2776e+00       1.1902e-04       8.4651e-04      -7.6314e-05      -6.1738e-04
 7.0000e+00       3.1500e+00       1.2853e+00       1.1634e-04       8.3475e-04      -7.5064e-05      -6.1101e-04
 7.0000e+00       3.1500e+00       1.2930e+00       1.1373e-04       8.2305e-04      -7.3822e-05      -6.0459e-04
 7.0000e+00       3.1500e+00       1.3006e+00       1.1117e-04       8.1142e-04      -7.2588e-05      -5.9813e-04
 7.0000e+00       3.1500e+00       1.3083e+00       1.0868e-04       7.9986e-04      -7.1361e-05      -5.9162e-04
 7.0000e+00       3.1500e+00       1.3160e+00       1.0624e-04       7.8836e-04      -7.0144e-05      -5.8509e-04
 7.0000e+00       3.1500e+00       1.3236e+00       1.0386e-04       7.7695e-04      -6.8936e-05      -5.7854e-04
 7.0000e+00       3.1500e+00       1.3313e+00       1.0154e-04       7.6561e-04      -6.7737e-05      -5.7196e-04
 7.0000e+00       3.1500e+00       1.3390e+00       9.9269e-05       7.5435e-04      -6.6549e-05      -5.6536e-04
 7.0000e+00       3.1500e+00       1.3467e+00       9.7053e-05       7.4318e-04      -6.5371e-05      -5.5875e-04
 7.0000e+00       3.1500e+00       1.3543e+00       9.4888e-05       7.3210e-04      -6.4203e-05      -5.5214e-04
 7.0000e+00       3.1500e+00       1.3620e+00       9.2773e-05       7.2111e-04      -6.3047e-05      -5.4552e-04
 7.0000e+00       3.1500e+00       1.3697e+00       9.0707e-05       7.1021e-04      -6.1902e-05      -5.3891e-04
 7.0000e+00       3.1500e+00       1.3773e+00       8.8689e-05       6.9941e-04      -6.0768e-05      -5.3230e-04
 7.0000e+00       3.1500e+00       1.3850e+00       8.6717e-05       6.8871e-04      -5.9647e-05      -5.2570e-04
 7.0000e+00       3.1500e+00       1.3927e+00       8.4790e-05       6.7810e-04      -5.8537e-05      -5.1911e-04
 7.0000e+00       3.1500e+00       1.4003e+00       8.2907e-05       6.6759e-04      -5.7440e-05      -5.1253e-04
 7.0000e+00       3.1500e+00       1.4080e+00       8.1067e-05       6.5719e-04      -5.6355e-05      -5.0598e-04
 7.0000e+00       3.1500e+00       1.4157e+00       7.9268e-05       6.4689e-04      -5.5282e-05      -4.9944e-04
 7.0000e+00       3.1500e+00       1.4233e+00       7.7510e-05       6.3670e-04      -5.4223e-05      -4.9293e-04
 7.0000e+00       3.1500e+00       1.4310e+00       7.5793e-05       6.2662e-04      -5.3176e-05      -4.8645e-04
 7.0000e+00       3.1500e+00       1.4387e+00       7.4113e-05       6.1664e-04      -5.2143e-05      -4.7999e-04
 7.0000e+00       3.1500e+00       1.4463e+00       7.2472e-05       6.0677e-04      -5.1122e-05      -4.7357e-04
 7.0000e+00       3.1500e+00       1.4540e+00       7.0867e-05       5.9701e-04      -5.0115e-05      -4.6718e-04
 7.0000e+00       3.1500e+00       1.4617e+00       6.9299e-05       5.8736e-04      -4.9121e-05      -4.6083e-04
 7.0000e+00       3.1500e+00       1.4693e+00       6.7765e-05       5.7782e-04      -4.8140e-05      -4.5451e-04
 7.0000e+00       3.1500e+00       1.4770e+00       6.6266e-05       5.6840e-04      -4.7173e-05      -4.4824e-04
 7.0000e+00       3.1500e+00       1.4847e+00       6.4800e-05       5.5908e-04      -4.6219e-05      -4.4201e-04
 7.0000e+00       3.1500e+00       1.4923e+00       6.3366e-05       5.4988e-04      -4.5278e-05      -4.3582e-04
 7.0000e+00       3.1500e+00       1.5000e+00       6.1965e-05       5.4079e-04      -4.4351e-05      -4.2967e-04
