 2.0000e+00       3.1500e+00       1.3698e-01       5.1041e-02       1.0655e-01       0.0000e+00       0.0000e+00
 2.0000e+00       3.1500e+00       1.5075e-01       4.7044e-02       1.0091e-01       7.7413e-03      -2.3857e-03
 2.0000e+00       3.1500e+00       1.6452e-01       4.3322e-02       9.5740e-02       9.4853e-03      -4.3707e-03
 2.0000e+00       3.1500e+00       1.7829e-01       3.9868e-02       9.0975e-02       1.0054e-02      -6.0144e-03
 2.0000e+00       3.1500e+00       1.9206e-01       3.6673e-02       8.6571e-02       1.0028e-02      -7.3666e-03
 2.0000e+00       3.1500e+00       2.0582e-01       3.3724e-02       8.2487e-02       9.6592e-03      -8.4694e-03
 2.0000e+00       3.1500e+00       2.1959e-01       3.1010e-02       7.8689e-02       9.0826e-03      -9.3584e-03
 2.0000e+00       3.1500e+00       2.3336e-01       2.8515e-02       7.5147e-02       8.3804e-03      -1.0064e-02
 2.0000e+00       3.1500e+00       2.4713e-01       2.6226e-02       7.1837e-02       7.6054e-03      -1.0612e-02
 2.0000e+00       3.1500e+00       2.6089e-01       2.4129e-02       6.8736e-02       6.7924e-03      -1.1025e-02
 2.0000e+00       3.1500e+00       2.7466e-01       2.2209e-02       6.5825e-02       5.9653e-03      -1.1321e-02
 2.0000e+00       3.1500e+00       2.8843e-01       2.0455e-02       6.3086e-02       5.1403e-03      -1.1518e-02
 2.0000e+00       3.1500e+00       3.0220e-01       1.8853e-02       6.0506e-02       4.3285e-03      -1.1630e-02
 2.0000e+00       3.1500e+00       3.1597e-01       1.7391e-02       5.8071e-02       3.5377e-03      -1.1668e-02
 2.0000e+00       3.1500e+00       3.2973e-01       1.6060e-02       5.5769e-02       2.7728e-03      -1.1644e-02
 2.0000e+00       3.1500e+00       3.4350e-01       1.4847e-02       5.3591e-02       2.0371e-03      -1.1567e-02
 2.0000e+00       3.1500e+00       3.5727e-01       1.3745e-02       5.1526e-02       1.3328e-03      -1.1445e-02
 2.0000e+00       3.1500e+00       3.7104e-01       1.2742e-02       4.9566e-02       6.6081e-04      -1.1284e-02
 2.0000e+00       3.1500e+00       3.8481e-01       1.1832e-02       4.7705e-02       2.1561e-05      -1.1092e-02
 2.0000e+00       3.1500e+00       3.9857e-01       1.1007e-02       4.5935e-02      -5.8505e-04      -1.0874e-02
 2.0000e+00       3.1500e+00       4.1234e-01       1.0259e-02       4.4250e-02      -1.1595e-03      -1.0633e-02
 2.0000e+00       3.1500e+00       4.2611e-01       9.5821e-03       4.2645e-02      -1.7024e-03      -1.0375e-02
 2.0000e+00       3.1500e+00       4.3988e-01       8.9698e-03       4.1114e-02      -2.2147e-03      -1.0103e-02
 2.0000e+00       3.1500e+00       4.5364e-01       8.4167e-03       3.9653e-02      -2.6974e-03      -9.8197e-03
 2.0000e+00       3.1500e+00       4.6741e-01       7.9176e-03       3.8258e-02      -3.1515e-03      -9.5283e-03
 2.0000e+00       3.1500e+00       4.8118e-01       7.4678e-03       3.6925e-02      -3.5781e-03      -9.2311e-03
 2.0000e+00       3.1500e+00       4.9495e-01       7.0629e-03       3.5650e-02      -3.9784e-03      -8.9300e-03
 2.0000e+00       3.1500e+00       5.0872e-01       6.6990e-03       3.4430e-02      -4.3534e-03      -8.6269e-03
 2.0000e+00       3.1500e+00       5.2248e-01       6.3723e-03       3.3262e-02      -4.7043e-03      -8.3234e-03
 2.0000e+00       3.1500e+00       5.3625e-01       6.0796e-03       3.2143e-02      -5.0321e-03      -8.0208e-03
 2.0000e+00       3.1500e+00       5.5002e-01       5.8176e-03       3.1071e-02      -5.3379e-03      -7.7202e-03
 2.0000e+00       3.1500e+00       5.6379e-01       5.5837e-03       3.0043e-02      -5.6228e-03      -7.4228e-03
 2.0000e+00       3.1500e+00       5.7756e-01       5.3751e-03       2.9057e-02      -5.8876e-03      -7.1293e-03
 2.0000e+00       3.1500e+00       5.9132e-01       5.1895e-03       2.8110e-02      -6.1334e-03      -6.8405e-03
 2.0000e+00       3.1500e+00       6.0509e-01       5.0247e-03       2.7201e-02      -6.3611e-03      -6.5569e-03
 2.0000e+00       3.1500e+00       6.1886e-01       4.8787e-03       2.6329e-02      -6.5716e-03      -6.2792e-03
 2.0000e+00       3.1500e+00       6.3263e-01       4.7497e-03       2.5490e-02      -6.7657e-03      -6.0077e-03
 2.0000e+00       3.1500e+00       6.4639e-01       4.6360e-03       2.4684e-02      -6.9443e-03      -5.7427e-03
 2.0000e+00       3.1500e+00       6.6016e-01       4.5361e-03       2.3909e-02      -7.1080e-03      -5.4847e-03
 2.0000e+00       3.1500e+00       6.7393e-01       4.4486e-03       2.3164e-02      -7.2577e-03      -5.2336e-03
 2.0000e+00       3.1500e+00       6.8770e-01       4.3722e-03       2.2447e-02      -7.3940e-03      -4.9899e-03
 2.0000e+00       3.1500e+00       7.0147e-01       4.3058e-03       2.1757e-02      -7.5176e-03      -4.7534e-03
 2.0000e+00       3.1500e+00       7.1523e-01       4.2482e-03       2.1094e-02      -7.6292e-03      -4.5244e-03
 2.0000e+00       3.1500e+00       7.2900e-01       4.1986e-03       2.0454e-02      -7.7293e-03      -4.3029e-03
 2.0000e+00       3.1500e+00       7.4277e-01       4.1560e-03       1.9839e-02      -7.8187e-03      -4.0888e-03
 2.0000e+00       3.1500e+00       7.5654e-01       4.1196e-03       1.9246e-02      -7.8977e-03      -3.8821e-03
 2.0000e+00       3.1500e+00       7.7030e-01       4.0887e-03       1.8675e-02      -7.9670e-03      -3.6828e-03
 2.0000e+00       3.1500e+00       7.8407e-01       4.0626e-03       1.8124e-02      -8.0271e-03      -3.4908e-03
 2.0000e+00       3.1500e+00       7.9784e-01       4.0408e-03       1.7594e-02      -8.0784e-03      -3.3061e-03
 2.0000e+00       3.1500e+00       8.1161e-01       4.0226e-03       1.7082e-02      -8.1215e-03      -3.1284e-03
 2.0000e+00       3.1500e+00       8.2538e-01       4.0076e-03       1.6589e-02      -8.1567e-03      -2.9578e-03
 2.0000e+00       3.1500e+00       8.3914e-01       3.9953e-03       1.6113e-02      -8.1845e-03      -2.7940e-03
 2.0000e+00       3.1500e+00       8.5291e-01       3.9854e-03       1.5654e-02      -8.2052e-03      -2.6369e-03
 2.0000e+00       3.1500e+00       8.6668e-01       3.9774e-03       1.5212e-02      -8.2193e-03      -2.4865e-03
 2.0000e+00       3.1500e+00       8.8045e-01       3.9709e-03       1.4784e-02      -8.2272e-03      -2.3424e-03
 2.0000e+00       3.1500e+00       8.9422e-01       3.9658e-03       1.4372e-02      -8.2291e-03      -2.2046e-03
 2.0000e+00       3.1500e+00       9.0798e-01       3.9618e-03       1.3974e-02      -8.2254e-03      -2.0728e-03
 2.0000e+00       3.1500e+00       9.2175e-01       3.9585e-03       1.3590e-02      -8.2165e-03      -1.9470e-03
 2.0000e+00       3.1500e+00       9.3552e-01       3.9559e-03       1.3218e-02      -8.2026e-03      -1.8270e-03
 2.0000e+00       3.1500e+00       9.4929e-01       3.9536e-03       1.2860e-02      -8.1840e-03      -1.7125e-03
 2.0000e+00       3.1500e+00       9.6305e-01       3.9515e-03       1.2514e-02      -8.1610e-03      -1.6034e-03
 2.0000e+00       3.1500e+00       9.7682e-01       3.9495e-03       1.2179e-02      -8.1338e-03      -1.4995e-03
 2.0000e+00       3.1500e+00       9.9059e-01       3.9474e-03       1.1856e-02      -8.1028e-03      -1.4007e-03
 2.0000e+00       3.1500e+00       1.0044e+00       3.9451e-03       1.1543e-02      -8.0681e-03      -1.3068e-03
 2.0000e+00       3.1500e+00       1.0181e+00       3.9425e-03       1.1241e-02      -8.0300e-03      -1.2176e-03
 2.0000e+00       3.1500e+00       1.0319e+00       3.9396e-03       1.0949e-02      -7.9886e-03      -1.1329e-03
 2.0000e+00       3.1500e+00       1.0457e+00       3.9361e-03       1.0666e-02      -7.9443e-03      -1.0526e-03
 2.0000e+00       3.1500e+00       1.0594e+00       3.9322e-03       1.0393e-02      -7.8972e-03      -9.7658e-04
 2.0000e+00       3.1500e+00       1.0732e+00       3.9276e-03       1.0129e-02      -7.8474e-03      -9.0457e-04
 2.0000e+00       3.1500e+00       1.0870e+00       3.9224e-03       9.8728e-03      -7.7952e-03      -8.3646e-04
 2.0000e+00       3.1500e+00       1.1007e+00       3.9165e-03       9.6252e-03      -7.7407e-03      -7.7210e-04
 2.0000e+00       3.1500e+00       1.1145e+00       3.9099e-03       9.3856e-03      -7.6841e-03      -7.1132e-04
 2.0000e+00       3.1500e+00       1.1283e+00       3.9025e-03       9.1536e-03      -7.6256e-03      -6.5400e-04
 2.0000e+00       3.1500e+00       1.1420e+00       3.8944e-03       8.9289e-03      -7.5652e-03      -5.9998e-04
 2.0000e+00       3.1500e+00       1.1558e+00       3.8855e-03       8.7113e-03      -7.5032e-03      -5.4911e-04
 2.0000e+00       3.1500e+00       1.1696e+00       3.8758e-03       8.5006e-03      -7.4397e-03      -5.0127e-04
 2.0000e+00       3.1500e+00       1.1833e+00       3.8654e-03       8.2963e-03      -7.3747e-03      -4.5633e-04
 2.0000e+00       3.1500e+00       1.1971e+00       3.8541e-03       8.0984e-03      -7.3085e-03      -4.1414e-04
 2.0000e+00       3.1500e+00       1.2109e+00       3.8420e-03       7.9066e-03      -7.2411e-03      -3.7460e-04
 2.0000e+00       3.1500e+00       1.2246e+00       3.8292e-03       7.7206e-03      -7.1726e-03      -3.3757e-04
 2.0000e+00       3.1500e+00       1.2384e+00       3.8155e-03       7.5402e-03      -7.1032e-03      -3.0293e-04
 2.0000e+00       3.1500e+00       1.2522e+00       3.8011e-03       7.3652e-03      -7.0329e-03      -2.7058e-04
 2.0000e+00       3.1500e+00       1.2659e+00       3.7859e-03       7.1955e-03      -6.9618e-03      -2.4041e-04
 2.0000e+00       3.1500e+00       1.2797e+00       3.7700e-03       7.0308e-03      -6.8901e-03      -2.1230e-04
 2.0000e+00       3.1500e+00       1.2935e+00       3.7533e-03       6.8710e-03      -6.8177e-03      -1.8616e-04
 2.0000e+00       3.1500e+00       1.3073e+00       3.7360e-03       6.7158e-03      -6.7449e-03      -1.6188e-04
 2.0000e+00       3.1500e+00       1.3210e+00       3.7179e-03       6.5651e-03      -6.6716e-03      -1.3937e-04
 2.0000e+00       3.1500e+00       1.3348e+00       3.6992e-03       6.4188e-03      -6.5979e-03      -1.1854e-04
 2.0000e+00       3.1500e+00       1.3486e+00       3.6798e-03       6.2766e-03      -6.5240e-03      -9.9294e-05
 2.0000e+00       3.1500e+00       1.3623e+00       3.6598e-03       6.1385e-03      -6.4498e-03      -8.1554e-05
 2.0000e+00       3.1500e+00       1.3761e+00       3.6391e-03       6.0042e-03      -6.3754e-03      -6.5233e-05
 2.0000e+00       3.1500e+00       1.3899e+00       3.6179e-03       5.8737e-03      -6.3009e-03      -5.0255e-05
 2.0000e+00       3.1500e+00       1.4036e+00       3.5961e-03       5.7468e-03      -6.2264e-03      -3.6542e-05
 2.0000e+00       3.1500e+00       1.4174e+00       3.5738e-03       5.6234e-03      -6.1518e-03      -2.4023e-05
 2.0000e+00       3.1500e+00       1.4312e+00       3.5509e-03       5.5033e-03      -6.0773e-03      -1.2627e-05
 2.0000e+00       3.1500e+00       1.4449e+00       3.5276e-03       5.3864e-03      -6.0029e-03      -2.2872e-06
 2.0000e+00       3.1500e+00       1.4587e+00       3.5037e-03       5.2727e-03      -5.9286e-03       7.0596e-06
 2.0000e+00       3.1500e+00       1.4725e+00       3.4795e-03       5.1619e-03      -5.8544e-03       1.5475e-05
 2.0000e+00       3.1500e+00       1.4862e+00       3.4548e-03       5.0541e-03      -5.7805e-03       2.3018e-05
 2.0000e+00       3.1500e+00       1.5000e+00       3.4296e-03       4.9490e-03      -5.7068e-03       2.9744e-05
