8.5000e+00       3.1500e+00       7.5740e-01       1.0073e-03       3.3823e-03       0.0000e+00       0.0000e+00
 8.5000e+00       3.1500e+00       7.6491e-01       9.7707e-04       3.3695e-03      -8.0803e-05       3.2324e-06
 8.5000e+00       3.1500e+00       7.7241e-01       9.4809e-04       3.3569e-03      -1.1657e-04       6.5376e-06
 8.5000e+00       3.1500e+00       7.7991e-01       9.2026e-04       3.3443e-03      -1.4545e-04       9.9038e-06
 8.5000e+00       3.1500e+00       7.8741e-01       8.9355e-04       3.3319e-03      -1.7089e-04       1.3320e-05
 8.5000e+00       3.1500e+00       7.9491e-01       8.6791e-04       3.3195e-03      -1.9418e-04       1.6775e-05
 8.5000e+00       3.1500e+00       8.0241e-01       8.4331e-04       3.3073e-03      -2.1596e-04       2.0260e-05
 8.5000e+00       3.1500e+00       8.0991e-01       8.1969e-04       3.2951e-03      -2.3659e-04       2.3764e-05
 8.5000e+00       3.1500e+00       8.1741e-01       7.9703e-04       3.2830e-03      -2.5629e-04       2.7281e-05
 8.5000e+00       3.1500e+00       8.2491e-01       7.7529e-04       3.2709e-03      -2.7522e-04       3.0801e-05
 8.5000e+00       3.1500e+00       8.3241e-01       7.5442e-04       3.2589e-03      -2.9347e-04       3.4317e-05
 8.5000e+00       3.1500e+00       8.3991e-01       7.3441e-04       3.2470e-03      -3.1112e-04       3.7821e-05
 8.5000e+00       3.1500e+00       8.4742e-01       7.1521e-04       3.2351e-03      -3.2823e-04       4.1308e-05
 8.5000e+00       3.1500e+00       8.5492e-01       6.9679e-04       3.2233e-03      -3.4483e-04       4.4772e-05
 8.5000e+00       3.1500e+00       8.6242e-01       6.7912e-04       3.2115e-03      -3.6096e-04       4.8205e-05
 8.5000e+00       3.1500e+00       8.6992e-01       6.6218e-04       3.1997e-03      -3.7666e-04       5.1604e-05
 8.5000e+00       3.1500e+00       8.7742e-01       6.4594e-04       3.1879e-03      -3.9192e-04       5.4963e-05
 8.5000e+00       3.1500e+00       8.8492e-01       6.3036e-04       3.1762e-03      -4.0678e-04       5.8278e-05
 8.5000e+00       3.1500e+00       8.9242e-01       6.1542e-04       3.1645e-03      -4.2125e-04       6.1544e-05
 8.5000e+00       3.1500e+00       8.9992e-01       6.0111e-04       3.1528e-03      -4.3534e-04       6.4758e-05
 8.5000e+00       3.1500e+00       9.0742e-01       5.8738e-04       3.1411e-03      -4.4906e-04       6.7916e-05
 8.5000e+00       3.1500e+00       9.1492e-01       5.7422e-04       3.1295e-03      -4.6243e-04       7.1014e-05
 8.5000e+00       3.1500e+00       9.2243e-01       5.6162e-04       3.1178e-03      -4.7543e-04       7.4051e-05
 8.5000e+00       3.1500e+00       9.2993e-01       5.4953e-04       3.1061e-03      -4.8810e-04       7.7023e-05
 8.5000e+00       3.1500e+00       9.3743e-01       5.3795e-04       3.0945e-03      -5.0042e-04       7.9928e-05
 8.5000e+00       3.1500e+00       9.4493e-01       5.2686e-04       3.0828e-03      -5.1241e-04       8.2764e-05
 8.5000e+00       3.1500e+00       9.5243e-01       5.1623e-04       3.0711e-03      -5.2408e-04       8.5529e-05
 8.5000e+00       3.1500e+00       9.5993e-01       5.0604e-04       3.0594e-03      -5.3542e-04       8.8220e-05
 8.5000e+00       3.1500e+00       9.6743e-01       4.9629e-04       3.0477e-03      -5.4644e-04       9.0837e-05
 8.5000e+00       3.1500e+00       9.7493e-01       4.8694e-04       3.0360e-03      -5.5716e-04       9.3379e-05
 8.5000e+00       3.1500e+00       9.8243e-01       4.7800e-04       3.0243e-03      -5.6756e-04       9.5843e-05
 8.5000e+00       3.1500e+00       9.8993e-01       4.6942e-04       3.0126e-03      -5.7767e-04       9.8230e-05
 8.5000e+00       3.1500e+00       9.9744e-01       4.6122e-04       3.0008e-03      -5.8747e-04       1.0054e-04
 8.5000e+00       3.1500e+00       1.0049e+00       4.5336e-04       2.9890e-03      -5.9699e-04       1.0277e-04
 8.5000e+00       3.1500e+00       1.0124e+00       4.4583e-04       2.9772e-03      -6.0621e-04       1.0492e-04
 8.5000e+00       3.1500e+00       1.0199e+00       4.3863e-04       2.9654e-03      -6.1515e-04       1.0698e-04
 8.5000e+00       3.1500e+00       1.0274e+00       4.3173e-04       2.9536e-03      -6.2380e-04       1.0897e-04
 8.5000e+00       3.1500e+00       1.0349e+00       4.2512e-04       2.9417e-03      -6.3218e-04       1.1088e-04
 8.5000e+00       3.1500e+00       1.0424e+00       4.1880e-04       2.9299e-03      -6.4028e-04       1.1271e-04
 8.5000e+00       3.1500e+00       1.0499e+00       4.1275e-04       2.9180e-03      -6.4812e-04       1.1446e-04
 8.5000e+00       3.1500e+00       1.0574e+00       4.0696e-04       2.9060e-03      -6.5569e-04       1.1612e-04
 8.5000e+00       3.1500e+00       1.0649e+00       4.0141e-04       2.8941e-03      -6.6299e-04       1.1771e-04
 8.5000e+00       3.1500e+00       1.0724e+00       3.9610e-04       2.8821e-03      -6.7004e-04       1.1922e-04
 8.5000e+00       3.1500e+00       1.0799e+00       3.9102e-04       2.8701e-03      -6.7684e-04       1.2065e-04
 8.5000e+00       3.1500e+00       1.0874e+00       3.8616e-04       2.8580e-03      -6.8339e-04       1.2200e-04
 8.5000e+00       3.1500e+00       1.0949e+00       3.8150e-04       2.8460e-03      -6.8969e-04       1.2327e-04
 8.5000e+00       3.1500e+00       1.1024e+00       3.7704e-04       2.8339e-03      -6.9575e-04       1.2447e-04
 8.5000e+00       3.1500e+00       1.1099e+00       3.7277e-04       2.8218e-03      -7.0157e-04       1.2559e-04
 8.5000e+00       3.1500e+00       1.1175e+00       3.6869e-04       2.8096e-03      -7.0716e-04       1.2664e-04
 8.5000e+00       3.1500e+00       1.1250e+00       3.6478e-04       2.7975e-03      -7.1251e-04       1.2761e-04
 8.5000e+00       3.1500e+00       1.1325e+00       3.6103e-04       2.7853e-03      -7.1764e-04       1.2851e-04
 8.5000e+00       3.1500e+00       1.1400e+00       3.5744e-04       2.7730e-03      -7.2255e-04       1.2933e-04
 8.5000e+00       3.1500e+00       1.1475e+00       3.5400e-04       2.7608e-03      -7.2724e-04       1.3009e-04
 8.5000e+00       3.1500e+00       1.1550e+00       3.5071e-04       2.7485e-03      -7.3171e-04       1.3077e-04
 8.5000e+00       3.1500e+00       1.1625e+00       3.4756e-04       2.7362e-03      -7.3597e-04       1.3139e-04
 8.5000e+00       3.1500e+00       1.1700e+00       3.4453e-04       2.7238e-03      -7.4002e-04       1.3194e-04
 8.5000e+00       3.1500e+00       1.1775e+00       3.4163e-04       2.7115e-03      -7.4387e-04       1.3242e-04
 8.5000e+00       3.1500e+00       1.1850e+00       3.3886e-04       2.6991e-03      -7.4753e-04       1.3284e-04
 8.5000e+00       3.1500e+00       1.1925e+00       3.3619e-04       2.6867e-03      -7.5097e-04       1.3318e-04
 8.5000e+00       3.1500e+00       1.2000e+00       3.3363e-04       2.6743e-03      -7.5423e-04       1.3347e-04
 8.5000e+00       3.1500e+00       1.2075e+00       3.3117e-04       2.6618e-03      -7.5729e-04       1.3370e-04
 8.5000e+00       3.1500e+00       1.2150e+00       3.2882e-04       2.6493e-03      -7.6017e-04       1.3386e-04
 8.5000e+00       3.1500e+00       1.2225e+00       3.2655e-04       2.6368e-03      -7.6287e-04       1.3397e-04
 8.5000e+00       3.1500e+00       1.2300e+00       3.2438e-04       2.6243e-03      -7.6538e-04       1.3402e-04
 8.5000e+00       3.1500e+00       1.2375e+00       3.2229e-04       2.6118e-03      -7.6773e-04       1.3401e-04
 8.5000e+00       3.1500e+00       1.2450e+00       3.2028e-04       2.5992e-03      -7.6989e-04       1.3395e-04
 8.5000e+00       3.1500e+00       1.2525e+00       3.1834e-04       2.5866e-03      -7.7189e-04       1.3383e-04
 8.5000e+00       3.1500e+00       1.2600e+00       3.1647e-04       2.5740e-03      -7.7372e-04       1.3366e-04
 8.5000e+00       3.1500e+00       1.2675e+00       3.1468e-04       2.5614e-03      -7.7539e-04       1.3344e-04
 8.5000e+00       3.1500e+00       1.2750e+00       3.1294e-04       2.5487e-03      -7.7690e-04       1.3317e-04
 8.5000e+00       3.1500e+00       1.2825e+00       3.1127e-04       2.5361e-03      -7.7825e-04       1.3285e-04
 8.5000e+00       3.1500e+00       1.2900e+00       3.0966e-04       2.5234e-03      -7.7945e-04       1.3248e-04
 8.5000e+00       3.1500e+00       1.2975e+00       3.0810e-04       2.5107e-03      -7.8050e-04       1.3207e-04
 8.5000e+00       3.1500e+00       1.3050e+00       3.0659e-04       2.4980e-03      -7.8140e-04       1.3161e-04
 8.5000e+00       3.1500e+00       1.3125e+00       3.0513e-04       2.4853e-03      -7.8216e-04       1.3111e-04
 8.5000e+00       3.1500e+00       1.3200e+00       3.0371e-04       2.4725e-03      -7.8278e-04       1.3056e-04
 8.5000e+00       3.1500e+00       1.3275e+00       3.0234e-04       2.4598e-03      -7.8326e-04       1.2998e-04
 8.5000e+00       3.1500e+00       1.3350e+00       3.0101e-04       2.4470e-03      -7.8360e-04       1.2936e-04
 8.5000e+00       3.1500e+00       1.3425e+00       2.9971e-04       2.4342e-03      -7.8382e-04       1.2869e-04
 8.5000e+00       3.1500e+00       1.3500e+00       2.9845e-04       2.4215e-03      -7.8390e-04       1.2799e-04
 8.5000e+00       3.1500e+00       1.3575e+00       2.9722e-04       2.4087e-03      -7.8386e-04       1.2726e-04
 8.5000e+00       3.1500e+00       1.3650e+00       2.9603e-04       2.3959e-03      -7.8369e-04       1.2649e-04
 8.5000e+00       3.1500e+00       1.3725e+00       2.9486e-04       2.3831e-03      -7.8340e-04       1.2569e-04
 8.5000e+00       3.1500e+00       1.3800e+00       2.9372e-04       2.3703e-03      -7.8300e-04       1.2485e-04
 8.5000e+00       3.1500e+00       1.3875e+00       2.9260e-04       2.3575e-03      -7.8248e-04       1.2399e-04
 8.5000e+00       3.1500e+00       1.3950e+00       2.9151e-04       2.3446e-03      -7.8185e-04       1.2309e-04
 8.5000e+00       3.1500e+00       1.4025e+00       2.9044e-04       2.3318e-03      -7.8110e-04       1.2217e-04
 8.5000e+00       3.1500e+00       1.4100e+00       2.8939e-04       2.3190e-03      -7.8025e-04       1.2122e-04
 8.5000e+00       3.1500e+00       1.4175e+00       2.8835e-04       2.3062e-03      -7.7930e-04       1.2024e-04
 8.5000e+00       3.1500e+00       1.4250e+00       2.8734e-04       2.2933e-03      -7.7824e-04       1.1924e-04
 8.5000e+00       3.1500e+00       1.4325e+00       2.8633e-04       2.2805e-03      -7.7709e-04       1.1821e-04
 8.5000e+00       3.1500e+00       1.4400e+00       2.8535e-04       2.2677e-03      -7.7583e-04       1.1717e-04
 8.5000e+00       3.1500e+00       1.4475e+00       2.8437e-04       2.2549e-03      -7.7449e-04       1.1610e-04
 8.5000e+00       3.1500e+00       1.4550e+00       2.8341e-04       2.2420e-03      -7.7305e-04       1.1500e-04
 8.5000e+00       3.1500e+00       1.4625e+00       2.8245e-04       2.2292e-03      -7.7152e-04       1.1389e-04
 8.5000e+00       3.1500e+00       1.4700e+00       2.8151e-04       2.2164e-03      -7.6990e-04       1.1276e-04
 8.5000e+00       3.1500e+00       1.4775e+00       2.8057e-04       2.2036e-03      -7.6820e-04       1.1162e-04
 8.5000e+00       3.1500e+00       1.4850e+00       2.7964e-04       2.1908e-03      -7.6641e-04       1.1045e-04
 8.5000e+00       3.1500e+00       1.4925e+00       2.7872e-04       2.1780e-03      -7.6454e-04       1.0927e-04
 8.5000e+00       3.1500e+00       1.5000e+00       2.7780e-04       2.1653e-03      -7.6260e-04       1.0808e-04
