8.0000e+00       3.1500e+00       8.6519e-01       3.7760e-04       6.9153e-04       0.0000e+00       0.0000e+00
 8.0000e+00       3.1500e+00       8.7160e-01       3.6914e-04       7.0294e-04      -2.1664e-05      -2.2444e-05
 8.0000e+00       3.1500e+00       8.7801e-01       3.6091e-04       7.1353e-04      -3.0182e-05      -4.3940e-05
 8.0000e+00       3.1500e+00       8.8442e-01       3.5289e-04       7.2333e-04      -3.6412e-05      -6.4518e-05
 8.0000e+00       3.1500e+00       8.9084e-01       3.4507e-04       7.3237e-04      -4.1412e-05      -8.4209e-05
 8.0000e+00       3.1500e+00       8.9725e-01       3.3746e-04       7.4069e-04      -4.5598e-05      -1.0304e-04
 8.0000e+00       3.1500e+00       9.0366e-01       3.3004e-04       7.4830e-04      -4.9187e-05      -1.2105e-04
 8.0000e+00       3.1500e+00       9.1007e-01       3.2281e-04       7.5524e-04      -5.2311e-05      -1.3826e-04
 8.0000e+00       3.1500e+00       9.1649e-01       3.1576e-04       7.6154e-04      -5.5058e-05      -1.5469e-04
 8.0000e+00       3.1500e+00       9.2290e-01       3.0889e-04       7.6722e-04      -5.7489e-05      -1.7037e-04
 8.0000e+00       3.1500e+00       9.2931e-01       3.0220e-04       7.7229e-04      -5.9649e-05      -1.8534e-04
 8.0000e+00       3.1500e+00       9.3572e-01       2.9567e-04       7.7680e-04      -6.1575e-05      -1.9960e-04
 8.0000e+00       3.1500e+00       9.4213e-01       2.8930e-04       7.8076e-04      -6.3293e-05      -2.1319e-04
 8.0000e+00       3.1500e+00       9.4855e-01       2.8309e-04       7.8419e-04      -6.4828e-05      -2.2613e-04
 8.0000e+00       3.1500e+00       9.5496e-01       2.7704e-04       7.8712e-04      -6.6197e-05      -2.3844e-04
 8.0000e+00       3.1500e+00       9.6137e-01       2.7113e-04       7.8956e-04      -6.7416e-05      -2.5014e-04
 8.0000e+00       3.1500e+00       9.6778e-01       2.6537e-04       7.9154e-04      -6.8499e-05      -2.6126e-04
 8.0000e+00       3.1500e+00       9.7420e-01       2.5975e-04       7.9307e-04      -6.9457e-05      -2.7181e-04
 8.0000e+00       3.1500e+00       9.8061e-01       2.5427e-04       7.9418e-04      -7.0300e-05      -2.8181e-04
 8.0000e+00       3.1500e+00       9.8702e-01       2.4892e-04       7.9487e-04      -7.1038e-05      -2.9128e-04
 8.0000e+00       3.1500e+00       9.9343e-01       2.4370e-04       7.9518e-04      -7.1678e-05      -3.0024e-04
 8.0000e+00       3.1500e+00       9.9984e-01       2.3860e-04       7.9511e-04      -7.2227e-05      -3.0871e-04
 8.0000e+00       3.1500e+00       1.0063e+00       2.3363e-04       7.9469e-04      -7.2693e-05      -3.1670e-04
 8.0000e+00       3.1500e+00       1.0127e+00       2.2877e-04       7.9392e-04      -7.3079e-05      -3.2424e-04
 8.0000e+00       3.1500e+00       1.0191e+00       2.2403e-04       7.9283e-04      -7.3393e-05      -3.3133e-04
 8.0000e+00       3.1500e+00       1.0255e+00       2.1940e-04       7.9142e-04      -7.3638e-05      -3.3799e-04
 8.0000e+00       3.1500e+00       1.0319e+00       2.1488e-04       7.8971e-04      -7.3819e-05      -3.4424e-04
 8.0000e+00       3.1500e+00       1.0383e+00       2.1047e-04       7.8773e-04      -7.3940e-05      -3.5010e-04
 8.0000e+00       3.1500e+00       1.0447e+00       2.0616e-04       7.8547e-04      -7.4005e-05      -3.5557e-04
 8.0000e+00       3.1500e+00       1.0511e+00       2.0195e-04       7.8295e-04      -7.4017e-05      -3.6067e-04
 8.0000e+00       3.1500e+00       1.0576e+00       1.9784e-04       7.8018e-04      -7.3980e-05      -3.6541e-04
 8.0000e+00       3.1500e+00       1.0640e+00       1.9382e-04       7.7718e-04      -7.3896e-05      -3.6981e-04
 8.0000e+00       3.1500e+00       1.0704e+00       1.8989e-04       7.7396e-04      -7.3769e-05      -3.7387e-04
 8.0000e+00       3.1500e+00       1.0768e+00       1.8606e-04       7.7052e-04      -7.3600e-05      -3.7762e-04
 8.0000e+00       3.1500e+00       1.0832e+00       1.8231e-04       7.6688e-04      -7.3393e-05      -3.8106e-04
 8.0000e+00       3.1500e+00       1.0896e+00       1.7864e-04       7.6306e-04      -7.3150e-05      -3.8420e-04
 8.0000e+00       3.1500e+00       1.0960e+00       1.7506e-04       7.5905e-04      -7.2873e-05      -3.8706e-04
 8.0000e+00       3.1500e+00       1.1024e+00       1.7156e-04       7.5487e-04      -7.2563e-05      -3.8964e-04
 8.0000e+00       3.1500e+00       1.1089e+00       1.6814e-04       7.5052e-04      -7.2224e-05      -3.9196e-04
 8.0000e+00       3.1500e+00       1.1153e+00       1.6480e-04       7.4602e-04      -7.1857e-05      -3.9402e-04
 8.0000e+00       3.1500e+00       1.1217e+00       1.6152e-04       7.4138e-04      -7.1463e-05      -3.9584e-04
 8.0000e+00       3.1500e+00       1.1281e+00       1.5833e-04       7.3660e-04      -7.1044e-05      -3.9742e-04
 8.0000e+00       3.1500e+00       1.1345e+00       1.5520e-04       7.3169e-04      -7.0602e-05      -3.9878e-04
 8.0000e+00       3.1500e+00       1.1409e+00       1.5214e-04       7.2666e-04      -7.0139e-05      -3.9991e-04
 8.0000e+00       3.1500e+00       1.1473e+00       1.4915e-04       7.2152e-04      -6.9654e-05      -4.0084e-04
 8.0000e+00       3.1500e+00       1.1537e+00       1.4622e-04       7.1627e-04      -6.9151e-05      -4.0157e-04
 8.0000e+00       3.1500e+00       1.1602e+00       1.4336e-04       7.1092e-04      -6.8631e-05      -4.0210e-04
 8.0000e+00       3.1500e+00       1.1666e+00       1.4055e-04       7.0548e-04      -6.8093e-05      -4.0245e-04
 8.0000e+00       3.1500e+00       1.1730e+00       1.3781e-04       6.9995e-04      -6.7541e-05      -4.0261e-04
 8.0000e+00       3.1500e+00       1.1794e+00       1.3513e-04       6.9434e-04      -6.6974e-05      -4.0261e-04
 8.0000e+00       3.1500e+00       1.1858e+00       1.3251e-04       6.8866e-04      -6.6394e-05      -4.0244e-04
 8.0000e+00       3.1500e+00       1.1922e+00       1.2994e-04       6.8290e-04      -6.5801e-05      -4.0212e-04
 8.0000e+00       3.1500e+00       1.1986e+00       1.2742e-04       6.7708e-04      -6.5198e-05      -4.0164e-04
 8.0000e+00       3.1500e+00       1.2050e+00       1.2496e-04       6.7121e-04      -6.4583e-05      -4.0102e-04
 8.0000e+00       3.1500e+00       1.2114e+00       1.2255e-04       6.6528e-04      -6.3960e-05      -4.0026e-04
 8.0000e+00       3.1500e+00       1.2179e+00       1.2019e-04       6.5930e-04      -6.3327e-05      -3.9937e-04
 8.0000e+00       3.1500e+00       1.2243e+00       1.1789e-04       6.5328e-04      -6.2687e-05      -3.9836e-04
 8.0000e+00       3.1500e+00       1.2307e+00       1.1563e-04       6.4722e-04      -6.2040e-05      -3.9722e-04
 8.0000e+00       3.1500e+00       1.2371e+00       1.1341e-04       6.4113e-04      -6.1386e-05      -3.9596e-04
 8.0000e+00       3.1500e+00       1.2435e+00       1.1124e-04       6.3501e-04      -6.0726e-05      -3.9460e-04
 8.0000e+00       3.1500e+00       1.2499e+00       1.0912e-04       6.2886e-04      -6.0062e-05      -3.9313e-04
 8.0000e+00       3.1500e+00       1.2563e+00       1.0704e-04       6.2268e-04      -5.9392e-05      -3.9156e-04
 8.0000e+00       3.1500e+00       1.2627e+00       1.0501e-04       6.1649e-04      -5.8719e-05      -3.8989e-04
 8.0000e+00       3.1500e+00       1.2692e+00       1.0301e-04       6.1028e-04      -5.8043e-05      -3.8813e-04
 8.0000e+00       3.1500e+00       1.2756e+00       1.0106e-04       6.0406e-04      -5.7364e-05      -3.8629e-04
 8.0000e+00       3.1500e+00       1.2820e+00       9.9143e-05       5.9783e-04      -5.6682e-05      -3.8436e-04
 8.0000e+00       3.1500e+00       1.2884e+00       9.7267e-05       5.9160e-04      -5.5999e-05      -3.8235e-04
 8.0000e+00       3.1500e+00       1.2948e+00       9.5430e-05       5.8536e-04      -5.5314e-05      -3.8027e-04
 8.0000e+00       3.1500e+00       1.3012e+00       9.3629e-05       5.7913e-04      -5.4629e-05      -3.7812e-04
 8.0000e+00       3.1500e+00       1.3076e+00       9.1865e-05       5.7290e-04      -5.3943e-05      -3.7590e-04
 8.0000e+00       3.1500e+00       1.3140e+00       9.0136e-05       5.6667e-04      -5.3257e-05      -3.7362e-04
 8.0000e+00       3.1500e+00       1.3205e+00       8.8441e-05       5.6045e-04      -5.2571e-05      -3.7128e-04
 8.0000e+00       3.1500e+00       1.3269e+00       8.6780e-05       5.5424e-04      -5.1886e-05      -3.6888e-04
 8.0000e+00       3.1500e+00       1.3333e+00       8.5153e-05       5.4805e-04      -5.1202e-05      -3.6643e-04
 8.0000e+00       3.1500e+00       1.3397e+00       8.3557e-05       5.4187e-04      -5.0520e-05      -3.6393e-04
 8.0000e+00       3.1500e+00       1.3461e+00       8.1993e-05       5.3571e-04      -4.9839e-05      -3.6138e-04
 8.0000e+00       3.1500e+00       1.3525e+00       8.0460e-05       5.2957e-04      -4.9160e-05      -3.5878e-04
 8.0000e+00       3.1500e+00       1.3589e+00       7.8957e-05       5.2344e-04      -4.8484e-05      -3.5615e-04
 8.0000e+00       3.1500e+00       1.3653e+00       7.7483e-05       5.1735e-04      -4.7810e-05      -3.5348e-04
 8.0000e+00       3.1500e+00       1.3718e+00       7.6038e-05       5.1127e-04      -4.7139e-05      -3.5077e-04
 8.0000e+00       3.1500e+00       1.3782e+00       7.4622e-05       5.0523e-04      -4.6471e-05      -3.4803e-04
 8.0000e+00       3.1500e+00       1.3846e+00       7.3232e-05       4.9921e-04      -4.5807e-05      -3.4526e-04
 8.0000e+00       3.1500e+00       1.3910e+00       7.1870e-05       4.9322e-04      -4.5145e-05      -3.4246e-04
 8.0000e+00       3.1500e+00       1.3974e+00       7.0534e-05       4.8727e-04      -4.4488e-05      -3.3963e-04
 8.0000e+00       3.1500e+00       1.4038e+00       6.9224e-05       4.8134e-04      -4.3835e-05      -3.3678e-04
 8.0000e+00       3.1500e+00       1.4102e+00       6.7940e-05       4.7545e-04      -4.3186e-05      -3.3391e-04
 8.0000e+00       3.1500e+00       1.4166e+00       6.6679e-05       4.6960e-04      -4.2541e-05      -3.3102e-04
 8.0000e+00       3.1500e+00       1.4231e+00       6.5443e-05       4.6378e-04      -4.1900e-05      -3.2811e-04
 8.0000e+00       3.1500e+00       1.4295e+00       6.4231e-05       4.5800e-04      -4.1264e-05      -3.2518e-04
 8.0000e+00       3.1500e+00       1.4359e+00       6.3042e-05       4.5225e-04      -4.0633e-05      -3.2224e-04
 8.0000e+00       3.1500e+00       1.4423e+00       6.1875e-05       4.4655e-04      -4.0007e-05      -3.1929e-04
 8.0000e+00       3.1500e+00       1.4487e+00       6.0731e-05       4.4089e-04      -3.9386e-05      -3.1633e-04
 8.0000e+00       3.1500e+00       1.4551e+00       5.9608e-05       4.3527e-04      -3.8770e-05      -3.1336e-04
 8.0000e+00       3.1500e+00       1.4615e+00       5.8507e-05       4.2969e-04      -3.8159e-05      -3.1038e-04
 8.0000e+00       3.1500e+00       1.4679e+00       5.7427e-05       4.2415e-04      -3.7554e-05      -3.0740e-04
 8.0000e+00       3.1500e+00       1.4744e+00       5.6366e-05       4.1865e-04      -3.6954e-05      -3.0441e-04
 8.0000e+00       3.1500e+00       1.4808e+00       5.5326e-05       4.1321e-04      -3.6360e-05      -3.0142e-04
 8.0000e+00       3.1500e+00       1.4872e+00       5.4306e-05       4.0780e-04      -3.5771e-05      -2.9843e-04
 8.0000e+00       3.1500e+00       1.4936e+00       5.3304e-05       4.0244e-04      -3.5188e-05      -2.9544e-04
 8.0000e+00       3.1500e+00       1.5000e+00       5.2321e-05       3.9713e-04      -3.4611e-05      -2.9244e-04
