6.5000e+00       3.1500e+00       6.7990e-01       9.4255e-04       1.1485e-03       0.0000e+00       0.0000e+00
 6.5000e+00       3.1500e+00       6.8818e-01       9.1284e-04       1.2032e-03      -4.6777e-05      -7.4860e-05
 6.5000e+00       3.1500e+00       6.9646e-01       8.8422e-04       1.2539e-03      -6.5181e-05      -1.4546e-04
 6.5000e+00       3.1500e+00       7.0475e-01       8.5665e-04       1.3008e-03      -7.8631e-05      -2.1199e-04
 6.5000e+00       3.1500e+00       7.1303e-01       8.3008e-04       1.3439e-03      -8.9404e-05      -2.7464e-04
 6.5000e+00       3.1500e+00       7.2131e-01       8.0447e-04       1.3835e-03      -9.8396e-05      -3.3360e-04
 6.5000e+00       3.1500e+00       7.2960e-01       7.7979e-04       1.4198e-03      -1.0607e-04      -3.8902e-04
 6.5000e+00       3.1500e+00       7.3788e-01       7.5599e-04       1.4529e-03      -1.1272e-04      -4.4109e-04
 6.5000e+00       3.1500e+00       7.4617e-01       7.3303e-04       1.4831e-03      -1.1852e-04      -4.8994e-04
 6.5000e+00       3.1500e+00       7.5445e-01       7.1089e-04       1.5104e-03      -1.2362e-04      -5.3574e-04
 6.5000e+00       3.1500e+00       7.6273e-01       6.8953e-04       1.5350e-03      -1.2810e-04      -5.7862e-04
 6.5000e+00       3.1500e+00       7.7102e-01       6.6892e-04       1.5570e-03      -1.3204e-04      -6.1871e-04
 6.5000e+00       3.1500e+00       7.7930e-01       6.4903e-04       1.5766e-03      -1.3552e-04      -6.5616e-04
 6.5000e+00       3.1500e+00       7.8759e-01       6.2982e-04       1.5939e-03      -1.3857e-04      -6.9108e-04
 6.5000e+00       3.1500e+00       7.9587e-01       6.1128e-04       1.6090e-03      -1.4123e-04      -7.2359e-04
 6.5000e+00       3.1500e+00       8.0415e-01       5.9338e-04       1.6220e-03      -1.4355e-04      -7.5380e-04
 6.5000e+00       3.1500e+00       8.1244e-01       5.7609e-04       1.6331e-03      -1.4556e-04      -7.8182e-04
 6.5000e+00       3.1500e+00       8.2072e-01       5.5938e-04       1.6423e-03      -1.4727e-04      -8.0776e-04
 6.5000e+00       3.1500e+00       8.2901e-01       5.4324e-04       1.6497e-03      -1.4872e-04      -8.3171e-04
 6.5000e+00       3.1500e+00       8.3729e-01       5.2764e-04       1.6555e-03      -1.4992e-04      -8.5377e-04
 6.5000e+00       3.1500e+00       8.4557e-01       5.1256e-04       1.6597e-03      -1.5089e-04      -8.7403e-04
 6.5000e+00       3.1500e+00       8.5386e-01       4.9798e-04       1.6625e-03      -1.5165e-04      -8.9257e-04
 6.5000e+00       3.1500e+00       8.6214e-01       4.8388e-04       1.6638e-03      -1.5222e-04      -9.0948e-04
 6.5000e+00       3.1500e+00       8.7042e-01       4.7024e-04       1.6638e-03      -1.5261e-04      -9.2484e-04
 6.5000e+00       3.1500e+00       8.7871e-01       4.5705e-04       1.6625e-03      -1.5282e-04      -9.3871e-04
 6.5000e+00       3.1500e+00       8.8699e-01       4.4429e-04       1.6601e-03      -1.5288e-04      -9.5118e-04
 6.5000e+00       3.1500e+00       8.9528e-01       4.3194e-04       1.6566e-03      -1.5279e-04      -9.6231e-04
 6.5000e+00       3.1500e+00       9.0356e-01       4.1998e-04       1.6520e-03      -1.5257e-04      -9.7217e-04
 6.5000e+00       3.1500e+00       9.1184e-01       4.0841e-04       1.6464e-03      -1.5221e-04      -9.8082e-04
 6.5000e+00       3.1500e+00       9.2013e-01       3.9721e-04       1.6399e-03      -1.5174e-04      -9.8832e-04
 6.5000e+00       3.1500e+00       9.2841e-01       3.8636e-04       1.6326e-03      -1.5116e-04      -9.9473e-04
 6.5000e+00       3.1500e+00       9.3670e-01       3.7585e-04       1.6244e-03      -1.5048e-04      -1.0001e-03
 6.5000e+00       3.1500e+00       9.4498e-01       3.6566e-04       1.6155e-03      -1.4969e-04      -1.0045e-03
 6.5000e+00       3.1500e+00       9.5326e-01       3.5580e-04       1.6058e-03      -1.4882e-04      -1.0080e-03
 6.5000e+00       3.1500e+00       9.6155e-01       3.4624e-04       1.5955e-03      -1.4787e-04      -1.0105e-03
 6.5000e+00       3.1500e+00       9.6983e-01       3.3697e-04       1.5846e-03      -1.4684e-04      -1.0123e-03
 6.5000e+00       3.1500e+00       9.7812e-01       3.2798e-04       1.5731e-03      -1.4574e-04      -1.0132e-03
 6.5000e+00       3.1500e+00       9.8640e-01       3.1927e-04       1.5610e-03      -1.4457e-04      -1.0134e-03
 6.5000e+00       3.1500e+00       9.9468e-01       3.1082e-04       1.5485e-03      -1.4335e-04      -1.0129e-03
 6.5000e+00       3.1500e+00       1.0030e+00       3.0262e-04       1.5355e-03      -1.4206e-04      -1.0117e-03
 6.5000e+00       3.1500e+00       1.0113e+00       2.9467e-04       1.5220e-03      -1.4072e-04      -1.0099e-03
 6.5000e+00       3.1500e+00       1.0195e+00       2.8696e-04       1.5082e-03      -1.3934e-04      -1.0074e-03
 6.5000e+00       3.1500e+00       1.0278e+00       2.7947e-04       1.4940e-03      -1.3791e-04      -1.0044e-03
 6.5000e+00       3.1500e+00       1.0361e+00       2.7221e-04       1.4795e-03      -1.3644e-04      -1.0009e-03
 6.5000e+00       3.1500e+00       1.0444e+00       2.6515e-04       1.4647e-03      -1.3494e-04      -9.9687e-04
 6.5000e+00       3.1500e+00       1.0527e+00       2.5830e-04       1.4496e-03      -1.3340e-04      -9.9237e-04
 6.5000e+00       3.1500e+00       1.0610e+00       2.5165e-04       1.4342e-03      -1.3183e-04      -9.8742e-04
 6.5000e+00       3.1500e+00       1.0692e+00       2.4519e-04       1.4186e-03      -1.3024e-04      -9.8205e-04
 6.5000e+00       3.1500e+00       1.0775e+00       2.3892e-04       1.4029e-03      -1.2862e-04      -9.7629e-04
 6.5000e+00       3.1500e+00       1.0858e+00       2.3282e-04       1.3869e-03      -1.2698e-04      -9.7016e-04
 6.5000e+00       3.1500e+00       1.0941e+00       2.2690e-04       1.3708e-03      -1.2532e-04      -9.6369e-04
 6.5000e+00       3.1500e+00       1.1024e+00       2.2114e-04       1.3546e-03      -1.2364e-04      -9.5690e-04
 6.5000e+00       3.1500e+00       1.1107e+00       2.1555e-04       1.3382e-03      -1.2195e-04      -9.4981e-04
 6.5000e+00       3.1500e+00       1.1189e+00       2.1011e-04       1.3217e-03      -1.2025e-04      -9.4244e-04
 6.5000e+00       3.1500e+00       1.1272e+00       2.0482e-04       1.3052e-03      -1.1854e-04      -9.3482e-04
 6.5000e+00       3.1500e+00       1.1355e+00       1.9968e-04       1.2886e-03      -1.1683e-04      -9.2695e-04
 6.5000e+00       3.1500e+00       1.1438e+00       1.9468e-04       1.2719e-03      -1.1510e-04      -9.1886e-04
 6.5000e+00       3.1500e+00       1.1521e+00       1.8981e-04       1.2552e-03      -1.1337e-04      -9.1057e-04
 6.5000e+00       3.1500e+00       1.1604e+00       1.8508e-04       1.2385e-03      -1.1164e-04      -9.0208e-04
 6.5000e+00       3.1500e+00       1.1686e+00       1.8048e-04       1.2218e-03      -1.0991e-04      -8.9343e-04
 6.5000e+00       3.1500e+00       1.1769e+00       1.7600e-04       1.2051e-03      -1.0818e-04      -8.8461e-04
 6.5000e+00       3.1500e+00       1.1852e+00       1.7164e-04       1.1884e-03      -1.0645e-04      -8.7566e-04
 6.5000e+00       3.1500e+00       1.1935e+00       1.6740e-04       1.1717e-03      -1.0473e-04      -8.6657e-04
 6.5000e+00       3.1500e+00       1.2018e+00       1.6327e-04       1.1551e-03      -1.0301e-04      -8.5737e-04
 6.5000e+00       3.1500e+00       1.2101e+00       1.5925e-04       1.1385e-03      -1.0129e-04      -8.4806e-04
 6.5000e+00       3.1500e+00       1.2183e+00       1.5534e-04       1.1219e-03      -9.9587e-05      -8.3866e-04
 6.5000e+00       3.1500e+00       1.2266e+00       1.5153e-04       1.1055e-03      -9.7888e-05      -8.2918e-04
 6.5000e+00       3.1500e+00       1.2349e+00       1.4782e-04       1.0891e-03      -9.6197e-05      -8.1962e-04
 6.5000e+00       3.1500e+00       1.2432e+00       1.4420e-04       1.0728e-03      -9.4517e-05      -8.1001e-04
 6.5000e+00       3.1500e+00       1.2515e+00       1.4068e-04       1.0566e-03      -9.2847e-05      -8.0034e-04
 6.5000e+00       3.1500e+00       1.2598e+00       1.3725e-04       1.0405e-03      -9.1188e-05      -7.9064e-04
 6.5000e+00       3.1500e+00       1.2681e+00       1.3391e-04       1.0245e-03      -8.9542e-05      -7.8090e-04
 6.5000e+00       3.1500e+00       1.2763e+00       1.3066e-04       1.0086e-03      -8.7908e-05      -7.7113e-04
 6.5000e+00       3.1500e+00       1.2846e+00       1.2749e-04       9.9277e-04      -8.6289e-05      -7.6135e-04
 6.5000e+00       3.1500e+00       1.2929e+00       1.2440e-04       9.7711e-04      -8.4683e-05      -7.5156e-04
 6.5000e+00       3.1500e+00       1.3012e+00       1.2138e-04       9.6157e-04      -8.3092e-05      -7.4177e-04
 6.5000e+00       3.1500e+00       1.3095e+00       1.1845e-04       9.4616e-04      -8.1517e-05      -7.3198e-04
 6.5000e+00       3.1500e+00       1.3178e+00       1.1559e-04       9.3089e-04      -7.9957e-05      -7.2220e-04
 6.5000e+00       3.1500e+00       1.3260e+00       1.1279e-04       9.1575e-04      -7.8414e-05      -7.1244e-04
 6.5000e+00       3.1500e+00       1.3343e+00       1.1007e-04       9.0076e-04      -7.6887e-05      -7.0270e-04
 6.5000e+00       3.1500e+00       1.3426e+00       1.0742e-04       8.8591e-04      -7.5377e-05      -6.9299e-04
 6.5000e+00       3.1500e+00       1.3509e+00       1.0484e-04       8.7121e-04      -7.3884e-05      -6.8332e-04
 6.5000e+00       3.1500e+00       1.3592e+00       1.0231e-04       8.5666e-04      -7.2409e-05      -6.7368e-04
 6.5000e+00       3.1500e+00       1.3675e+00       9.9853e-05       8.4227e-04      -7.0952e-05      -6.6408e-04
 6.5000e+00       3.1500e+00       1.3757e+00       9.7454e-05       8.2803e-04      -6.9513e-05      -6.5454e-04
 6.5000e+00       3.1500e+00       1.3840e+00       9.5114e-05       8.1395e-04      -6.8093e-05      -6.4504e-04
 6.5000e+00       3.1500e+00       1.3923e+00       9.2831e-05       8.0003e-04      -6.6691e-05      -6.3560e-04
 6.5000e+00       3.1500e+00       1.4006e+00       9.0604e-05       7.8627e-04      -6.5307e-05      -6.2622e-04
 6.5000e+00       3.1500e+00       1.4089e+00       8.8432e-05       7.7268e-04      -6.3943e-05      -6.1690e-04
 6.5000e+00       3.1500e+00       1.4172e+00       8.6312e-05       7.5924e-04      -6.2597e-05      -6.0764e-04
 6.5000e+00       3.1500e+00       1.4254e+00       8.4244e-05       7.4598e-04      -6.1271e-05      -5.9845e-04
 6.5000e+00       3.1500e+00       1.4337e+00       8.2226e-05       7.3288e-04      -5.9964e-05      -5.8934e-04
 6.5000e+00       3.1500e+00       1.4420e+00       8.0257e-05       7.1994e-04      -5.8676e-05      -5.8030e-04
 6.5000e+00       3.1500e+00       1.4503e+00       7.8336e-05       7.0718e-04      -5.7407e-05      -5.7133e-04
 6.5000e+00       3.1500e+00       1.4586e+00       7.6461e-05       6.9458e-04      -5.6158e-05      -5.6244e-04
 6.5000e+00       3.1500e+00       1.4669e+00       7.4630e-05       6.8215e-04      -5.4928e-05      -5.5363e-04
 6.5000e+00       3.1500e+00       1.4751e+00       7.2844e-05       6.6989e-04      -5.3717e-05      -5.4490e-04
 6.5000e+00       3.1500e+00       1.4834e+00       7.1101e-05       6.5779e-04      -5.2526e-05      -5.3626e-04
 6.5000e+00       3.1500e+00       1.4917e+00       6.9399e-05       6.4587e-04      -5.1353e-05      -5.2770e-04
 6.5000e+00       3.1500e+00       1.5000e+00       6.7738e-05       6.3411e-04      -5.0200e-05      -5.1923e-04
