7.5000e+00       3.1500e+00       8.0271e-01       5.0962e-04       8.2617e-04       0.0000e+00       0.0000e+00
 7.5000e+00       3.1500e+00       8.0975e-01       4.9674e-04       8.4595e-04      -2.8301e-05      -3.3591e-05
 7.5000e+00       3.1500e+00       8.1679e-01       4.8423e-04       8.6432e-04      -3.9415e-05      -6.5604e-05
 7.5000e+00       3.1500e+00       8.2384e-01       4.7209e-04       8.8132e-04      -4.7531e-05      -9.6098e-05
 7.5000e+00       3.1500e+00       8.3088e-01       4.6030e-04       8.9702e-04      -5.4032e-05      -1.2513e-04
 7.5000e+00       3.1500e+00       8.3792e-01       4.4886e-04       9.1147e-04      -5.9463e-05      -1.5275e-04
 7.5000e+00       3.1500e+00       8.4497e-01       4.3774e-04       9.2473e-04      -6.4108e-05      -1.7902e-04
 7.5000e+00       3.1500e+00       8.5201e-01       4.2695e-04       9.3684e-04      -6.8140e-05      -2.0399e-04
 7.5000e+00       3.1500e+00       8.5905e-01       4.1646e-04       9.4785e-04      -7.1673e-05      -2.2770e-04
 7.5000e+00       3.1500e+00       8.6610e-01       4.0628e-04       9.5782e-04      -7.4788e-05      -2.5020e-04
 7.5000e+00       3.1500e+00       8.7314e-01       3.9638e-04       9.6679e-04      -7.7544e-05      -2.7154e-04
 7.5000e+00       3.1500e+00       8.8019e-01       3.8676e-04       9.7479e-04      -7.9989e-05      -2.9176e-04
 7.5000e+00       3.1500e+00       8.8723e-01       3.7742e-04       9.8188e-04      -8.2158e-05      -3.1091e-04
 7.5000e+00       3.1500e+00       8.9427e-01       3.6833e-04       9.8809e-04      -8.4083e-05      -3.2903e-04
 7.5000e+00       3.1500e+00       9.0132e-01       3.5950e-04       9.9347e-04      -8.5787e-05      -3.4614e-04
 7.5000e+00       3.1500e+00       9.0836e-01       3.5091e-04       9.9805e-04      -8.7292e-05      -3.6230e-04
 7.5000e+00       3.1500e+00       9.1540e-01       3.4256e-04       1.0019e-03      -8.8615e-05      -3.7754e-04
 7.5000e+00       3.1500e+00       9.2245e-01       3.3444e-04       1.0049e-03      -8.9772e-05      -3.9190e-04
 7.5000e+00       3.1500e+00       9.2949e-01       3.2654e-04       1.0073e-03      -9.0776e-05      -4.0540e-04
 7.5000e+00       3.1500e+00       9.3653e-01       3.1886e-04       1.0091e-03      -9.1640e-05      -4.1808e-04
 7.5000e+00       3.1500e+00       9.4358e-01       3.1138e-04       1.0101e-03      -9.2373e-05      -4.2998e-04
 7.5000e+00       3.1500e+00       9.5062e-01       3.0411e-04       1.0106e-03      -9.2986e-05      -4.4112e-04
 7.5000e+00       3.1500e+00       9.5766e-01       2.9703e-04       1.0105e-03      -9.3487e-05      -4.5154e-04
 7.5000e+00       3.1500e+00       9.6471e-01       2.9015e-04       1.0099e-03      -9.3884e-05      -4.6125e-04
 7.5000e+00       3.1500e+00       9.7175e-01       2.8344e-04       1.0088e-03      -9.4183e-05      -4.7030e-04
 7.5000e+00       3.1500e+00       9.7879e-01       2.7691e-04       1.0071e-03      -9.4392e-05      -4.7870e-04
 7.5000e+00       3.1500e+00       9.8584e-01       2.7056e-04       1.0050e-03      -9.4516e-05      -4.8648e-04
 7.5000e+00       3.1500e+00       9.9288e-01       2.6437e-04       1.0024e-03      -9.4562e-05      -4.9366e-04
 7.5000e+00       3.1500e+00       9.9992e-01       2.5834e-04       9.9943e-04      -9.4533e-05      -5.0028e-04
 7.5000e+00       3.1500e+00       1.0070e+00       2.5247e-04       9.9604e-04      -9.4435e-05      -5.0634e-04
 7.5000e+00       3.1500e+00       1.0140e+00       2.4675e-04       9.9226e-04      -9.4272e-05      -5.1189e-04
 7.5000e+00       3.1500e+00       1.0211e+00       2.4118e-04       9.8812e-04      -9.4048e-05      -5.1692e-04
 7.5000e+00       3.1500e+00       1.0281e+00       2.3575e-04       9.8364e-04      -9.3768e-05      -5.2148e-04
 7.5000e+00       3.1500e+00       1.0351e+00       2.3046e-04       9.7884e-04      -9.3434e-05      -5.2556e-04
 7.5000e+00       3.1500e+00       1.0422e+00       2.2531e-04       9.7373e-04      -9.3050e-05      -5.2921e-04
 7.5000e+00       3.1500e+00       1.0492e+00       2.2028e-04       9.6833e-04      -9.2620e-05      -5.3242e-04
 7.5000e+00       3.1500e+00       1.0563e+00       2.1538e-04       9.6266e-04      -9.2146e-05      -5.3523e-04
 7.5000e+00       3.1500e+00       1.0633e+00       2.1061e-04       9.5673e-04      -9.1631e-05      -5.3765e-04
 7.5000e+00       3.1500e+00       1.0704e+00       2.0595e-04       9.5056e-04      -9.1078e-05      -5.3969e-04
 7.5000e+00       3.1500e+00       1.0774e+00       2.0141e-04       9.4416e-04      -9.0490e-05      -5.4138e-04
 7.5000e+00       3.1500e+00       1.0844e+00       1.9699e-04       9.3755e-04      -8.9868e-05      -5.4271e-04
 7.5000e+00       3.1500e+00       1.0915e+00       1.9267e-04       9.3075e-04      -8.9215e-05      -5.4373e-04
 7.5000e+00       3.1500e+00       1.0985e+00       1.8845e-04       9.2375e-04      -8.8533e-05      -5.4442e-04
 7.5000e+00       3.1500e+00       1.1056e+00       1.8434e-04       9.1658e-04      -8.7825e-05      -5.4482e-04
 7.5000e+00       3.1500e+00       1.1126e+00       1.8033e-04       9.0926e-04      -8.7091e-05      -5.4493e-04
 7.5000e+00       3.1500e+00       1.1197e+00       1.7642e-04       9.0178e-04      -8.6335e-05      -5.4476e-04
 7.5000e+00       3.1500e+00       1.1267e+00       1.7260e-04       8.9416e-04      -8.5557e-05      -5.4433e-04
 7.5000e+00       3.1500e+00       1.1337e+00       1.6888e-04       8.8641e-04      -8.4760e-05      -5.4366e-04
 7.5000e+00       3.1500e+00       1.1408e+00       1.6524e-04       8.7854e-04      -8.3944e-05      -5.4274e-04
 7.5000e+00       3.1500e+00       1.1478e+00       1.6169e-04       8.7057e-04      -8.3112e-05      -5.4160e-04
 7.5000e+00       3.1500e+00       1.1549e+00       1.5822e-04       8.6250e-04      -8.2265e-05      -5.4024e-04
 7.5000e+00       3.1500e+00       1.1619e+00       1.5483e-04       8.5433e-04      -8.1404e-05      -5.3868e-04
 7.5000e+00       3.1500e+00       1.1690e+00       1.5153e-04       8.4608e-04      -8.0531e-05      -5.3692e-04
 7.5000e+00       3.1500e+00       1.1760e+00       1.4830e-04       8.3776e-04      -7.9646e-05      -5.3497e-04
 7.5000e+00       3.1500e+00       1.1830e+00       1.4515e-04       8.2938e-04      -7.8751e-05      -5.3285e-04
 7.5000e+00       3.1500e+00       1.1901e+00       1.4207e-04       8.2093e-04      -7.7847e-05      -5.3056e-04
 7.5000e+00       3.1500e+00       1.1971e+00       1.3906e-04       8.1243e-04      -7.6935e-05      -5.2810e-04
 7.5000e+00       3.1500e+00       1.2042e+00       1.3612e-04       8.0389e-04      -7.6016e-05      -5.2550e-04
 7.5000e+00       3.1500e+00       1.2112e+00       1.3325e-04       7.9532e-04      -7.5091e-05      -5.2276e-04
 7.5000e+00       3.1500e+00       1.2183e+00       1.3044e-04       7.8671e-04      -7.4161e-05      -5.1988e-04
 7.5000e+00       3.1500e+00       1.2253e+00       1.2770e-04       7.7807e-04      -7.3226e-05      -5.1687e-04
 7.5000e+00       3.1500e+00       1.2324e+00       1.2502e-04       7.6942e-04      -7.2288e-05      -5.1374e-04
 7.5000e+00       3.1500e+00       1.2394e+00       1.2240e-04       7.6075e-04      -7.1348e-05      -5.1050e-04
 7.5000e+00       3.1500e+00       1.2464e+00       1.1985e-04       7.5207e-04      -7.0406e-05      -5.0715e-04
 7.5000e+00       3.1500e+00       1.2535e+00       1.1734e-04       7.4339e-04      -6.9462e-05      -5.0369e-04
 7.5000e+00       3.1500e+00       1.2605e+00       1.1490e-04       7.3471e-04      -6.8518e-05      -5.0015e-04
 7.5000e+00       3.1500e+00       1.2676e+00       1.1250e-04       7.2603e-04      -6.7574e-05      -4.9652e-04
 7.5000e+00       3.1500e+00       1.2746e+00       1.1017e-04       7.1737e-04      -6.6631e-05      -4.9280e-04
 7.5000e+00       3.1500e+00       1.2817e+00       1.0788e-04       7.0872e-04      -6.5689e-05      -4.8900e-04
 7.5000e+00       3.1500e+00       1.2887e+00       1.0564e-04       7.0009e-04      -6.4749e-05      -4.8514e-04
 7.5000e+00       3.1500e+00       1.2957e+00       1.0346e-04       6.9148e-04      -6.3812e-05      -4.8120e-04
 7.5000e+00       3.1500e+00       1.3028e+00       1.0132e-04       6.8289e-04      -6.2877e-05      -4.7721e-04
 7.5000e+00       3.1500e+00       1.3098e+00       9.9226e-05       6.7433e-04      -6.1946e-05      -4.7316e-04
 7.5000e+00       3.1500e+00       1.3169e+00       9.7179e-05       6.6581e-04      -6.1018e-05      -4.6905e-04
 7.5000e+00       3.1500e+00       1.3239e+00       9.5177e-05       6.5732e-04      -6.0095e-05      -4.6490e-04
 7.5000e+00       3.1500e+00       1.3310e+00       9.3218e-05       6.4887e-04      -5.9176e-05      -4.6070e-04
 7.5000e+00       3.1500e+00       1.3380e+00       9.1302e-05       6.4046e-04      -5.8262e-05      -4.5646e-04
 7.5000e+00       3.1500e+00       1.3450e+00       8.9427e-05       6.3210e-04      -5.7353e-05      -4.5218e-04
 7.5000e+00       3.1500e+00       1.3521e+00       8.7592e-05       6.2378e-04      -5.6450e-05      -4.4788e-04
 7.5000e+00       3.1500e+00       1.3591e+00       8.5796e-05       6.1550e-04      -5.5553e-05      -4.4354e-04
 7.5000e+00       3.1500e+00       1.3662e+00       8.4039e-05       6.0728e-04      -5.4662e-05      -4.3918e-04
 7.5000e+00       3.1500e+00       1.3732e+00       8.2319e-05       5.9911e-04      -5.3778e-05      -4.3479e-04
 7.5000e+00       3.1500e+00       1.3803e+00       8.0636e-05       5.9100e-04      -5.2901e-05      -4.3039e-04
 7.5000e+00       3.1500e+00       1.3873e+00       7.8989e-05       5.8294e-04      -5.2030e-05      -4.2597e-04
 7.5000e+00       3.1500e+00       1.3943e+00       7.7376e-05       5.7494e-04      -5.1167e-05      -4.2154e-04
 7.5000e+00       3.1500e+00       1.4014e+00       7.5797e-05       5.6701e-04      -5.0311e-05      -4.1709e-04
 7.5000e+00       3.1500e+00       1.4084e+00       7.4252e-05       5.5913e-04      -4.9463e-05      -4.1264e-04
 7.5000e+00       3.1500e+00       1.4155e+00       7.2739e-05       5.5131e-04      -4.8622e-05      -4.0818e-04
 7.5000e+00       3.1500e+00       1.4225e+00       7.1257e-05       5.4356e-04      -4.7790e-05      -4.0372e-04
 7.5000e+00       3.1500e+00       1.4296e+00       6.9807e-05       5.3588e-04      -4.6965e-05      -3.9926e-04
 7.5000e+00       3.1500e+00       1.4366e+00       6.8386e-05       5.2826e-04      -4.6149e-05      -3.9481e-04
 7.5000e+00       3.1500e+00       1.4437e+00       6.6996e-05       5.2071e-04      -4.5342e-05      -3.9035e-04
 7.5000e+00       3.1500e+00       1.4507e+00       6.5634e-05       5.1322e-04      -4.4542e-05      -3.8590e-04
 7.5000e+00       3.1500e+00       1.4577e+00       6.4300e-05       5.0581e-04      -4.3752e-05      -3.8146e-04
 7.5000e+00       3.1500e+00       1.4648e+00       6.2994e-05       4.9847e-04      -4.2970e-05      -3.7703e-04
 7.5000e+00       3.1500e+00       1.4718e+00       6.1715e-05       4.9119e-04      -4.2197e-05      -3.7261e-04
 7.5000e+00       3.1500e+00       1.4789e+00       6.0463e-05       4.8399e-04      -4.1433e-05      -3.6821e-04
 7.5000e+00       3.1500e+00       1.4859e+00       5.9236e-05       4.7686e-04      -4.0678e-05      -3.6382e-04
 7.5000e+00       3.1500e+00       1.4930e+00       5.8034e-05       4.6981e-04      -3.9932e-05      -3.5944e-04
 7.5000e+00       3.1500e+00       1.5000e+00       5.6857e-05       4.6283e-04      -3.9195e-05      -3.5508e-04
