 9.0000e+00       3.1500e+00       8.1160e-01       7.3873e-04       2.8879e-03       0.0000e+00       0.0000e+00
 9.0000e+00       3.1500e+00       8.1856e-01       7.1883e-04       2.8805e-03      -7.7280e-05       2.9845e-06
 9.0000e+00       3.1500e+00       8.2551e-01       6.9966e-04       2.8731e-03      -1.1063e-04       5.9804e-06
 9.0000e+00       3.1500e+00       8.3246e-01       6.8122e-04       2.8657e-03      -1.3705e-04       8.9819e-06
 9.0000e+00       3.1500e+00       8.3942e-01       6.6347e-04       2.8583e-03      -1.5996e-04       1.1983e-05
 9.0000e+00       3.1500e+00       8.4637e-01       6.4638e-04       2.8509e-03      -1.8065e-04       1.4980e-05
 9.0000e+00       3.1500e+00       8.5332e-01       6.2993e-04       2.8434e-03      -1.9977e-04       1.7966e-05
 9.0000e+00       3.1500e+00       8.6028e-01       6.1411e-04       2.8360e-03      -2.1769e-04       2.0938e-05
 9.0000e+00       3.1500e+00       8.6723e-01       5.9888e-04       2.8286e-03      -2.3466e-04       2.3891e-05
 9.0000e+00       3.1500e+00       8.7419e-01       5.8423e-04       2.8211e-03      -2.5082e-04       2.6821e-05
 9.0000e+00       3.1500e+00       8.8114e-01       5.7014e-04       2.8137e-03      -2.6630e-04       2.9725e-05
 9.0000e+00       3.1500e+00       8.8809e-01       5.5658e-04       2.8062e-03      -2.8117e-04       3.2599e-05
 9.0000e+00       3.1500e+00       8.9505e-01       5.4354e-04       2.7987e-03      -2.9551e-04       3.5439e-05
 9.0000e+00       3.1500e+00       9.0200e-01       5.3100e-04       2.7911e-03      -3.0937e-04       3.8243e-05
 9.0000e+00       3.1500e+00       9.0895e-01       5.1893e-04       2.7835e-03      -3.2277e-04       4.1009e-05
 9.0000e+00       3.1500e+00       9.1591e-01       5.0733e-04       2.7759e-03      -3.3575e-04       4.3732e-05
 9.0000e+00       3.1500e+00       9.2286e-01       4.9618e-04       2.7683e-03      -3.4835e-04       4.6412e-05
 9.0000e+00       3.1500e+00       9.2981e-01       4.8546e-04       2.7606e-03      -3.6057e-04       4.9046e-05
 9.0000e+00       3.1500e+00       9.3677e-01       4.7515e-04       2.7529e-03      -3.7244e-04       5.1631e-05
 9.0000e+00       3.1500e+00       9.4372e-01       4.6524e-04       2.7452e-03      -3.8397e-04       5.4166e-05
 9.0000e+00       3.1500e+00       9.5067e-01       4.5571e-04       2.7374e-03      -3.9517e-04       5.6650e-05
 9.0000e+00       3.1500e+00       9.5763e-01       4.4656e-04       2.7296e-03      -4.0607e-04       5.9081e-05
 9.0000e+00       3.1500e+00       9.6458e-01       4.3776e-04       2.7217e-03      -4.1666e-04       6.1457e-05
 9.0000e+00       3.1500e+00       9.7153e-01       4.2931e-04       2.7138e-03      -4.2696e-04       6.3778e-05
 9.0000e+00       3.1500e+00       9.7849e-01       4.2119e-04       2.7059e-03      -4.3697e-04       6.6042e-05
 9.0000e+00       3.1500e+00       9.8544e-01       4.1338e-04       2.6979e-03      -4.4671e-04       6.8248e-05
 9.0000e+00       3.1500e+00       9.9239e-01       4.0588e-04       2.6899e-03      -4.5617e-04       7.0395e-05
 9.0000e+00       3.1500e+00       9.9935e-01       3.9868e-04       2.6818e-03      -4.6537e-04       7.2483e-05
 9.0000e+00       3.1500e+00       1.0063e+00       3.9177e-04       2.6736e-03      -4.7432e-04       7.4511e-05
 9.0000e+00       3.1500e+00       1.0133e+00       3.8512e-04       2.6655e-03      -4.8300e-04       7.6479e-05
 9.0000e+00       3.1500e+00       1.0202e+00       3.7874e-04       2.6572e-03      -4.9144e-04       7.8386e-05
 9.0000e+00       3.1500e+00       1.0272e+00       3.7262e-04       2.6490e-03      -4.9964e-04       8.0232e-05
 9.0000e+00       3.1500e+00       1.0341e+00       3.6673e-04       2.6407e-03      -5.0759e-04       8.2017e-05
 9.0000e+00       3.1500e+00       1.0411e+00       3.6109e-04       2.6323e-03      -5.1532e-04       8.3740e-05
 9.0000e+00       3.1500e+00       1.0480e+00       3.5566e-04       2.6239e-03      -5.2281e-04       8.5402e-05
 9.0000e+00       3.1500e+00       1.0550e+00       3.5046e-04       2.6154e-03      -5.3007e-04       8.7002e-05
 9.0000e+00       3.1500e+00       1.0619e+00       3.4546e-04       2.6069e-03      -5.3711e-04       8.8541e-05
 9.0000e+00       3.1500e+00       1.0689e+00       3.4066e-04       2.5984e-03      -5.4394e-04       9.0019e-05
 9.0000e+00       3.1500e+00       1.0758e+00       3.3606e-04       2.5898e-03      -5.5055e-04       9.1436e-05
 9.0000e+00       3.1500e+00       1.0828e+00       3.3164e-04       2.5811e-03      -5.5694e-04       9.2791e-05
 9.0000e+00       3.1500e+00       1.0897e+00       3.2740e-04       2.5724e-03      -5.6313e-04       9.4087e-05
 9.0000e+00       3.1500e+00       1.0967e+00       3.2333e-04       2.5637e-03      -5.6912e-04       9.5322e-05
 9.0000e+00       3.1500e+00       1.1037e+00       3.1942e-04       2.5549e-03      -5.7490e-04       9.6498e-05
 9.0000e+00       3.1500e+00       1.1106e+00       3.1567e-04       2.5460e-03      -5.8049e-04       9.7615e-05
 9.0000e+00       3.1500e+00       1.1176e+00       3.1207e-04       2.5371e-03      -5.8588e-04       9.8673e-05
 9.0000e+00       3.1500e+00       1.1245e+00       3.0862e-04       2.5282e-03      -5.9108e-04       9.9674e-05
 9.0000e+00       3.1500e+00       1.1315e+00       3.0531e-04       2.5192e-03      -5.9609e-04       1.0062e-04
 9.0000e+00       3.1500e+00       1.1384e+00       3.0213e-04       2.5102e-03      -6.0091e-04       1.0150e-04
 9.0000e+00       3.1500e+00       1.1454e+00       2.9907e-04       2.5011e-03      -6.0556e-04       1.0233e-04
 9.0000e+00       3.1500e+00       1.1523e+00       2.9614e-04       2.4920e-03      -6.1002e-04       1.0311e-04
 9.0000e+00       3.1500e+00       1.1593e+00       2.9333e-04       2.4828e-03      -6.1431e-04       1.0383e-04
 9.0000e+00       3.1500e+00       1.1662e+00       2.9063e-04       2.4736e-03      -6.1843e-04       1.0449e-04
 9.0000e+00       3.1500e+00       1.1732e+00       2.8804e-04       2.4644e-03      -6.2237e-04       1.0511e-04
 9.0000e+00       3.1500e+00       1.1801e+00       2.8555e-04       2.4551e-03      -6.2615e-04       1.0567e-04
 9.0000e+00       3.1500e+00       1.1871e+00       2.8316e-04       2.4457e-03      -6.2976e-04       1.0618e-04
 9.0000e+00       3.1500e+00       1.1940e+00       2.8086e-04       2.4364e-03      -6.3322e-04       1.0663e-04
 9.0000e+00       3.1500e+00       1.2010e+00       2.7865e-04       2.4269e-03      -6.3651e-04       1.0704e-04
 9.0000e+00       3.1500e+00       1.2080e+00       2.7653e-04       2.4175e-03      -6.3964e-04       1.0740e-04
 9.0000e+00       3.1500e+00       1.2149e+00       2.7450e-04       2.4080e-03      -6.4263e-04       1.0771e-04
 9.0000e+00       3.1500e+00       1.2219e+00       2.7254e-04       2.3984e-03      -6.4546e-04       1.0798e-04
 9.0000e+00       3.1500e+00       1.2288e+00       2.7066e-04       2.3889e-03      -6.4814e-04       1.0820e-04
 9.0000e+00       3.1500e+00       1.2358e+00       2.6885e-04       2.3793e-03      -6.5068e-04       1.0837e-04
 9.0000e+00       3.1500e+00       1.2427e+00       2.6710e-04       2.3696e-03      -6.5308e-04       1.0850e-04
 9.0000e+00       3.1500e+00       1.2497e+00       2.6543e-04       2.3599e-03      -6.5533e-04       1.0858e-04
 9.0000e+00       3.1500e+00       1.2566e+00       2.6381e-04       2.3502e-03      -6.5745e-04       1.0862e-04
 9.0000e+00       3.1500e+00       1.2636e+00       2.6226e-04       2.3405e-03      -6.5943e-04       1.0862e-04
 9.0000e+00       3.1500e+00       1.2705e+00       2.6076e-04       2.3307e-03      -6.6128e-04       1.0858e-04
 9.0000e+00       3.1500e+00       1.2775e+00       2.5932e-04       2.3209e-03      -6.6300e-04       1.0850e-04
 9.0000e+00       3.1500e+00       1.2844e+00       2.5792e-04       2.3110e-03      -6.6459e-04       1.0838e-04
 9.0000e+00       3.1500e+00       1.2914e+00       2.5658e-04       2.3011e-03      -6.6605e-04       1.0823e-04
 9.0000e+00       3.1500e+00       1.2983e+00       2.5528e-04       2.2912e-03      -6.6739e-04       1.0803e-04
 9.0000e+00       3.1500e+00       1.3053e+00       2.5403e-04       2.2813e-03      -6.6861e-04       1.0780e-04
 9.0000e+00       3.1500e+00       1.3123e+00       2.5281e-04       2.2713e-03      -6.6972e-04       1.0754e-04
 9.0000e+00       3.1500e+00       1.3192e+00       2.5164e-04       2.2613e-03      -6.7070e-04       1.0724e-04
 9.0000e+00       3.1500e+00       1.3262e+00       2.5050e-04       2.2513e-03      -6.7157e-04       1.0690e-04
 9.0000e+00       3.1500e+00       1.3331e+00       2.4940e-04       2.2412e-03      -6.7233e-04       1.0654e-04
 9.0000e+00       3.1500e+00       1.3401e+00       2.4834e-04       2.2312e-03      -6.7298e-04       1.0614e-04
 9.0000e+00       3.1500e+00       1.3470e+00       2.4730e-04       2.2211e-03      -6.7353e-04       1.0572e-04
 9.0000e+00       3.1500e+00       1.3540e+00       2.4629e-04       2.2110e-03      -6.7397e-04       1.0526e-04
 9.0000e+00       3.1500e+00       1.3609e+00       2.4532e-04       2.2008e-03      -6.7430e-04       1.0477e-04
 9.0000e+00       3.1500e+00       1.3679e+00       2.4436e-04       2.1907e-03      -6.7453e-04       1.0426e-04
 9.0000e+00       3.1500e+00       1.3748e+00       2.4344e-04       2.1805e-03      -6.7467e-04       1.0372e-04
 9.0000e+00       3.1500e+00       1.3818e+00       2.4253e-04       2.1703e-03      -6.7471e-04       1.0315e-04
 9.0000e+00       3.1500e+00       1.3887e+00       2.4165e-04       2.1601e-03      -6.7465e-04       1.0256e-04
 9.0000e+00       3.1500e+00       1.3957e+00       2.4079e-04       2.1498e-03      -6.7450e-04       1.0194e-04
 9.0000e+00       3.1500e+00       1.4027e+00       2.3995e-04       2.1396e-03      -6.7427e-04       1.0130e-04
 9.0000e+00       3.1500e+00       1.4096e+00       2.3912e-04       2.1293e-03      -6.7394e-04       1.0064e-04
 9.0000e+00       3.1500e+00       1.4166e+00       2.3832e-04       2.1190e-03      -6.7352e-04       9.9958e-05
 9.0000e+00       3.1500e+00       1.4235e+00       2.3752e-04       2.1087e-03      -6.7302e-04       9.9252e-05
 9.0000e+00       3.1500e+00       1.4305e+00       2.3674e-04       2.0984e-03      -6.7244e-04       9.8526e-05
 9.0000e+00       3.1500e+00       1.4374e+00       2.3598e-04       2.0881e-03      -6.7178e-04       9.7781e-05
 9.0000e+00       3.1500e+00       1.4444e+00       2.3523e-04       2.0777e-03      -6.7103e-04       9.7017e-05
 9.0000e+00       3.1500e+00       1.4513e+00       2.3449e-04       2.0674e-03      -6.7021e-04       9.6235e-05
 9.0000e+00       3.1500e+00       1.4583e+00       2.3375e-04       2.0570e-03      -6.6931e-04       9.5436e-05
 9.0000e+00       3.1500e+00       1.4652e+00       2.3303e-04       2.0467e-03      -6.6834e-04       9.4620e-05
 9.0000e+00       3.1500e+00       1.4722e+00       2.3232e-04       2.0363e-03      -6.6730e-04       9.3789e-05
 9.0000e+00       3.1500e+00       1.4791e+00       2.3161e-04       2.0259e-03      -6.6619e-04       9.2942e-05
 9.0000e+00       3.1500e+00       1.4861e+00       2.3091e-04       2.0155e-03      -6.6500e-04       9.2082e-05
 9.0000e+00       3.1500e+00       1.4930e+00       2.3022e-04       2.0051e-03      -6.6375e-04       9.1207e-05
 9.0000e+00       3.1500e+00       1.5000e+00       2.2953e-04       1.9947e-03      -6.6244e-04       9.0320e-05
