 9.5000e+00       3.1500e+00       1.0562e+00       1.5833e-04       3.8710e-04       0.0000e+00       0.0000e+00
 9.5000e+00       3.1500e+00       1.0607e+00       1.5604e-04       3.8865e-04      -9.0325e-06      -6.4002e-06
 9.5000e+00       3.1500e+00       1.0652e+00       1.5378e-04       3.9006e-04      -1.2619e-05      -1.2616e-05
 9.5000e+00       3.1500e+00       1.0697e+00       1.5156e-04       3.9133e-04      -1.5268e-05      -1.8651e-05
 9.5000e+00       3.1500e+00       1.0741e+00       1.4938e-04       3.9249e-04      -1.7416e-05      -2.4510e-05
 9.5000e+00       3.1500e+00       1.0786e+00       1.4723e-04       3.9352e-04      -1.9234e-05      -3.0196e-05
 9.5000e+00       3.1500e+00       1.0831e+00       1.4512e-04       3.9442e-04      -2.0812e-05      -3.5713e-05
 9.5000e+00       3.1500e+00       1.0876e+00       1.4305e-04       3.9522e-04      -2.2203e-05      -4.1066e-05
 9.5000e+00       3.1500e+00       1.0921e+00       1.4100e-04       3.9590e-04      -2.3444e-05      -4.6257e-05
 9.5000e+00       3.1500e+00       1.0966e+00       1.3899e-04       3.9646e-04      -2.4559e-05      -5.1291e-05
 9.5000e+00       3.1500e+00       1.1010e+00       1.3702e-04       3.9693e-04      -2.5567e-05      -5.6171e-05
 9.5000e+00       3.1500e+00       1.1055e+00       1.3507e-04       3.9729e-04      -2.6482e-05      -6.0900e-05
 9.5000e+00       3.1500e+00       1.1100e+00       1.3316e-04       3.9755e-04      -2.7315e-05      -6.5483e-05
 9.5000e+00       3.1500e+00       1.1145e+00       1.3127e-04       3.9771e-04      -2.8075e-05      -6.9921e-05
 9.5000e+00       3.1500e+00       1.1190e+00       1.2942e-04       3.9777e-04      -2.8770e-05      -7.4219e-05
 9.5000e+00       3.1500e+00       1.1235e+00       1.2760e-04       3.9775e-04      -2.9406e-05      -7.8380e-05
 9.5000e+00       3.1500e+00       1.1279e+00       1.2580e-04       3.9763e-04      -2.9988e-05      -8.2406e-05
 9.5000e+00       3.1500e+00       1.1324e+00       1.2404e-04       3.9743e-04      -3.0521e-05      -8.6301e-05
 9.5000e+00       3.1500e+00       1.1369e+00       1.2230e-04       3.9715e-04      -3.1008e-05      -9.0068e-05
 9.5000e+00       3.1500e+00       1.1414e+00       1.2059e-04       3.9679e-04      -3.1453e-05      -9.3710e-05
 9.5000e+00       3.1500e+00       1.1459e+00       1.1891e-04       3.9634e-04      -3.1860e-05      -9.7230e-05
 9.5000e+00       3.1500e+00       1.1504e+00       1.1725e-04       3.9582e-04      -3.2230e-05      -1.0063e-04
 9.5000e+00       3.1500e+00       1.1548e+00       1.1562e-04       3.9523e-04      -3.2566e-05      -1.0391e-04
 9.5000e+00       3.1500e+00       1.1593e+00       1.1401e-04       3.9457e-04      -3.2871e-05      -1.0708e-04
 9.5000e+00       3.1500e+00       1.1638e+00       1.1243e-04       3.9384e-04      -3.3147e-05      -1.1014e-04
 9.5000e+00       3.1500e+00       1.1683e+00       1.1088e-04       3.9304e-04      -3.3394e-05      -1.1309e-04
 9.5000e+00       3.1500e+00       1.1728e+00       1.0934e-04       3.9217e-04      -3.3615e-05      -1.1593e-04
 9.5000e+00       3.1500e+00       1.1773e+00       1.0784e-04       3.9125e-04      -3.3812e-05      -1.1867e-04
 9.5000e+00       3.1500e+00       1.1817e+00       1.0635e-04       3.9026e-04      -3.3985e-05      -1.2131e-04
 9.5000e+00       3.1500e+00       1.1862e+00       1.0489e-04       3.8922e-04      -3.4136e-05      -1.2384e-04
 9.5000e+00       3.1500e+00       1.1907e+00       1.0345e-04       3.8812e-04      -3.4267e-05      -1.2629e-04
 9.5000e+00       3.1500e+00       1.1952e+00       1.0203e-04       3.8696e-04      -3.4377e-05      -1.2863e-04
 9.5000e+00       3.1500e+00       1.1997e+00       1.0063e-04       3.8576e-04      -3.4469e-05      -1.3089e-04
 9.5000e+00       3.1500e+00       1.2041e+00       9.9259e-05       3.8450e-04      -3.4544e-05      -1.3305e-04
 9.5000e+00       3.1500e+00       1.2086e+00       9.7905e-05       3.8319e-04      -3.4601e-05      -1.3513e-04
 9.5000e+00       3.1500e+00       1.2131e+00       9.6572e-05       3.8184e-04      -3.4643e-05      -1.3712e-04
 9.5000e+00       3.1500e+00       1.2176e+00       9.5258e-05       3.8044e-04      -3.4669e-05      -1.3903e-04
 9.5000e+00       3.1500e+00       1.2221e+00       9.3965e-05       3.7900e-04      -3.4681e-05      -1.4085e-04
 9.5000e+00       3.1500e+00       1.2266e+00       9.2690e-05       3.7751e-04      -3.4679e-05      -1.4260e-04
 9.5000e+00       3.1500e+00       1.2310e+00       9.1435e-05       3.7599e-04      -3.4664e-05      -1.4427e-04
 9.5000e+00       3.1500e+00       1.2355e+00       9.0199e-05       3.7443e-04      -3.4636e-05      -1.4586e-04
 9.5000e+00       3.1500e+00       1.2400e+00       8.8981e-05       3.7283e-04      -3.4597e-05      -1.4738e-04
 9.5000e+00       3.1500e+00       1.2445e+00       8.7781e-05       3.7119e-04      -3.4546e-05      -1.4883e-04
 9.5000e+00       3.1500e+00       1.2490e+00       8.6599e-05       3.6952e-04      -3.4485e-05      -1.5020e-04
 9.5000e+00       3.1500e+00       1.2535e+00       8.5434e-05       3.6781e-04      -3.4413e-05      -1.5151e-04
 9.5000e+00       3.1500e+00       1.2579e+00       8.4287e-05       3.6608e-04      -3.4331e-05      -1.5275e-04
 9.5000e+00       3.1500e+00       1.2624e+00       8.3156e-05       3.6431e-04      -3.4241e-05      -1.5392e-04
 9.5000e+00       3.1500e+00       1.2669e+00       8.2042e-05       3.6252e-04      -3.4141e-05      -1.5503e-04
 9.5000e+00       3.1500e+00       1.2714e+00       8.0945e-05       3.6070e-04      -3.4033e-05      -1.5608e-04
 9.5000e+00       3.1500e+00       1.2759e+00       7.9863e-05       3.5885e-04      -3.3917e-05      -1.5707e-04
 9.5000e+00       3.1500e+00       1.2804e+00       7.8798e-05       3.5697e-04      -3.3793e-05      -1.5800e-04
 9.5000e+00       3.1500e+00       1.2848e+00       7.7747e-05       3.5508e-04      -3.3662e-05      -1.5887e-04
 9.5000e+00       3.1500e+00       1.2893e+00       7.6712e-05       3.5316e-04      -3.3524e-05      -1.5968e-04
 9.5000e+00       3.1500e+00       1.2938e+00       7.5692e-05       3.5121e-04      -3.3379e-05      -1.6044e-04
 9.5000e+00       3.1500e+00       1.2983e+00       7.4687e-05       3.4925e-04      -3.3229e-05      -1.6115e-04
 9.5000e+00       3.1500e+00       1.3028e+00       7.3696e-05       3.4727e-04      -3.3072e-05      -1.6180e-04
 9.5000e+00       3.1500e+00       1.3072e+00       7.2720e-05       3.4527e-04      -3.2909e-05      -1.6241e-04
 9.5000e+00       3.1500e+00       1.3117e+00       7.1757e-05       3.4325e-04      -3.2741e-05      -1.6296e-04
 9.5000e+00       3.1500e+00       1.3162e+00       7.0808e-05       3.4121e-04      -3.2568e-05      -1.6347e-04
 9.5000e+00       3.1500e+00       1.3207e+00       6.9873e-05       3.3916e-04      -3.2390e-05      -1.6393e-04
 9.5000e+00       3.1500e+00       1.3252e+00       6.8951e-05       3.3709e-04      -3.2208e-05      -1.6435e-04
 9.5000e+00       3.1500e+00       1.3297e+00       6.8042e-05       3.3501e-04      -3.2021e-05      -1.6472e-04
 9.5000e+00       3.1500e+00       1.3341e+00       6.7146e-05       3.3292e-04      -3.1830e-05      -1.6505e-04
 9.5000e+00       3.1500e+00       1.3386e+00       6.6263e-05       3.3081e-04      -3.1635e-05      -1.6533e-04
 9.5000e+00       3.1500e+00       1.3431e+00       6.5392e-05       3.2870e-04      -3.1436e-05      -1.6558e-04
 9.5000e+00       3.1500e+00       1.3476e+00       6.4534e-05       3.2657e-04      -3.1234e-05      -1.6578e-04
 9.5000e+00       3.1500e+00       1.3521e+00       6.3687e-05       3.2443e-04      -3.1029e-05      -1.6595e-04
 9.5000e+00       3.1500e+00       1.3566e+00       6.2853e-05       3.2229e-04      -3.0820e-05      -1.6608e-04
 9.5000e+00       3.1500e+00       1.3610e+00       6.2030e-05       3.2013e-04      -3.0609e-05      -1.6617e-04
 9.5000e+00       3.1500e+00       1.3655e+00       6.1219e-05       3.1797e-04      -3.0395e-05      -1.6623e-04
 9.5000e+00       3.1500e+00       1.3700e+00       6.0419e-05       3.1580e-04      -3.0178e-05      -1.6625e-04
 9.5000e+00       3.1500e+00       1.3745e+00       5.9630e-05       3.1363e-04      -2.9960e-05      -1.6624e-04
 9.5000e+00       3.1500e+00       1.3790e+00       5.8852e-05       3.1145e-04      -2.9738e-05      -1.6619e-04
 9.5000e+00       3.1500e+00       1.3835e+00       5.8085e-05       3.0927e-04      -2.9515e-05      -1.6612e-04
 9.5000e+00       3.1500e+00       1.3879e+00       5.7328e-05       3.0708e-04      -2.9290e-05      -1.6601e-04
 9.5000e+00       3.1500e+00       1.3924e+00       5.6582e-05       3.0489e-04      -2.9063e-05      -1.6588e-04
 9.5000e+00       3.1500e+00       1.3969e+00       5.5847e-05       3.0269e-04      -2.8834e-05      -1.6571e-04
 9.5000e+00       3.1500e+00       1.4014e+00       5.5121e-05       3.0050e-04      -2.8604e-05      -1.6552e-04
 9.5000e+00       3.1500e+00       1.4059e+00       5.4405e-05       2.9830e-04      -2.8373e-05      -1.6530e-04
 9.5000e+00       3.1500e+00       1.4103e+00       5.3699e-05       2.9610e-04      -2.8140e-05      -1.6505e-04
 9.5000e+00       3.1500e+00       1.4148e+00       5.3003e-05       2.9390e-04      -2.7906e-05      -1.6478e-04
 9.5000e+00       3.1500e+00       1.4193e+00       5.2316e-05       2.9170e-04      -2.7672e-05      -1.6449e-04
 9.5000e+00       3.1500e+00       1.4238e+00       5.1639e-05       2.8950e-04      -2.7436e-05      -1.6417e-04
 9.5000e+00       3.1500e+00       1.4283e+00       5.0971e-05       2.8730e-04      -2.7199e-05      -1.6382e-04
 9.5000e+00       3.1500e+00       1.4328e+00       5.0312e-05       2.8510e-04      -2.6962e-05      -1.6345e-04
 9.5000e+00       3.1500e+00       1.4372e+00       4.9662e-05       2.8291e-04      -2.6724e-05      -1.6307e-04
 9.5000e+00       3.1500e+00       1.4417e+00       4.9021e-05       2.8071e-04      -2.6486e-05      -1.6266e-04
 9.5000e+00       3.1500e+00       1.4462e+00       4.8388e-05       2.7852e-04      -2.6247e-05      -1.6222e-04
 9.5000e+00       3.1500e+00       1.4507e+00       4.7764e-05       2.7633e-04      -2.6008e-05      -1.6177e-04
 9.5000e+00       3.1500e+00       1.4552e+00       4.7148e-05       2.7415e-04      -2.5769e-05      -1.6130e-04
 9.5000e+00       3.1500e+00       1.4597e+00       4.6541e-05       2.7197e-04      -2.5530e-05      -1.6082e-04
 9.5000e+00       3.1500e+00       1.4641e+00       4.5941e-05       2.6979e-04      -2.5290e-05      -1.6031e-04
 9.5000e+00       3.1500e+00       1.4686e+00       4.5350e-05       2.6762e-04      -2.5051e-05      -1.5979e-04
 9.5000e+00       3.1500e+00       1.4731e+00       4.4767e-05       2.6545e-04      -2.4812e-05      -1.5925e-04
 9.5000e+00       3.1500e+00       1.4776e+00       4.4191e-05       2.6329e-04      -2.4573e-05      -1.5869e-04
 9.5000e+00       3.1500e+00       1.4821e+00       4.3624e-05       2.6114e-04      -2.4334e-05      -1.5812e-04
 9.5000e+00       3.1500e+00       1.4866e+00       4.3063e-05       2.5899e-04      -2.4095e-05      -1.5753e-04
 9.5000e+00       3.1500e+00       1.4910e+00       4.2511e-05       2.5684e-04      -2.3857e-05      -1.5693e-04
 9.5000e+00       3.1500e+00       1.4955e+00       4.1965e-05       2.5471e-04      -2.3619e-05      -1.5632e-04
 9.5000e+00       3.1500e+00       1.5000e+00       4.1427e-05       2.5258e-04      -2.3382e-05      -1.5569e-04
