 4.0000e+00       3.1500e+00       3.0464e-01       1.5971e-02       2.8118e-02       0.0000e+00       0.0000e+00
 4.0000e+00       3.1500e+00       3.1671e-01       1.4967e-02       2.7270e-02       1.1201e-03      -2.2168e-04
 4.0000e+00       3.1500e+00       3.2879e-01       1.4031e-02       2.6464e-02       1.3943e-03      -4.1154e-04
 4.0000e+00       3.1500e+00       3.4086e-01       1.3159e-02       2.5697e-02       1.4929e-03      -5.7293e-04
 4.0000e+00       3.1500e+00       3.5293e-01       1.2346e-02       2.4966e-02       1.4945e-03      -7.0887e-04
 4.0000e+00       3.1500e+00       3.6501e-01       1.1589e-02       2.4270e-02       1.4336e-03      -8.2208e-04
 4.0000e+00       3.1500e+00       3.7708e-01       1.0885e-02       2.3604e-02       1.3296e-03      -9.1499e-04
 4.0000e+00       3.1500e+00       3.8916e-01       1.0229e-02       2.2969e-02       1.1951e-03      -9.8979e-04
 4.0000e+00       3.1500e+00       4.0123e-01       9.6183e-03       2.2361e-02       1.0387e-03      -1.0484e-03
 4.0000e+00       3.1500e+00       4.1331e-01       9.0502e-03       2.1778e-02       8.6673e-04      -1.0927e-03
 4.0000e+00       3.1500e+00       4.2538e-01       8.5218e-03       2.1220e-02       6.8378e-04      -1.1243e-03
 4.0000e+00       3.1500e+00       4.3746e-01       8.0302e-03       2.0685e-02       4.9345e-04      -1.1445e-03
 4.0000e+00       3.1500e+00       4.4953e-01       7.5732e-03       2.0171e-02       2.9852e-04      -1.1548e-03
 4.0000e+00       3.1500e+00       4.6160e-01       7.1482e-03       1.9677e-02       1.0120e-04      -1.1562e-03
 4.0000e+00       3.1500e+00       4.7368e-01       6.7533e-03       1.9202e-02      -9.6796e-05      -1.1499e-03
 4.0000e+00       3.1500e+00       4.8575e-01       6.3862e-03       1.8745e-02      -2.9406e-04      -1.1367e-03
 4.0000e+00       3.1500e+00       4.9783e-01       6.0452e-03       1.8305e-02      -4.8950e-04      -1.1177e-03
 4.0000e+00       3.1500e+00       5.0990e-01       5.7284e-03       1.7881e-02      -6.8221e-04      -1.0935e-03
 4.0000e+00       3.1500e+00       5.2198e-01       5.4343e-03       1.7472e-02      -8.7149e-04      -1.0649e-03
 4.0000e+00       3.1500e+00       5.3405e-01       5.1612e-03       1.7078e-02      -1.0568e-03      -1.0325e-03
 4.0000e+00       3.1500e+00       5.4612e-01       4.9077e-03       1.6697e-02      -1.2376e-03      -9.9695e-04
 4.0000e+00       3.1500e+00       5.5820e-01       4.6725e-03       1.6329e-02      -1.4136e-03      -9.5868e-04
 4.0000e+00       3.1500e+00       5.7027e-01       4.4543e-03       1.5973e-02      -1.5846e-03      -9.1821e-04
 4.0000e+00       3.1500e+00       5.8235e-01       4.2519e-03       1.5630e-02      -1.7503e-03      -8.7595e-04
 4.0000e+00       3.1500e+00       5.9442e-01       4.0642e-03       1.5297e-02      -1.9106e-03      -8.3228e-04
 4.0000e+00       3.1500e+00       6.0650e-01       3.8903e-03       1.4975e-02      -2.0654e-03      -7.8754e-04
 4.0000e+00       3.1500e+00       6.1857e-01       3.7292e-03       1.4663e-02      -2.2146e-03      -7.4205e-04
 4.0000e+00       3.1500e+00       6.3065e-01       3.5799e-03       1.4361e-02      -2.3582e-03      -6.9608e-04
 4.0000e+00       3.1500e+00       6.4272e-01       3.4416e-03       1.4069e-02      -2.4962e-03      -6.4986e-04
 4.0000e+00       3.1500e+00       6.5479e-01       3.3136e-03       1.3785e-02      -2.6286e-03      -6.0363e-04
 4.0000e+00       3.1500e+00       6.6687e-01       3.1952e-03       1.3509e-02      -2.7555e-03      -5.5758e-04
 4.0000e+00       3.1500e+00       6.7894e-01       3.0856e-03       1.3242e-02      -2.8769e-03      -5.1187e-04
 4.0000e+00       3.1500e+00       6.9102e-01       2.9843e-03       1.2982e-02      -2.9930e-03      -4.6667e-04
 4.0000e+00       3.1500e+00       7.0309e-01       2.8906e-03       1.2730e-02      -3.1037e-03      -4.2210e-04
 4.0000e+00       3.1500e+00       7.1517e-01       2.8039e-03       1.2485e-02      -3.2091e-03      -3.7828e-04
 4.0000e+00       3.1500e+00       7.2724e-01       2.7239e-03       1.2247e-02      -3.3095e-03      -3.3532e-04
 4.0000e+00       3.1500e+00       7.3931e-01       2.6500e-03       1.2015e-02      -3.4048e-03      -2.9330e-04
 4.0000e+00       3.1500e+00       7.5139e-01       2.5817e-03       1.1790e-02      -3.4952e-03      -2.5230e-04
 4.0000e+00       3.1500e+00       7.6346e-01       2.5187e-03       1.1571e-02      -3.5809e-03      -2.1239e-04
 4.0000e+00       3.1500e+00       7.7554e-01       2.4605e-03       1.1358e-02      -3.6618e-03      -1.7361e-04
 4.0000e+00       3.1500e+00       7.8761e-01       2.4069e-03       1.1150e-02      -3.7382e-03      -1.3601e-04
 4.0000e+00       3.1500e+00       7.9969e-01       2.3573e-03       1.0948e-02      -3.8101e-03      -9.9636e-05
 4.0000e+00       3.1500e+00       8.1176e-01       2.3117e-03       1.0751e-02      -3.8778e-03      -6.4504e-05
 4.0000e+00       3.1500e+00       8.2384e-01       2.2695e-03       1.0559e-02      -3.9412e-03      -3.0640e-05
 4.0000e+00       3.1500e+00       8.3591e-01       2.2307e-03       1.0371e-02      -4.0005e-03       1.9419e-06
 4.0000e+00       3.1500e+00       8.4798e-01       2.1948e-03       1.0189e-02      -4.0559e-03       3.3232e-05
 4.0000e+00       3.1500e+00       8.6006e-01       2.1618e-03       1.0011e-02      -4.1075e-03       6.3226e-05
 4.0000e+00       3.1500e+00       8.7213e-01       2.1313e-03       9.8370e-03      -4.1553e-03       9.1925e-05
 4.0000e+00       3.1500e+00       8.8421e-01       2.1031e-03       9.6674e-03      -4.1996e-03       1.1933e-04
 4.0000e+00       3.1500e+00       8.9628e-01       2.0772e-03       9.5019e-03      -4.2403e-03       1.4546e-04
 4.0000e+00       3.1500e+00       9.0836e-01       2.0532e-03       9.3403e-03      -4.2777e-03       1.7031e-04
 4.0000e+00       3.1500e+00       9.2043e-01       2.0310e-03       9.1825e-03      -4.3118e-03       1.9391e-04
 4.0000e+00       3.1500e+00       9.3250e-01       2.0105e-03       9.0283e-03      -4.3427e-03       2.1627e-04
 4.0000e+00       3.1500e+00       9.4458e-01       1.9915e-03       8.8777e-03      -4.3706e-03       2.3742e-04
 4.0000e+00       3.1500e+00       9.5665e-01       1.9739e-03       8.7304e-03      -4.3956e-03       2.5736e-04
 4.0000e+00       3.1500e+00       9.6873e-01       1.9576e-03       8.5865e-03      -4.4177e-03       2.7613e-04
 4.0000e+00       3.1500e+00       9.8080e-01       1.9424e-03       8.4458e-03      -4.4371e-03       2.9375e-04
 4.0000e+00       3.1500e+00       9.9288e-01       1.9282e-03       8.3081e-03      -4.4539e-03       3.1024e-04
 4.0000e+00       3.1500e+00       1.0050e+00       1.9150e-03       8.1734e-03      -4.4681e-03       3.2564e-04
 4.0000e+00       3.1500e+00       1.0170e+00       1.9027e-03       8.0417e-03      -4.4799e-03       3.3997e-04
 4.0000e+00       3.1500e+00       1.0291e+00       1.8911e-03       7.9127e-03      -4.4893e-03       3.5326e-04
 4.0000e+00       3.1500e+00       1.0412e+00       1.8802e-03       7.7864e-03      -4.4964e-03       3.6555e-04
 4.0000e+00       3.1500e+00       1.0532e+00       1.8699e-03       7.6628e-03      -4.5014e-03       3.7685e-04
 4.0000e+00       3.1500e+00       1.0653e+00       1.8601e-03       7.5418e-03      -4.5042e-03       3.8720e-04
 4.0000e+00       3.1500e+00       1.0774e+00       1.8509e-03       7.4232e-03      -4.5051e-03       3.9663e-04
 4.0000e+00       3.1500e+00       1.0895e+00       1.8420e-03       7.3070e-03      -4.5040e-03       4.0517e-04
 4.0000e+00       3.1500e+00       1.1015e+00       1.8336e-03       7.1932e-03      -4.5011e-03       4.1285e-04
 4.0000e+00       3.1500e+00       1.1136e+00       1.8254e-03       7.0816e-03      -4.4963e-03       4.1970e-04
 4.0000e+00       3.1500e+00       1.1257e+00       1.8175e-03       6.9722e-03      -4.4899e-03       4.2576e-04
 4.0000e+00       3.1500e+00       1.1378e+00       1.8099e-03       6.8649e-03      -4.4819e-03       4.3105e-04
 4.0000e+00       3.1500e+00       1.1498e+00       1.8024e-03       6.7598e-03      -4.4722e-03       4.3560e-04
 4.0000e+00       3.1500e+00       1.1619e+00       1.7952e-03       6.6566e-03      -4.4611e-03       4.3944e-04
 4.0000e+00       3.1500e+00       1.1740e+00       1.7880e-03       6.5554e-03      -4.4486e-03       4.4260e-04
 4.0000e+00       3.1500e+00       1.1861e+00       1.7810e-03       6.4561e-03      -4.4346e-03       4.4511e-04
 4.0000e+00       3.1500e+00       1.1981e+00       1.7740e-03       6.3586e-03      -4.4194e-03       4.4700e-04
 4.0000e+00       3.1500e+00       1.2102e+00       1.7671e-03       6.2629e-03      -4.4029e-03       4.4829e-04
 4.0000e+00       3.1500e+00       1.2223e+00       1.7602e-03       6.1690e-03      -4.3853e-03       4.4902e-04
 4.0000e+00       3.1500e+00       1.2344e+00       1.7533e-03       6.0768e-03      -4.3664e-03       4.4921e-04
 4.0000e+00       3.1500e+00       1.2464e+00       1.7464e-03       5.9862e-03      -4.3466e-03       4.4888e-04
 4.0000e+00       3.1500e+00       1.2585e+00       1.7395e-03       5.8972e-03      -4.3257e-03       4.4806e-04
 4.0000e+00       3.1500e+00       1.2706e+00       1.7325e-03       5.8098e-03      -4.3038e-03       4.4678e-04
 4.0000e+00       3.1500e+00       1.2827e+00       1.7255e-03       5.7239e-03      -4.2809e-03       4.4505e-04
 4.0000e+00       3.1500e+00       1.2947e+00       1.7184e-03       5.6395e-03      -4.2573e-03       4.4292e-04
 4.0000e+00       3.1500e+00       1.3068e+00       1.7112e-03       5.5566e-03      -4.2327e-03       4.4039e-04
 4.0000e+00       3.1500e+00       1.3189e+00       1.7040e-03       5.4750e-03      -4.2074e-03       4.3748e-04
 4.0000e+00       3.1500e+00       1.3310e+00       1.6966e-03       5.3949e-03      -4.1813e-03       4.3423e-04
 4.0000e+00       3.1500e+00       1.3430e+00       1.6892e-03       5.3161e-03      -4.1546e-03       4.3066e-04
 4.0000e+00       3.1500e+00       1.3551e+00       1.6817e-03       5.2385e-03      -4.1271e-03       4.2677e-04
 4.0000e+00       3.1500e+00       1.3672e+00       1.6740e-03       5.1623e-03      -4.0990e-03       4.2260e-04
 4.0000e+00       3.1500e+00       1.3793e+00       1.6662e-03       5.0873e-03      -4.0704e-03       4.1816e-04
 4.0000e+00       3.1500e+00       1.3913e+00       1.6583e-03       5.0135e-03      -4.0412e-03       4.1347e-04
 4.0000e+00       3.1500e+00       1.4034e+00       1.6503e-03       4.9409e-03      -4.0115e-03       4.0855e-04
 4.0000e+00       3.1500e+00       1.4155e+00       1.6422e-03       4.8694e-03      -3.9812e-03       4.0342e-04
 4.0000e+00       3.1500e+00       1.4276e+00       1.6339e-03       4.7991e-03      -3.9506e-03       3.9809e-04
 4.0000e+00       3.1500e+00       1.4396e+00       1.6255e-03       4.7298e-03      -3.9195e-03       3.9258e-04
 4.0000e+00       3.1500e+00       1.4517e+00       1.6170e-03       4.6617e-03      -3.8880e-03       3.8690e-04
 4.0000e+00       3.1500e+00       1.4638e+00       1.6084e-03       4.5946e-03      -3.8562e-03       3.8107e-04
 4.0000e+00       3.1500e+00       1.4759e+00       1.5996e-03       4.5285e-03      -3.8240e-03       3.7511e-04
 4.0000e+00       3.1500e+00       1.4879e+00       1.5907e-03       4.4634e-03      -3.7915e-03       3.6903e-04
 4.0000e+00       3.1500e+00       1.5000e+00       1.5817e-03       4.3993e-03      -3.7588e-03       3.6283e-04
