5.0000e-01       3.1500e+00       3.7152e-02       7.0015e-02       3.5093e-01       0.0000e+00       0.0000e+00
 5.0000e-01       3.1500e+00       5.1928e-02       6.5602e-02       3.1985e-01       2.9078e-02      -2.0665e-02
 5.0000e-01       3.1500e+00       6.6704e-02       6.0779e-02       2.9342e-01       3.2392e-02      -3.6685e-02
 5.0000e-01       3.1500e+00       8.1480e-02       5.5836e-02       2.7071e-01       3.1185e-02      -4.9054e-02
 5.0000e-01       3.1500e+00       9.6257e-02       5.0962e-02       2.5099e-01       2.8196e-02      -5.8533e-02
 5.0000e-01       3.1500e+00       1.1103e-01       4.6276e-02       2.3371e-01       2.4535e-02      -6.5712e-02
 5.0000e-01       3.1500e+00       1.2581e-01       4.1851e-02       2.1842e-01       2.0732e-02      -7.1049e-02
 5.0000e-01       3.1500e+00       1.4059e-01       3.7725e-02       2.0480e-01       1.7054e-02      -7.4906e-02
 5.0000e-01       3.1500e+00       1.5536e-01       3.3917e-02       1.9257e-01       1.3632e-02      -7.7569e-02
 5.0000e-01       3.1500e+00       1.7014e-01       3.0430e-02       1.8152e-01       1.0523e-02      -7.9268e-02
 5.0000e-01       3.1500e+00       1.8491e-01       2.7258e-02       1.7147e-01       7.7447e-03      -8.0186e-02
 5.0000e-01       3.1500e+00       1.9969e-01       2.4387e-02       1.6227e-01       5.2902e-03      -8.0473e-02
 5.0000e-01       3.1500e+00       2.1447e-01       2.1801e-02       1.5382e-01       3.1411e-03      -8.0247e-02
 5.0000e-01       3.1500e+00       2.2924e-01       1.9481e-02       1.4602e-01       1.2734e-03      -7.9609e-02
 5.0000e-01       3.1500e+00       2.4402e-01       1.7408e-02       1.3878e-01      -3.3961e-04      -7.8639e-02
 5.0000e-01       3.1500e+00       2.5880e-01       1.5563e-02       1.3205e-01      -1.7245e-03      -7.7402e-02
 5.0000e-01       3.1500e+00       2.7357e-01       1.3926e-02       1.2576e-01      -2.9068e-03      -7.5954e-02
 5.0000e-01       3.1500e+00       2.8835e-01       1.2478e-02       1.1986e-01      -3.9104e-03      -7.4340e-02
 5.0000e-01       3.1500e+00       3.0312e-01       1.1203e-02       1.1433e-01      -4.7571e-03      -7.2598e-02
 5.0000e-01       3.1500e+00       3.1790e-01       1.0083e-02       1.0912e-01      -5.4666e-03      -7.0758e-02
 5.0000e-01       3.1500e+00       3.3268e-01       9.1042e-03       1.0420e-01      -6.0566e-03      -6.8846e-02
 5.0000e-01       3.1500e+00       3.4745e-01       8.2515e-03       9.9555e-02      -6.5426e-03      -6.6885e-02
 5.0000e-01       3.1500e+00       3.6223e-01       7.5122e-03       9.5153e-02      -6.9386e-03      -6.4892e-02
 5.0000e-01       3.1500e+00       3.7701e-01       6.8744e-03       9.0978e-02      -7.2566e-03      -6.2882e-02
 5.0000e-01       3.1500e+00       3.9178e-01       6.3272e-03       8.7012e-02      -7.5074e-03      -6.0867e-02
 5.0000e-01       3.1500e+00       4.0656e-01       5.8608e-03       8.3240e-02      -7.7002e-03      -5.8859e-02
 5.0000e-01       3.1500e+00       4.2133e-01       5.4661e-03       7.9650e-02      -7.8433e-03      -5.6865e-02
 5.0000e-01       3.1500e+00       4.3611e-01       5.1350e-03       7.6228e-02      -7.9438e-03      -5.4892e-02
 5.0000e-01       3.1500e+00       4.5089e-01       4.8602e-03       7.2964e-02      -8.0077e-03      -5.2947e-02
 5.0000e-01       3.1500e+00       4.6566e-01       4.6350e-03       6.9848e-02      -8.0405e-03      -5.1034e-02
 5.0000e-01       3.1500e+00       4.8044e-01       4.4533e-03       6.6872e-02      -8.0468e-03      -4.9157e-02
 5.0000e-01       3.1500e+00       4.9522e-01       4.3099e-03       6.4028e-02      -8.0307e-03      -4.7319e-02
 5.0000e-01       3.1500e+00       5.0999e-01       4.1997e-03       6.1308e-02      -7.9956e-03      -4.5523e-02
 5.0000e-01       3.1500e+00       5.2477e-01       4.1186e-03       5.8705e-02      -7.9445e-03      -4.3771e-02
 5.0000e-01       3.1500e+00       5.3954e-01       4.0625e-03       5.6214e-02      -7.8800e-03      -4.2063e-02
 5.0000e-01       3.1500e+00       5.5432e-01       4.0280e-03       5.3830e-02      -7.8045e-03      -4.0401e-02
 5.0000e-01       3.1500e+00       5.6910e-01       4.0120e-03       5.1546e-02      -7.7197e-03      -3.8786e-02
 5.0000e-01       3.1500e+00       5.8387e-01       4.0117e-03       4.9358e-02      -7.6275e-03      -3.7219e-02
 5.0000e-01       3.1500e+00       5.9865e-01       4.0245e-03       4.7261e-02      -7.5291e-03      -3.5698e-02
 5.0000e-01       3.1500e+00       6.1343e-01       4.0483e-03       4.5252e-02      -7.4259e-03      -3.4225e-02
 5.0000e-01       3.1500e+00       6.2820e-01       4.0812e-03       4.3326e-02      -7.3188e-03      -3.2798e-02
 5.0000e-01       3.1500e+00       6.4298e-01       4.1214e-03       4.1480e-02      -7.2088e-03      -3.1418e-02
 5.0000e-01       3.1500e+00       6.5775e-01       4.1673e-03       3.9710e-02      -7.0967e-03      -3.0084e-02
 5.0000e-01       3.1500e+00       6.7253e-01       4.2177e-03       3.8013e-02      -6.9831e-03      -2.8796e-02
 5.0000e-01       3.1500e+00       6.8731e-01       4.2713e-03       3.6387e-02      -6.8685e-03      -2.7552e-02
 5.0000e-01       3.1500e+00       7.0208e-01       4.3271e-03       3.4827e-02      -6.7535e-03      -2.6352e-02
 5.0000e-01       3.1500e+00       7.1686e-01       4.3842e-03       3.3331e-02      -6.6384e-03      -2.5196e-02
 5.0000e-01       3.1500e+00       7.3164e-01       4.4417e-03       3.1897e-02      -6.5235e-03      -2.4081e-02
 5.0000e-01       3.1500e+00       7.4641e-01       4.4992e-03       3.0523e-02      -6.4092e-03      -2.3008e-02
 5.0000e-01       3.1500e+00       7.6119e-01       4.5558e-03       2.9205e-02      -6.2957e-03      -2.1975e-02
 5.0000e-01       3.1500e+00       7.7596e-01       4.6112e-03       2.7941e-02      -6.1831e-03      -2.0981e-02
 5.0000e-01       3.1500e+00       7.9074e-01       4.6649e-03       2.6730e-02      -6.0716e-03      -2.0026e-02
 5.0000e-01       3.1500e+00       8.0552e-01       4.7165e-03       2.5570e-02      -5.9614e-03      -1.9108e-02
 5.0000e-01       3.1500e+00       8.2029e-01       4.7657e-03       2.4457e-02      -5.8526e-03      -1.8226e-02
 5.0000e-01       3.1500e+00       8.3507e-01       4.8124e-03       2.3392e-02      -5.7453e-03      -1.7380e-02
 5.0000e-01       3.1500e+00       8.4985e-01       4.8563e-03       2.2370e-02      -5.6394e-03      -1.6568e-02
 5.0000e-01       3.1500e+00       8.6462e-01       4.8972e-03       2.1392e-02      -5.5351e-03      -1.5788e-02
 5.0000e-01       3.1500e+00       8.7940e-01       4.9351e-03       2.0455e-02      -5.4325e-03      -1.5041e-02
 5.0000e-01       3.1500e+00       8.9417e-01       4.9698e-03       1.9558e-02      -5.3314e-03      -1.4326e-02
 5.0000e-01       3.1500e+00       9.0895e-01       5.0013e-03       1.8698e-02      -5.2321e-03      -1.3640e-02
 5.0000e-01       3.1500e+00       9.2373e-01       5.0295e-03       1.7875e-02      -5.1344e-03      -1.2984e-02
 5.0000e-01       3.1500e+00       9.3850e-01       5.0545e-03       1.7088e-02      -5.0383e-03      -1.2355e-02
 5.0000e-01       3.1500e+00       9.5328e-01       5.0762e-03       1.6334e-02      -4.9440e-03      -1.1754e-02
 5.0000e-01       3.1500e+00       9.6806e-01       5.0947e-03       1.5613e-02      -4.8513e-03      -1.1180e-02
 5.0000e-01       3.1500e+00       9.8283e-01       5.1101e-03       1.4922e-02      -4.7603e-03      -1.0630e-02
 5.0000e-01       3.1500e+00       9.9761e-01       5.1223e-03       1.4262e-02      -4.6709e-03      -1.0106e-02
 5.0000e-01       3.1500e+00       1.0124e+00       5.1314e-03       1.3631e-02      -4.5831e-03      -9.6044e-03
 5.0000e-01       3.1500e+00       1.0272e+00       5.1376e-03       1.3027e-02      -4.4970e-03      -9.1260e-03
 5.0000e-01       3.1500e+00       1.0419e+00       5.1408e-03       1.2450e-02      -4.4125e-03      -8.6694e-03
 5.0000e-01       3.1500e+00       1.0567e+00       5.1412e-03       1.1898e-02      -4.3295e-03      -8.2340e-03
 5.0000e-01       3.1500e+00       1.0715e+00       5.1389e-03       1.1371e-02      -4.2481e-03      -7.8188e-03
 5.0000e-01       3.1500e+00       1.0863e+00       5.1339e-03       1.0867e-02      -4.1682e-03      -7.4231e-03
 5.0000e-01       3.1500e+00       1.1010e+00       5.1263e-03       1.0386e-02      -4.0898e-03      -7.0462e-03
 5.0000e-01       3.1500e+00       1.1158e+00       5.1163e-03       9.9259e-03      -4.0130e-03      -6.6872e-03
 5.0000e-01       3.1500e+00       1.1306e+00       5.1039e-03       9.4869e-03      -3.9376e-03      -6.3456e-03
 5.0000e-01       3.1500e+00       1.1454e+00       5.0893e-03       9.0678e-03      -3.8636e-03      -6.0205e-03
 5.0000e-01       3.1500e+00       1.1601e+00       5.0725e-03       8.6678e-03      -3.7910e-03      -5.7113e-03
 5.0000e-01       3.1500e+00       1.1749e+00       5.0537e-03       8.2860e-03      -3.7199e-03      -5.4174e-03
 5.0000e-01       3.1500e+00       1.1897e+00       5.0329e-03       7.9216e-03      -3.6501e-03      -5.1380e-03
 5.0000e-01       3.1500e+00       1.2045e+00       5.0102e-03       7.5741e-03      -3.5817e-03      -4.8727e-03
 5.0000e-01       3.1500e+00       1.2193e+00       4.9858e-03       7.2426e-03      -3.5146e-03      -4.6207e-03
 5.0000e-01       3.1500e+00       1.2340e+00       4.9597e-03       6.9264e-03      -3.4488e-03      -4.3816e-03
 5.0000e-01       3.1500e+00       1.2488e+00       4.9320e-03       6.6249e-03      -3.3843e-03      -4.1547e-03
 5.0000e-01       3.1500e+00       1.2636e+00       4.9028e-03       6.3375e-03      -3.3211e-03      -3.9395e-03
 5.0000e-01       3.1500e+00       1.2784e+00       4.8722e-03       6.0636e-03      -3.2591e-03      -3.7355e-03
 5.0000e-01       3.1500e+00       1.2931e+00       4.8403e-03       5.8025e-03      -3.1983e-03      -3.5422e-03
 5.0000e-01       3.1500e+00       1.3079e+00       4.8072e-03       5.5538e-03      -3.1387e-03      -3.3591e-03
 5.0000e-01       3.1500e+00       1.3227e+00       4.7729e-03       5.3168e-03      -3.0803e-03      -3.1857e-03
 5.0000e-01       3.1500e+00       1.3375e+00       4.7376e-03       5.0910e-03      -3.0231e-03      -3.0215e-03
 5.0000e-01       3.1500e+00       1.3522e+00       4.7012e-03       4.8759e-03      -2.9670e-03      -2.8662e-03
 5.0000e-01       3.1500e+00       1.3670e+00       4.6639e-03       4.6712e-03      -2.9120e-03      -2.7194e-03
 5.0000e-01       3.1500e+00       1.3818e+00       4.6258e-03       4.4761e-03      -2.8581e-03      -2.5805e-03
 5.0000e-01       3.1500e+00       1.3966e+00       4.5868e-03       4.2905e-03      -2.8052e-03      -2.4493e-03
 5.0000e-01       3.1500e+00       1.4113e+00       4.5472e-03       4.1137e-03      -2.7534e-03      -2.3253e-03
 5.0000e-01       3.1500e+00       1.4261e+00       4.5068e-03       3.9454e-03      -2.7027e-03      -2.2082e-03
 5.0000e-01       3.1500e+00       1.4409e+00       4.4659e-03       3.7852e-03      -2.6529e-03      -2.0976e-03
 5.0000e-01       3.1500e+00       1.4557e+00       4.4244e-03       3.6328e-03      -2.6042e-03      -1.9932e-03
 5.0000e-01       3.1500e+00       1.4704e+00       4.3825e-03       3.4876e-03      -2.5564e-03      -1.8948e-03
 5.0000e-01       3.1500e+00       1.4852e+00       4.3401e-03       3.3495e-03      -2.5096e-03      -1.8019e-03
 5.0000e-01       3.1500e+00       1.5000e+00       4.2973e-03       3.2180e-03      -2.4637e-03      -1.7143e-03
