5.0000e-01       3.1500e+00       5.2827e-02       2.3471e-02       2.7841e-02       0.0000e+00       0.0000e+00
 5.0000e-01       3.1500e+00       6.7445e-02       2.2138e-02       4.6028e-02       1.0978e-03      -2.2663e-02
 5.0000e-01       3.1500e+00       8.2063e-02       2.0803e-02       6.1788e-02       9.2820e-04      -4.1983e-02
 5.0000e-01       3.1500e+00       9.6681e-02       1.9497e-02       7.5368e-02       5.4195e-04      -5.8408e-02
 5.0000e-01       3.1500e+00       1.1130e-01       1.8237e-02       8.6997e-02       9.1912e-05      -7.2322e-02
 5.0000e-01       3.1500e+00       1.2592e-01       1.7035e-02       9.6885e-02      -3.5991e-04      -8.4054e-02
 5.0000e-01       3.1500e+00       1.4053e-01       1.5899e-02       1.0522e-01      -7.8520e-04      -9.3885e-02
 5.0000e-01       3.1500e+00       1.5515e-01       1.4830e-02       1.1218e-01      -1.1713e-03      -1.0206e-01
 5.0000e-01       3.1500e+00       1.6977e-01       1.3828e-02       1.1792e-01      -1.5137e-03      -1.0879e-01
 5.0000e-01       3.1500e+00       1.8439e-01       1.2893e-02       1.2257e-01      -1.8120e-03      -1.1426e-01
 5.0000e-01       3.1500e+00       1.9901e-01       1.2023e-02       1.2627e-01      -2.0682e-03      -1.1863e-01
 5.0000e-01       3.1500e+00       2.1362e-01       1.1213e-02       1.2912e-01      -2.2852e-03      -1.2203e-01
 5.0000e-01       3.1500e+00       2.2824e-01       1.0462e-02       1.3122e-01      -2.4666e-03      -1.2460e-01
 5.0000e-01       3.1500e+00       2.4286e-01       9.7654e-03       1.3267e-01      -2.6159e-03      -1.2644e-01
 5.0000e-01       3.1500e+00       2.5748e-01       9.1197e-03       1.3354e-01      -2.7367e-03      -1.2764e-01
 5.0000e-01       3.1500e+00       2.7210e-01       8.5214e-03       1.3391e-01      -2.8323e-03      -1.2828e-01
 5.0000e-01       3.1500e+00       2.8671e-01       7.9673e-03       1.3384e-01      -2.9056e-03      -1.2844e-01
 5.0000e-01       3.1500e+00       3.0133e-01       7.4541e-03       1.3338e-01      -2.9596e-03      -1.2819e-01
 5.0000e-01       3.1500e+00       3.1595e-01       6.9787e-03       1.3258e-01      -2.9966e-03      -1.2757e-01
 5.0000e-01       3.1500e+00       3.3057e-01       6.5383e-03       1.3150e-01      -3.0188e-03      -1.2664e-01
 5.0000e-01       3.1500e+00       3.4519e-01       6.1301e-03       1.3016e-01      -3.0283e-03      -1.2544e-01
 5.0000e-01       3.1500e+00       3.5980e-01       5.7517e-03       1.2861e-01      -3.0267e-03      -1.2401e-01
 5.0000e-01       3.1500e+00       3.7442e-01       5.4008e-03       1.2687e-01      -3.0156e-03      -1.2239e-01
 5.0000e-01       3.1500e+00       3.8904e-01       5.0751e-03       1.2498e-01      -2.9963e-03      -1.2060e-01
 5.0000e-01       3.1500e+00       4.0366e-01       4.7727e-03       1.2295e-01      -2.9700e-03      -1.1867e-01
 5.0000e-01       3.1500e+00       4.1827e-01       4.4918e-03       1.2081e-01      -2.9378e-03      -1.1662e-01
 5.0000e-01       3.1500e+00       4.3289e-01       4.2306e-03       1.1859e-01      -2.9005e-03      -1.1448e-01
 5.0000e-01       3.1500e+00       4.4751e-01       3.9877e-03       1.1629e-01      -2.8590e-03      -1.1226e-01
 5.0000e-01       3.1500e+00       4.6213e-01       3.7615e-03       1.1393e-01      -2.8139e-03      -1.0998e-01
 5.0000e-01       3.1500e+00       4.7675e-01       3.5508e-03       1.1153e-01      -2.7659e-03      -1.0766e-01
 5.0000e-01       3.1500e+00       4.9136e-01       3.3544e-03       1.0909e-01      -2.7155e-03      -1.0530e-01
 5.0000e-01       3.1500e+00       5.0598e-01       3.1711e-03       1.0663e-01      -2.6631e-03      -1.0291e-01
 5.0000e-01       3.1500e+00       5.2060e-01       3.0000e-03       1.0416e-01      -2.6092e-03      -1.0051e-01
 5.0000e-01       3.1500e+00       5.3522e-01       2.8401e-03       1.0169e-01      -2.5541e-03      -9.8110e-02
 5.0000e-01       3.1500e+00       5.4984e-01       2.6905e-03       9.9217e-02      -2.4981e-03      -9.5708e-02
 5.0000e-01       3.1500e+00       5.6445e-01       2.5505e-03       9.6753e-02      -2.4415e-03      -9.3314e-02
 5.0000e-01       3.1500e+00       5.7907e-01       2.4193e-03       9.4305e-02      -2.3845e-03      -9.0934e-02
 5.0000e-01       3.1500e+00       5.9369e-01       2.2964e-03       9.1875e-02      -2.3274e-03      -8.8573e-02
 5.0000e-01       3.1500e+00       6.0831e-01       2.1810e-03       8.9469e-02      -2.2703e-03      -8.6236e-02
 5.0000e-01       3.1500e+00       6.2293e-01       2.0726e-03       8.7091e-02      -2.2133e-03      -8.3924e-02
 5.0000e-01       3.1500e+00       6.3754e-01       1.9708e-03       8.4742e-02      -2.1566e-03      -8.1643e-02
 5.0000e-01       3.1500e+00       6.5216e-01       1.8750e-03       8.2426e-02      -2.1004e-03      -7.9394e-02
 5.0000e-01       3.1500e+00       6.6678e-01       1.7847e-03       8.0146e-02      -2.0446e-03      -7.7180e-02
 5.0000e-01       3.1500e+00       6.8140e-01       1.6997e-03       7.7902e-02      -1.9895e-03      -7.5002e-02
 5.0000e-01       3.1500e+00       6.9602e-01       1.6196e-03       7.5697e-02      -1.9350e-03      -7.2863e-02
 5.0000e-01       3.1500e+00       7.1063e-01       1.5439e-03       7.3533e-02      -1.8813e-03      -7.0764e-02
 5.0000e-01       3.1500e+00       7.2525e-01       1.4725e-03       7.1409e-02      -1.8283e-03      -6.8705e-02
 5.0000e-01       3.1500e+00       7.3987e-01       1.4049e-03       6.9328e-02      -1.7762e-03      -6.6687e-02
 5.0000e-01       3.1500e+00       7.5449e-01       1.3411e-03       6.7289e-02      -1.7249e-03      -6.4712e-02
 5.0000e-01       3.1500e+00       7.6910e-01       1.2806e-03       6.5293e-02      -1.6746e-03      -6.2779e-02
 5.0000e-01       3.1500e+00       7.8372e-01       1.2233e-03       6.3340e-02      -1.6252e-03      -6.0888e-02
 5.0000e-01       3.1500e+00       7.9834e-01       1.1689e-03       6.1432e-02      -1.5767e-03      -5.9041e-02
 5.0000e-01       3.1500e+00       8.1296e-01       1.1174e-03       5.9566e-02      -1.5292e-03      -5.7237e-02
 5.0000e-01       3.1500e+00       8.2758e-01       1.0684e-03       5.7745e-02      -1.4826e-03      -5.5475e-02
 5.0000e-01       3.1500e+00       8.4219e-01       1.0220e-03       5.5967e-02      -1.4371e-03      -5.3756e-02
 5.0000e-01       3.1500e+00       8.5681e-01       9.7775e-04       5.4232e-02      -1.3925e-03      -5.2080e-02
 5.0000e-01       3.1500e+00       8.7143e-01       9.3571e-04       5.2540e-02      -1.3489e-03      -5.0445e-02
 5.0000e-01       3.1500e+00       8.8605e-01       8.9568e-04       5.0890e-02      -1.3063e-03      -4.8853e-02
 5.0000e-01       3.1500e+00       9.0067e-01       8.5757e-04       4.9283e-02      -1.2647e-03      -4.7301e-02
 5.0000e-01       3.1500e+00       9.1528e-01       8.2125e-04       4.7717e-02      -1.2241e-03      -4.5790e-02
 5.0000e-01       3.1500e+00       9.2990e-01       7.8662e-04       4.6192e-02      -1.1844e-03      -4.4319e-02
 5.0000e-01       3.1500e+00       9.4452e-01       7.5358e-04       4.4708e-02      -1.1457e-03      -4.2888e-02
 5.0000e-01       3.1500e+00       9.5914e-01       7.2205e-04       4.3264e-02      -1.1080e-03      -4.1496e-02
 5.0000e-01       3.1500e+00       9.7376e-01       6.9194e-04       4.1858e-02      -1.0713e-03      -4.0142e-02
 5.0000e-01       3.1500e+00       9.8837e-01       6.6318e-04       4.0492e-02      -1.0354e-03      -3.8826e-02
 5.0000e-01       3.1500e+00       1.0030e+00       6.3569e-04       3.9163e-02      -1.0006e-03      -3.7547e-02
 5.0000e-01       3.1500e+00       1.0176e+00       6.0940e-04       3.7872e-02      -9.6658e-04      -3.6304e-02
 5.0000e-01       3.1500e+00       1.0322e+00       5.8426e-04       3.6617e-02      -9.3352e-04      -3.5097e-02
 5.0000e-01       3.1500e+00       1.0468e+00       5.6021e-04       3.5398e-02      -9.0135e-04      -3.3924e-02
 5.0000e-01       3.1500e+00       1.0615e+00       5.3718e-04       3.4214e-02      -8.7006e-04      -3.2786e-02
 5.0000e-01       3.1500e+00       1.0761e+00       5.1513e-04       3.3065e-02      -8.3963e-04      -3.1681e-02
 5.0000e-01       3.1500e+00       1.0907e+00       4.9401e-04       3.1949e-02      -8.1005e-04      -3.0609e-02
 5.0000e-01       3.1500e+00       1.1053e+00       4.7378e-04       3.0866e-02      -7.8131e-04      -2.9568e-02
 5.0000e-01       3.1500e+00       1.1199e+00       4.5439e-04       2.9815e-02      -7.5339e-04      -2.8559e-02
 5.0000e-01       3.1500e+00       1.1346e+00       4.3580e-04       2.8796e-02      -7.2628e-04      -2.7581e-02
 5.0000e-01       3.1500e+00       1.1492e+00       4.1797e-04       2.7808e-02      -6.9996e-04      -2.6632e-02
 5.0000e-01       3.1500e+00       1.1638e+00       4.0088e-04       2.6850e-02      -6.7441e-04      -2.5712e-02
 5.0000e-01       3.1500e+00       1.1784e+00       3.8449e-04       2.5920e-02      -6.4962e-04      -2.4821e-02
 5.0000e-01       3.1500e+00       1.1930e+00       3.6876e-04       2.5020e-02      -6.2557e-04      -2.3958e-02
 5.0000e-01       3.1500e+00       1.2076e+00       3.5366e-04       2.4148e-02      -6.0225e-04      -2.3121e-02
 5.0000e-01       3.1500e+00       1.2223e+00       3.3918e-04       2.3302e-02      -5.7965e-04      -2.2311e-02
 5.0000e-01       3.1500e+00       1.2369e+00       3.2528e-04       2.2484e-02      -5.5774e-04      -2.1526e-02
 5.0000e-01       3.1500e+00       1.2515e+00       3.1193e-04       2.1691e-02      -5.3652e-04      -2.0767e-02
 5.0000e-01       3.1500e+00       1.2661e+00       2.9912e-04       2.0923e-02      -5.1596e-04      -2.0031e-02
 5.0000e-01       3.1500e+00       1.2807e+00       2.8682e-04       2.0180e-02      -4.9605e-04      -1.9320e-02
 5.0000e-01       3.1500e+00       1.2953e+00       2.7500e-04       1.9461e-02      -4.7678e-04      -1.8631e-02
 5.0000e-01       3.1500e+00       1.3100e+00       2.6366e-04       1.8765e-02      -4.5813e-04      -1.7965e-02
 5.0000e-01       3.1500e+00       1.3246e+00       2.5277e-04       1.8091e-02      -4.4009e-04      -1.7321e-02
 5.0000e-01       3.1500e+00       1.3392e+00       2.4231e-04       1.7440e-02      -4.2263e-04      -1.6698e-02
 5.0000e-01       3.1500e+00       1.3538e+00       2.3227e-04       1.6810e-02      -4.0576e-04      -1.6095e-02
 5.0000e-01       3.1500e+00       1.3684e+00       2.2262e-04       1.6201e-02      -3.8944e-04      -1.5513e-02
 5.0000e-01       3.1500e+00       1.3831e+00       2.1336e-04       1.5612e-02      -3.7368e-04      -1.4950e-02
 5.0000e-01       3.1500e+00       1.3977e+00       2.0446e-04       1.5043e-02      -3.5845e-04      -1.4406e-02
 5.0000e-01       3.1500e+00       1.4123e+00       1.9592e-04       1.4493e-02      -3.4373e-04      -1.3880e-02
 5.0000e-01       3.1500e+00       1.4269e+00       1.8771e-04       1.3962e-02      -3.2953e-04      -1.3372e-02
 5.0000e-01       3.1500e+00       1.4415e+00       1.7983e-04       1.3448e-02      -3.1582e-04      -1.2881e-02
 5.0000e-01       3.1500e+00       1.4561e+00       1.7227e-04       1.2953e-02      -3.0258e-04      -1.2408e-02
 5.0000e-01       3.1500e+00       1.4708e+00       1.6500e-04       1.2474e-02      -2.8982e-04      -1.1950e-02
 5.0000e-01       3.1500e+00       1.4854e+00       1.5803e-04       1.2011e-02      -2.7751e-04      -1.1509e-02
 5.0000e-01       3.1500e+00       1.5000e+00       1.5133e-04       1.1565e-02      -2.6564e-04      -1.1082e-02
