 2.5000e+00       3.1500e+00       1.7590e-01       3.8981e-02       7.4552e-02       0.0000e+00       0.0000e+00
 2.5000e+00       3.1500e+00       1.8927e-01       3.6047e-02       7.1133e-02       4.8209e-03      -1.2887e-03
 2.5000e+00       3.1500e+00       2.0264e-01       3.3326e-02       6.7958e-02       5.9760e-03      -2.3741e-03
 2.5000e+00       3.1500e+00       2.1602e-01       3.0807e-02       6.5001e-02       6.4016e-03      -3.2836e-03
 2.5000e+00       3.1500e+00       2.2939e-01       2.8478e-02       6.2239e-02       6.4469e-03      -4.0403e-03
 2.5000e+00       3.1500e+00       2.4277e-01       2.6329e-02       5.9655e-02       6.2630e-03      -4.6645e-03
 2.5000e+00       3.1500e+00       2.5614e-01       2.4347e-02       5.7231e-02       5.9332e-03      -5.1736e-03
 2.5000e+00       3.1500e+00       2.6952e-01       2.2521e-02       5.4952e-02       5.5089e-03      -5.5825e-03
 2.5000e+00       3.1500e+00       2.8289e-01       2.0842e-02       5.2807e-02       5.0241e-03      -5.9043e-03
 2.5000e+00       3.1500e+00       2.9627e-01       1.9297e-02       5.0783e-02       4.5018e-03      -6.1504e-03
 2.5000e+00       3.1500e+00       3.0964e-01       1.7879e-02       4.8871e-02       3.9587e-03      -6.3309e-03
 2.5000e+00       3.1500e+00       3.2302e-01       1.6576e-02       4.7062e-02       3.4063e-03      -6.4542e-03
 2.5000e+00       3.1500e+00       3.3639e-01       1.5381e-02       4.5347e-02       2.8533e-03      -6.5281e-03
 2.5000e+00       3.1500e+00       3.4977e-01       1.4286e-02       4.3721e-02       2.3058e-03      -6.5593e-03
 2.5000e+00       3.1500e+00       3.6314e-01       1.3282e-02       4.2175e-02       1.7683e-03      -6.5536e-03
 2.5000e+00       3.1500e+00       3.7652e-01       1.2363e-02       4.0706e-02       1.2440e-03      -6.5161e-03
 2.5000e+00       3.1500e+00       3.8989e-01       1.1522e-02       3.9306e-02       7.3529e-04      -6.4515e-03
 2.5000e+00       3.1500e+00       4.0327e-01       1.0753e-02       3.7973e-02       2.4375e-04      -6.3636e-03
 2.5000e+00       3.1500e+00       4.1664e-01       1.0050e-02       3.6701e-02      -2.2957e-04      -6.2562e-03
 2.5000e+00       3.1500e+00       4.3002e-01       9.4076e-03       3.5486e-02      -6.8400e-04      -6.1322e-03
 2.5000e+00       3.1500e+00       4.4339e-01       8.8216e-03       3.4325e-02      -1.1192e-03      -5.9944e-03
 2.5000e+00       3.1500e+00       4.5677e-01       8.2872e-03       3.3215e-02      -1.5351e-03      -5.8453e-03
 2.5000e+00       3.1500e+00       4.7014e-01       7.8000e-03       3.2153e-02      -1.9317e-03      -5.6869e-03
 2.5000e+00       3.1500e+00       4.8352e-01       7.3563e-03       3.1135e-02      -2.3092e-03      -5.5213e-03
 2.5000e+00       3.1500e+00       4.9689e-01       6.9525e-03       3.0160e-02      -2.6681e-03      -5.3499e-03
 2.5000e+00       3.1500e+00       5.1027e-01       6.5853e-03       2.9225e-02      -3.0085e-03      -5.1744e-03
 2.5000e+00       3.1500e+00       5.2364e-01       6.2516e-03       2.8328e-02      -3.3311e-03      -4.9960e-03
 2.5000e+00       3.1500e+00       5.3701e-01       5.9487e-03       2.7467e-02      -3.6363e-03      -4.8157e-03
 2.5000e+00       3.1500e+00       5.5039e-01       5.6740e-03       2.6640e-02      -3.9246e-03      -4.6347e-03
 2.5000e+00       3.1500e+00       5.6376e-01       5.4251e-03       2.5845e-02      -4.1966e-03      -4.4538e-03
 2.5000e+00       3.1500e+00       5.7714e-01       5.1998e-03       2.5081e-02      -4.4528e-03      -4.2736e-03
 2.5000e+00       3.1500e+00       5.9051e-01       4.9961e-03       2.4345e-02      -4.6937e-03      -4.0950e-03
 2.5000e+00       3.1500e+00       6.0389e-01       4.8121e-03       2.3638e-02      -4.9200e-03      -3.9184e-03
 2.5000e+00       3.1500e+00       6.1726e-01       4.6460e-03       2.2957e-02      -5.1321e-03      -3.7443e-03
 2.5000e+00       3.1500e+00       6.3064e-01       4.4964e-03       2.2301e-02      -5.3307e-03      -3.5731e-03
 2.5000e+00       3.1500e+00       6.4401e-01       4.3618e-03       2.1669e-02      -5.5161e-03      -3.4053e-03
 2.5000e+00       3.1500e+00       6.5739e-01       4.2408e-03       2.1060e-02      -5.6890e-03      -3.2411e-03
 2.5000e+00       3.1500e+00       6.7076e-01       4.1322e-03       2.0473e-02      -5.8499e-03      -3.0807e-03
 2.5000e+00       3.1500e+00       6.8414e-01       4.0349e-03       1.9907e-02      -5.9993e-03      -2.9243e-03
 2.5000e+00       3.1500e+00       6.9751e-01       3.9478e-03       1.9361e-02      -6.1376e-03      -2.7722e-03
 2.5000e+00       3.1500e+00       7.1089e-01       3.8700e-03       1.8834e-02      -6.2653e-03      -2.6244e-03
 2.5000e+00       3.1500e+00       7.2426e-01       3.8005e-03       1.8325e-02      -6.3828e-03      -2.4810e-03
 2.5000e+00       3.1500e+00       7.3764e-01       3.7387e-03       1.7834e-02      -6.4906e-03      -2.3421e-03
 2.5000e+00       3.1500e+00       7.5101e-01       3.6837e-03       1.7360e-02      -6.5892e-03      -2.2078e-03
 2.5000e+00       3.1500e+00       7.6439e-01       3.6348e-03       1.6901e-02      -6.6789e-03      -2.0781e-03
 2.5000e+00       3.1500e+00       7.7776e-01       3.5915e-03       1.6459e-02      -6.7601e-03      -1.9530e-03
 2.5000e+00       3.1500e+00       7.9114e-01       3.5532e-03       1.6031e-02      -6.8332e-03      -1.8324e-03
 2.5000e+00       3.1500e+00       8.0451e-01       3.5193e-03       1.5617e-02      -6.8986e-03      -1.7163e-03
 2.5000e+00       3.1500e+00       8.1789e-01       3.4894e-03       1.5217e-02      -6.9566e-03      -1.6047e-03
 2.5000e+00       3.1500e+00       8.3126e-01       3.4630e-03       1.4830e-02      -7.0076e-03      -1.4976e-03
 2.5000e+00       3.1500e+00       8.4464e-01       3.4398e-03       1.4455e-02      -7.0519e-03      -1.3948e-03
 2.5000e+00       3.1500e+00       8.5801e-01       3.4193e-03       1.4093e-02      -7.0897e-03      -1.2964e-03
 2.5000e+00       3.1500e+00       8.7138e-01       3.4012e-03       1.3743e-02      -7.1215e-03      -1.2022e-03
 2.5000e+00       3.1500e+00       8.8476e-01       3.3852e-03       1.3403e-02      -7.1475e-03      -1.1121e-03
 2.5000e+00       3.1500e+00       8.9813e-01       3.3711e-03       1.3074e-02      -7.1680e-03      -1.0260e-03
 2.5000e+00       3.1500e+00       9.1151e-01       3.3586e-03       1.2756e-02      -7.1832e-03      -9.4392e-04
 2.5000e+00       3.1500e+00       9.2488e-01       3.3474e-03       1.2448e-02      -7.1934e-03      -8.6567e-04
 2.5000e+00       3.1500e+00       9.3826e-01       3.3373e-03       1.2149e-02      -7.1989e-03      -7.9118e-04
 2.5000e+00       3.1500e+00       9.5163e-01       3.3283e-03       1.1860e-02      -7.1999e-03      -7.2034e-04
 2.5000e+00       3.1500e+00       9.6501e-01       3.3200e-03       1.1579e-02      -7.1966e-03      -6.5303e-04
 2.5000e+00       3.1500e+00       9.7838e-01       3.3123e-03       1.1307e-02      -7.1893e-03      -5.8917e-04
 2.5000e+00       3.1500e+00       9.9176e-01       3.3051e-03       1.1043e-02      -7.1781e-03      -5.2863e-04
 2.5000e+00       3.1500e+00       1.0051e+00       3.2983e-03       1.0787e-02      -7.1633e-03      -4.7131e-04
 2.5000e+00       3.1500e+00       1.0185e+00       3.2917e-03       1.0539e-02      -7.1450e-03      -4.1711e-04
 2.5000e+00       3.1500e+00       1.0319e+00       3.2853e-03       1.0298e-02      -7.1235e-03      -3.6591e-04
 2.5000e+00       3.1500e+00       1.0453e+00       3.2789e-03       1.0065e-02      -7.0989e-03      -3.1762e-04
 2.5000e+00       3.1500e+00       1.0586e+00       3.2725e-03       9.8378e-03      -7.0714e-03      -2.7212e-04
 2.5000e+00       3.1500e+00       1.0720e+00       3.2660e-03       9.6176e-03      -7.0412e-03      -2.2931e-04
 2.5000e+00       3.1500e+00       1.0854e+00       3.2594e-03       9.4038e-03      -7.0084e-03      -1.8910e-04
 2.5000e+00       3.1500e+00       1.0988e+00       3.2525e-03       9.1961e-03      -6.9731e-03      -1.5137e-04
 2.5000e+00       3.1500e+00       1.1121e+00       3.2454e-03       8.9943e-03      -6.9356e-03      -1.1604e-04
 2.5000e+00       3.1500e+00       1.1255e+00       3.2379e-03       8.7983e-03      -6.8959e-03      -8.3000e-05
 2.5000e+00       3.1500e+00       1.1389e+00       3.2301e-03       8.6078e-03      -6.8542e-03      -5.2160e-05
 2.5000e+00       3.1500e+00       1.1523e+00       3.2220e-03       8.4227e-03      -6.8106e-03      -2.3426e-05
 2.5000e+00       3.1500e+00       1.1656e+00       3.2134e-03       8.2426e-03      -6.7652e-03       3.2934e-06
 2.5000e+00       3.1500e+00       1.1790e+00       3.2044e-03       8.0676e-03      -6.7182e-03       2.8086e-05
 2.5000e+00       3.1500e+00       1.1924e+00       3.1949e-03       7.8973e-03      -6.6697e-03       5.1039e-05
 2.5000e+00       3.1500e+00       1.2058e+00       3.1850e-03       7.7317e-03      -6.6197e-03       7.2235e-05
 2.5000e+00       3.1500e+00       1.2191e+00       3.1746e-03       7.5705e-03      -6.5684e-03       9.1757e-05
 2.5000e+00       3.1500e+00       1.2325e+00       3.1638e-03       7.4136e-03      -6.5159e-03       1.0968e-04
 2.5000e+00       3.1500e+00       1.2459e+00       3.1524e-03       7.2609e-03      -6.4622e-03       1.2609e-04
 2.5000e+00       3.1500e+00       1.2593e+00       3.1406e-03       7.1122e-03      -6.4075e-03       1.4106e-04
 2.5000e+00       3.1500e+00       1.2726e+00       3.1283e-03       6.9675e-03      -6.3518e-03       1.5466e-04
 2.5000e+00       3.1500e+00       1.2860e+00       3.1155e-03       6.8264e-03      -6.2952e-03       1.6695e-04
 2.5000e+00       3.1500e+00       1.2994e+00       3.1022e-03       6.6890e-03      -6.2378e-03       1.7801e-04
 2.5000e+00       3.1500e+00       1.3128e+00       3.0884e-03       6.5551e-03      -6.1797e-03       1.8791e-04
 2.5000e+00       3.1500e+00       1.3261e+00       3.0742e-03       6.4246e-03      -6.1209e-03       1.9670e-04
 2.5000e+00       3.1500e+00       1.3395e+00       3.0595e-03       6.2974e-03      -6.0616e-03       2.0445e-04
 2.5000e+00       3.1500e+00       1.3529e+00       3.0444e-03       6.1733e-03      -6.0017e-03       2.1121e-04
 2.5000e+00       3.1500e+00       1.3663e+00       3.0288e-03       6.0523e-03      -5.9413e-03       2.1705e-04
 2.5000e+00       3.1500e+00       1.3796e+00       3.0127e-03       5.9342e-03      -5.8805e-03       2.2201e-04
 2.5000e+00       3.1500e+00       1.3930e+00       2.9963e-03       5.8190e-03      -5.8194e-03       2.2615e-04
 2.5000e+00       3.1500e+00       1.4064e+00       2.9794e-03       5.7066e-03      -5.7579e-03       2.2952e-04
 2.5000e+00       3.1500e+00       1.4198e+00       2.9621e-03       5.5969e-03      -5.6962e-03       2.3217e-04
 2.5000e+00       3.1500e+00       1.4331e+00       2.9445e-03       5.4897e-03      -5.6343e-03       2.3415e-04
 2.5000e+00       3.1500e+00       1.4465e+00       2.9264e-03       5.3851e-03      -5.5723e-03       2.3549e-04
 2.5000e+00       3.1500e+00       1.4599e+00       2.9080e-03       5.2829e-03      -5.5101e-03       2.3624e-04
 2.5000e+00       3.1500e+00       1.4733e+00       2.8893e-03       5.1830e-03      -5.4479e-03       2.3645e-04
 2.5000e+00       3.1500e+00       1.4866e+00       2.8702e-03       5.0854e-03      -5.3856e-03       2.3614e-04
 2.5000e+00       3.1500e+00       1.5000e+00       2.8508e-03       4.9900e-03      -5.3233e-03       2.3537e-04
