 5.5000e+00       3.1500e+00       4.4684e-01       6.3544e-03       1.2091e-02       0.0000e+00       0.0000e+00
 5.5000e+00       3.1500e+00       4.5747e-01       6.0329e-03       1.1866e-02       1.5706e-04      -3.3749e-05
 5.5000e+00       3.1500e+00       4.6811e-01       5.7301e-03       1.1650e-02       1.7227e-04      -6.1953e-05
 5.5000e+00       3.1500e+00       4.7875e-01       5.4449e-03       1.1442e-02       1.5349e-04      -8.5124e-05
 5.5000e+00       3.1500e+00       4.8939e-01       5.1763e-03       1.1241e-02       1.1470e-04      -1.0373e-04
 5.5000e+00       3.1500e+00       5.0003e-01       4.9234e-03       1.1046e-02       6.2385e-05      -1.1821e-04
 5.5000e+00       3.1500e+00       5.1066e-01       4.6852e-03       1.0859e-02       4.0200e-07      -1.2896e-04
 5.5000e+00       3.1500e+00       5.2130e-01       4.4610e-03       1.0677e-02      -6.8665e-05      -1.3634e-04
 5.5000e+00       3.1500e+00       5.3194e-01       4.2499e-03       1.0502e-02      -1.4295e-04      -1.4070e-04
 5.5000e+00       3.1500e+00       5.4258e-01       4.0511e-03       1.0332e-02      -2.2106e-04      -1.4235e-04
 5.5000e+00       3.1500e+00       5.5322e-01       3.8641e-03       1.0167e-02      -3.0188e-04      -1.4156e-04
 5.5000e+00       3.1500e+00       5.6385e-01       3.6880e-03       1.0007e-02      -3.8457e-04      -1.3861e-04
 5.5000e+00       3.1500e+00       5.7449e-01       3.5223e-03       9.8523e-03      -4.6840e-04      -1.3374e-04
 5.5000e+00       3.1500e+00       5.8513e-01       3.3664e-03       9.7019e-03      -5.5281e-04      -1.2717e-04
 5.5000e+00       3.1500e+00       5.9577e-01       3.2197e-03       9.5558e-03      -6.3732e-04      -1.1910e-04
 5.5000e+00       3.1500e+00       6.0641e-01       3.0817e-03       9.4138e-03      -7.2153e-04      -1.0972e-04
 5.5000e+00       3.1500e+00       6.1704e-01       2.9519e-03       9.2757e-03      -8.0513e-04      -9.9215e-05
 5.5000e+00       3.1500e+00       6.2768e-01       2.8298e-03       9.1414e-03      -8.8783e-04      -8.7730e-05
 5.5000e+00       3.1500e+00       6.3832e-01       2.7150e-03       9.0107e-03      -9.6940e-04      -7.5414e-05
 5.5000e+00       3.1500e+00       6.4896e-01       2.6070e-03       8.8833e-03      -1.0497e-03      -6.2400e-05
 5.5000e+00       3.1500e+00       6.5960e-01       2.5055e-03       8.7593e-03      -1.1284e-03      -4.8812e-05
 5.5000e+00       3.1500e+00       6.7023e-01       2.4101e-03       8.6383e-03      -1.2056e-03      -3.4759e-05
 5.5000e+00       3.1500e+00       6.8087e-01       2.3204e-03       8.5203e-03      -1.2811e-03      -2.0343e-05
 5.5000e+00       3.1500e+00       6.9151e-01       2.2362e-03       8.4052e-03      -1.3547e-03      -5.6581e-06
 5.5000e+00       3.1500e+00       7.0215e-01       2.1570e-03       8.2927e-03      -1.4265e-03       9.2120e-06
 5.5000e+00       3.1500e+00       7.1279e-01       2.0826e-03       8.1829e-03      -1.4963e-03       2.4190e-05
 5.5000e+00       3.1500e+00       7.2342e-01       2.0127e-03       8.0756e-03      -1.5641e-03       3.9207e-05
 5.5000e+00       3.1500e+00       7.3406e-01       1.9470e-03       7.9707e-03      -1.6299e-03       5.4200e-05
 5.5000e+00       3.1500e+00       7.4470e-01       1.8854e-03       7.8681e-03      -1.6937e-03       6.9111e-05
 5.5000e+00       3.1500e+00       7.5534e-01       1.8275e-03       7.7678e-03      -1.7554e-03       8.3889e-05
 5.5000e+00       3.1500e+00       7.6598e-01       1.7732e-03       7.6695e-03      -1.8151e-03       9.8488e-05
 5.5000e+00       3.1500e+00       7.7661e-01       1.7222e-03       7.5733e-03      -1.8727e-03       1.1287e-04
 5.5000e+00       3.1500e+00       7.8725e-01       1.6743e-03       7.4791e-03      -1.9282e-03       1.2699e-04
 5.5000e+00       3.1500e+00       7.9789e-01       1.6293e-03       7.3867e-03      -1.9817e-03       1.4082e-04
 5.5000e+00       3.1500e+00       8.0853e-01       1.5872e-03       7.2962e-03      -2.0331e-03       1.5434e-04
 5.5000e+00       3.1500e+00       8.1917e-01       1.5476e-03       7.2074e-03      -2.0825e-03       1.6751e-04
 5.5000e+00       3.1500e+00       8.2980e-01       1.5105e-03       7.1203e-03      -2.1300e-03       1.8031e-04
 5.5000e+00       3.1500e+00       8.4044e-01       1.4757e-03       7.0349e-03      -2.1754e-03       1.9273e-04
 5.5000e+00       3.1500e+00       8.5108e-01       1.4430e-03       6.9510e-03      -2.2189e-03       2.0475e-04
 5.5000e+00       3.1500e+00       8.6172e-01       1.4124e-03       6.8686e-03      -2.2605e-03       2.1635e-04
 5.5000e+00       3.1500e+00       8.7236e-01       1.3836e-03       6.7877e-03      -2.3002e-03       2.2753e-04
 5.5000e+00       3.1500e+00       8.8299e-01       1.3567e-03       6.7082e-03      -2.3380e-03       2.3828e-04
 5.5000e+00       3.1500e+00       8.9363e-01       1.3314e-03       6.6300e-03      -2.3740e-03       2.4858e-04
 5.5000e+00       3.1500e+00       9.0427e-01       1.3077e-03       6.5532e-03      -2.4082e-03       2.5843e-04
 5.5000e+00       3.1500e+00       9.1491e-01       1.2854e-03       6.4777e-03      -2.4407e-03       2.6784e-04
 5.5000e+00       3.1500e+00       9.2555e-01       1.2646e-03       6.4033e-03      -2.4714e-03       2.7679e-04
 5.5000e+00       3.1500e+00       9.3618e-01       1.2450e-03       6.3302e-03      -2.5004e-03       2.8529e-04
 5.5000e+00       3.1500e+00       9.4682e-01       1.2266e-03       6.2582e-03      -2.5278e-03       2.9333e-04
 5.5000e+00       3.1500e+00       9.5746e-01       1.2093e-03       6.1874e-03      -2.5536e-03       3.0092e-04
 5.5000e+00       3.1500e+00       9.6810e-01       1.1931e-03       6.1176e-03      -2.5778e-03       3.0807e-04
 5.5000e+00       3.1500e+00       9.7874e-01       1.1779e-03       6.0489e-03      -2.6005e-03       3.1477e-04
 5.5000e+00       3.1500e+00       9.8937e-01       1.1636e-03       5.9812e-03      -2.6216e-03       3.2103e-04
 5.5000e+00       3.1500e+00       1.0000e+00       1.1501e-03       5.9145e-03      -2.6413e-03       3.2686e-04
 5.5000e+00       3.1500e+00       1.0107e+00       1.1375e-03       5.8487e-03      -2.6596e-03       3.3226e-04
 5.5000e+00       3.1500e+00       1.0213e+00       1.1256e-03       5.7839e-03      -2.6765e-03       3.3723e-04
 5.5000e+00       3.1500e+00       1.0319e+00       1.1143e-03       5.7200e-03      -2.6920e-03       3.4180e-04
 5.5000e+00       3.1500e+00       1.0426e+00       1.1037e-03       5.6569e-03      -2.7061e-03       3.4595e-04
 5.5000e+00       3.1500e+00       1.0532e+00       1.0938e-03       5.5948e-03      -2.7191e-03       3.4971e-04
 5.5000e+00       3.1500e+00       1.0638e+00       1.0843e-03       5.5334e-03      -2.7307e-03       3.5308e-04
 5.5000e+00       3.1500e+00       1.0745e+00       1.0754e-03       5.4729e-03      -2.7411e-03       3.5607e-04
 5.5000e+00       3.1500e+00       1.0851e+00       1.0669e-03       5.4131e-03      -2.7504e-03       3.5869e-04
 5.5000e+00       3.1500e+00       1.0958e+00       1.0589e-03       5.3541e-03      -2.7585e-03       3.6095e-04
 5.5000e+00       3.1500e+00       1.1064e+00       1.0513e-03       5.2959e-03      -2.7655e-03       3.6286e-04
 5.5000e+00       3.1500e+00       1.1170e+00       1.0441e-03       5.2384e-03      -2.7714e-03       3.6442e-04
 5.5000e+00       3.1500e+00       1.1277e+00       1.0372e-03       5.1816e-03      -2.7763e-03       3.6566e-04
 5.5000e+00       3.1500e+00       1.1383e+00       1.0306e-03       5.1255e-03      -2.7801e-03       3.6657e-04
 5.5000e+00       3.1500e+00       1.1489e+00       1.0243e-03       5.0700e-03      -2.7830e-03       3.6717e-04
 5.5000e+00       3.1500e+00       1.1596e+00       1.0183e-03       5.0153e-03      -2.7849e-03       3.6747e-04
 5.5000e+00       3.1500e+00       1.1702e+00       1.0125e-03       4.9611e-03      -2.7859e-03       3.6748e-04
 5.5000e+00       3.1500e+00       1.1809e+00       1.0069e-03       4.9076e-03      -2.7859e-03       3.6720e-04
 5.5000e+00       3.1500e+00       1.1915e+00       1.0016e-03       4.8548e-03      -2.7851e-03       3.6666e-04
 5.5000e+00       3.1500e+00       1.2021e+00       9.9638e-04       4.8025e-03      -2.7835e-03       3.6586e-04
 5.5000e+00       3.1500e+00       1.2128e+00       9.9136e-04       4.7508e-03      -2.7811e-03       3.6480e-04
 5.5000e+00       3.1500e+00       1.2234e+00       9.8648e-04       4.6997e-03      -2.7779e-03       3.6351e-04
 5.5000e+00       3.1500e+00       1.2340e+00       9.8173e-04       4.6491e-03      -2.7739e-03       3.6198e-04
 5.5000e+00       3.1500e+00       1.2447e+00       9.7710e-04       4.5991e-03      -2.7692e-03       3.6024e-04
 5.5000e+00       3.1500e+00       1.2553e+00       9.7257e-04       4.5496e-03      -2.7638e-03       3.5828e-04
 5.5000e+00       3.1500e+00       1.2660e+00       9.6813e-04       4.5007e-03      -2.7577e-03       3.5612e-04
 5.5000e+00       3.1500e+00       1.2766e+00       9.6377e-04       4.4523e-03      -2.7509e-03       3.5377e-04
 5.5000e+00       3.1500e+00       1.2872e+00       9.5948e-04       4.4044e-03      -2.7435e-03       3.5123e-04
 5.5000e+00       3.1500e+00       1.2979e+00       9.5524e-04       4.3570e-03      -2.7356e-03       3.4852e-04
 5.5000e+00       3.1500e+00       1.3085e+00       9.5106e-04       4.3101e-03      -2.7270e-03       3.4565e-04
 5.5000e+00       3.1500e+00       1.3192e+00       9.4691e-04       4.2636e-03      -2.7178e-03       3.4262e-04
 5.5000e+00       3.1500e+00       1.3298e+00       9.4279e-04       4.2177e-03      -2.7082e-03       3.3944e-04
 5.5000e+00       3.1500e+00       1.3404e+00       9.3870e-04       4.1722e-03      -2.6980e-03       3.3612e-04
 5.5000e+00       3.1500e+00       1.3511e+00       9.3462e-04       4.1271e-03      -2.6873e-03       3.3267e-04
 5.5000e+00       3.1500e+00       1.3617e+00       9.3056e-04       4.0825e-03      -2.6761e-03       3.2909e-04
 5.5000e+00       3.1500e+00       1.3723e+00       9.2650e-04       4.0384e-03      -2.6644e-03       3.2540e-04
 5.5000e+00       3.1500e+00       1.3830e+00       9.2244e-04       3.9947e-03      -2.6523e-03       3.2160e-04
 5.5000e+00       3.1500e+00       1.3936e+00       9.1838e-04       3.9514e-03      -2.6398e-03       3.1770e-04
 5.5000e+00       3.1500e+00       1.4043e+00       9.1431e-04       3.9085e-03      -2.6269e-03       3.1371e-04
 5.5000e+00       3.1500e+00       1.4149e+00       9.1022e-04       3.8660e-03      -2.6136e-03       3.0962e-04
 5.5000e+00       3.1500e+00       1.4255e+00       9.0612e-04       3.8240e-03      -2.5999e-03       3.0546e-04
 5.5000e+00       3.1500e+00       1.4362e+00       9.0200e-04       3.7824e-03      -2.5859e-03       3.0123e-04
 5.5000e+00       3.1500e+00       1.4468e+00       8.9785e-04       3.7411e-03      -2.5715e-03       2.9692e-04
 5.5000e+00       3.1500e+00       1.4574e+00       8.9368e-04       3.7002e-03      -2.5569e-03       2.9256e-04
 5.5000e+00       3.1500e+00       1.4681e+00       8.8948e-04       3.6598e-03      -2.5419e-03       2.8814e-04
 5.5000e+00       3.1500e+00       1.4787e+00       8.8525e-04       3.6197e-03      -2.5266e-03       2.8367e-04
 5.5000e+00       3.1500e+00       1.4894e+00       8.8099e-04       3.5800e-03      -2.5110e-03       2.7916e-04
 5.5000e+00       3.1500e+00       1.5000e+00       8.7670e-04       3.5406e-03      -2.4952e-03       2.7461e-04

