9.0000e+00       3.1500e+00       9.9199e-01       2.1048e-04       4.7316e-04       0.0000e+00       0.0000e+00
 9.0000e+00       3.1500e+00       9.9712e-01       2.0690e-04       4.7644e-04      -1.2255e-05      -9.8339e-06
 9.0000e+00       3.1500e+00       1.0023e+00       2.0339e-04       4.7947e-04      -1.7102e-05      -1.9341e-05
 9.0000e+00       3.1500e+00       1.0074e+00       1.9995e-04       4.8224e-04      -2.0667e-05      -2.8530e-05
 9.0000e+00       3.1500e+00       1.0125e+00       1.9658e-04       4.8478e-04      -2.3546e-05      -3.7408e-05
 9.0000e+00       3.1500e+00       1.0176e+00       1.9327e-04       4.8709e-04      -2.5973e-05      -4.5985e-05
 9.0000e+00       3.1500e+00       1.0228e+00       1.9003e-04       4.8918e-04      -2.8069e-05      -5.4267e-05
 9.0000e+00       3.1500e+00       1.0279e+00       1.8685e-04       4.9105e-04      -2.9908e-05      -6.2263e-05
 9.0000e+00       3.1500e+00       1.0330e+00       1.8373e-04       4.9271e-04      -3.1540e-05      -6.9979e-05
 9.0000e+00       3.1500e+00       1.0382e+00       1.8067e-04       4.9417e-04      -3.2998e-05      -7.7424e-05
 9.0000e+00       3.1500e+00       1.0433e+00       1.7767e-04       4.9543e-04      -3.4308e-05      -8.4604e-05
 9.0000e+00       3.1500e+00       1.0484e+00       1.7472e-04       4.9650e-04      -3.5489e-05      -9.1526e-05
 9.0000e+00       3.1500e+00       1.0536e+00       1.7183e-04       4.9739e-04      -3.6558e-05      -9.8197e-05
 9.0000e+00       3.1500e+00       1.0587e+00       1.6900e-04       4.9810e-04      -3.7525e-05      -1.0462e-04
 9.0000e+00       3.1500e+00       1.0638e+00       1.6621e-04       4.9865e-04      -3.8402e-05      -1.1081e-04
 9.0000e+00       3.1500e+00       1.0690e+00       1.6348e-04       4.9902e-04      -3.9197e-05      -1.1677e-04
 9.0000e+00       3.1500e+00       1.0741e+00       1.6081e-04       4.9924e-04      -3.9918e-05      -1.2250e-04
 9.0000e+00       3.1500e+00       1.0792e+00       1.5818e-04       4.9930e-04      -4.0571e-05      -1.2801e-04
 9.0000e+00       3.1500e+00       1.0844e+00       1.5560e-04       4.9922e-04      -4.1161e-05      -1.3331e-04
 9.0000e+00       3.1500e+00       1.0895e+00       1.5307e-04       4.9899e-04      -4.1693e-05      -1.3840e-04
 9.0000e+00       3.1500e+00       1.0946e+00       1.5058e-04       4.9862e-04      -4.2172e-05      -1.4329e-04
 9.0000e+00       3.1500e+00       1.0998e+00       1.4814e-04       4.9812e-04      -4.2601e-05      -1.4798e-04
 9.0000e+00       3.1500e+00       1.1049e+00       1.4575e-04       4.9749e-04      -4.2983e-05      -1.5247e-04
 9.0000e+00       3.1500e+00       1.1100e+00       1.4339e-04       4.9674e-04      -4.3322e-05      -1.5678e-04
 9.0000e+00       3.1500e+00       1.1151e+00       1.4109e-04       4.9586e-04      -4.3620e-05      -1.6091e-04
 9.0000e+00       3.1500e+00       1.1203e+00       1.3882e-04       4.9487e-04      -4.3880e-05      -1.6487e-04
 9.0000e+00       3.1500e+00       1.1254e+00       1.3659e-04       4.9377e-04      -4.4105e-05      -1.6865e-04
 9.0000e+00       3.1500e+00       1.1305e+00       1.3441e-04       4.9257e-04      -4.4296e-05      -1.7226e-04
 9.0000e+00       3.1500e+00       1.1357e+00       1.3226e-04       4.9126e-04      -4.4455e-05      -1.7571e-04
 9.0000e+00       3.1500e+00       1.1408e+00       1.3015e-04       4.8985e-04      -4.4584e-05      -1.7900e-04
 9.0000e+00       3.1500e+00       1.1459e+00       1.2808e-04       4.8834e-04      -4.4685e-05      -1.8214e-04
 9.0000e+00       3.1500e+00       1.1511e+00       1.2605e-04       4.8675e-04      -4.4760e-05      -1.8513e-04
 9.0000e+00       3.1500e+00       1.1562e+00       1.2405e-04       4.8506e-04      -4.4809e-05      -1.8797e-04
 9.0000e+00       3.1500e+00       1.1613e+00       1.2209e-04       4.8330e-04      -4.4835e-05      -1.9067e-04
 9.0000e+00       3.1500e+00       1.1665e+00       1.2017e-04       4.8145e-04      -4.4838e-05      -1.9324e-04
 9.0000e+00       3.1500e+00       1.1716e+00       1.1827e-04       4.7952e-04      -4.4820e-05      -1.9567e-04
 9.0000e+00       3.1500e+00       1.1767e+00       1.1641e-04       4.7752e-04      -4.4782e-05      -1.9796e-04
 9.0000e+00       3.1500e+00       1.1819e+00       1.1458e-04       4.7545e-04      -4.4725e-05      -2.0014e-04
 9.0000e+00       3.1500e+00       1.1870e+00       1.1279e-04       4.7331e-04      -4.4649e-05      -2.0219e-04
 9.0000e+00       3.1500e+00       1.1921e+00       1.1103e-04       4.7110e-04      -4.4557e-05      -2.0412e-04
 9.0000e+00       3.1500e+00       1.1972e+00       1.0929e-04       4.6884e-04      -4.4448e-05      -2.0593e-04
 9.0000e+00       3.1500e+00       1.2024e+00       1.0759e-04       4.6651e-04      -4.4323e-05      -2.0764e-04
 9.0000e+00       3.1500e+00       1.2075e+00       1.0591e-04       4.6413e-04      -4.4184e-05      -2.0923e-04
 9.0000e+00       3.1500e+00       1.2126e+00       1.0427e-04       4.6169e-04      -4.4032e-05      -2.1072e-04
 9.0000e+00       3.1500e+00       1.2178e+00       1.0265e-04       4.5920e-04      -4.3866e-05      -2.1210e-04
 9.0000e+00       3.1500e+00       1.2229e+00       1.0106e-04       4.5666e-04      -4.3687e-05      -2.1339e-04
 9.0000e+00       3.1500e+00       1.2280e+00       9.9497e-05       4.5408e-04      -4.3497e-05      -2.1457e-04
 9.0000e+00       3.1500e+00       1.2332e+00       9.7961e-05       4.5145e-04      -4.3296e-05      -2.1566e-04
 9.0000e+00       3.1500e+00       1.2383e+00       9.6451e-05       4.4877e-04      -4.3084e-05      -2.1666e-04
 9.0000e+00       3.1500e+00       1.2434e+00       9.4966e-05       4.4606e-04      -4.2863e-05      -2.1758e-04
 9.0000e+00       3.1500e+00       1.2486e+00       9.3507e-05       4.4331e-04      -4.2632e-05      -2.1840e-04
 9.0000e+00       3.1500e+00       1.2537e+00       9.2071e-05       4.4053e-04      -4.2391e-05      -2.1914e-04
 9.0000e+00       3.1500e+00       1.2588e+00       9.0660e-05       4.3771e-04      -4.2143e-05      -2.1980e-04
 9.0000e+00       3.1500e+00       1.2640e+00       8.9273e-05       4.3486e-04      -4.1887e-05      -2.2039e-04
 9.0000e+00       3.1500e+00       1.2691e+00       8.7908e-05       4.3198e-04      -4.1623e-05      -2.2089e-04
 9.0000e+00       3.1500e+00       1.2742e+00       8.6566e-05       4.2907e-04      -4.1352e-05      -2.2133e-04
 9.0000e+00       3.1500e+00       1.2794e+00       8.5247e-05       4.2614e-04      -4.1074e-05      -2.2169e-04
 9.0000e+00       3.1500e+00       1.2845e+00       8.3949e-05       4.2318e-04      -4.0790e-05      -2.2198e-04
 9.0000e+00       3.1500e+00       1.2896e+00       8.2673e-05       4.2020e-04      -4.0501e-05      -2.2220e-04
 9.0000e+00       3.1500e+00       1.2947e+00       8.1417e-05       4.1720e-04      -4.0206e-05      -2.2236e-04
 9.0000e+00       3.1500e+00       1.2999e+00       8.0183e-05       4.1418e-04      -3.9906e-05      -2.2246e-04
 9.0000e+00       3.1500e+00       1.3050e+00       7.8968e-05       4.1114e-04      -3.9601e-05      -2.2249e-04
 9.0000e+00       3.1500e+00       1.3101e+00       7.7773e-05       4.0808e-04      -3.9291e-05      -2.2247e-04
 9.0000e+00       3.1500e+00       1.3153e+00       7.6598e-05       4.0501e-04      -3.8978e-05      -2.2239e-04
 9.0000e+00       3.1500e+00       1.3204e+00       7.5442e-05       4.0193e-04      -3.8660e-05      -2.2225e-04
 9.0000e+00       3.1500e+00       1.3255e+00       7.4304e-05       3.9883e-04      -3.8339e-05      -2.2206e-04
 9.0000e+00       3.1500e+00       1.3307e+00       7.3185e-05       3.9572e-04      -3.8015e-05      -2.2182e-04
 9.0000e+00       3.1500e+00       1.3358e+00       7.2084e-05       3.9261e-04      -3.7688e-05      -2.2153e-04
 9.0000e+00       3.1500e+00       1.3409e+00       7.1000e-05       3.8948e-04      -3.7358e-05      -2.2119e-04
 9.0000e+00       3.1500e+00       1.3461e+00       6.9934e-05       3.8635e-04      -3.7025e-05      -2.2081e-04
 9.0000e+00       3.1500e+00       1.3512e+00       6.8885e-05       3.8321e-04      -3.6691e-05      -2.2038e-04
 9.0000e+00       3.1500e+00       1.3563e+00       6.7853e-05       3.8007e-04      -3.6354e-05      -2.1991e-04
 9.0000e+00       3.1500e+00       1.3615e+00       6.6837e-05       3.7692e-04      -3.6015e-05      -2.1939e-04
 9.0000e+00       3.1500e+00       1.3666e+00       6.5837e-05       3.7377e-04      -3.5675e-05      -2.1884e-04
 9.0000e+00       3.1500e+00       1.3717e+00       6.4853e-05       3.7062e-04      -3.5333e-05      -2.1824e-04
 9.0000e+00       3.1500e+00       1.3768e+00       6.3885e-05       3.6747e-04      -3.4990e-05      -2.1761e-04
 9.0000e+00       3.1500e+00       1.3820e+00       6.2932e-05       3.6431e-04      -3.4647e-05      -2.1694e-04
 9.0000e+00       3.1500e+00       1.3871e+00       6.1994e-05       3.6116e-04      -3.4302e-05      -2.1624e-04
 9.0000e+00       3.1500e+00       1.3922e+00       6.1071e-05       3.5801e-04      -3.3956e-05      -2.1550e-04
 9.0000e+00       3.1500e+00       1.3974e+00       6.0162e-05       3.5487e-04      -3.3610e-05      -2.1474e-04
 9.0000e+00       3.1500e+00       1.4025e+00       5.9267e-05       3.5173e-04      -3.3264e-05      -2.1394e-04
 9.0000e+00       3.1500e+00       1.4076e+00       5.8387e-05       3.4859e-04      -3.2917e-05      -2.1311e-04
 9.0000e+00       3.1500e+00       1.4128e+00       5.7520e-05       3.4546e-04      -3.2571e-05      -2.1225e-04
 9.0000e+00       3.1500e+00       1.4179e+00       5.6666e-05       3.4233e-04      -3.2224e-05      -2.1137e-04
 9.0000e+00       3.1500e+00       1.4230e+00       5.5826e-05       3.3921e-04      -3.1878e-05      -2.1046e-04
 9.0000e+00       3.1500e+00       1.4282e+00       5.4999e-05       3.3610e-04      -3.1532e-05      -2.0952e-04
 9.0000e+00       3.1500e+00       1.4333e+00       5.4185e-05       3.3299e-04      -3.1186e-05      -2.0856e-04
 9.0000e+00       3.1500e+00       1.4384e+00       5.3383e-05       3.2990e-04      -3.0841e-05      -2.0758e-04
 9.0000e+00       3.1500e+00       1.4436e+00       5.2594e-05       3.2681e-04      -3.0496e-05      -2.0657e-04
 9.0000e+00       3.1500e+00       1.4487e+00       5.1816e-05       3.2373e-04      -3.0153e-05      -2.0555e-04
 9.0000e+00       3.1500e+00       1.4538e+00       5.1051e-05       3.2067e-04      -2.9810e-05      -2.0450e-04
 9.0000e+00       3.1500e+00       1.4589e+00       5.0297e-05       3.1761e-04      -2.9469e-05      -2.0344e-04
 9.0000e+00       3.1500e+00       1.4641e+00       4.9555e-05       3.1457e-04      -2.9128e-05      -2.0236e-04
 9.0000e+00       3.1500e+00       1.4692e+00       4.8825e-05       3.1154e-04      -2.8789e-05      -2.0125e-04
 9.0000e+00       3.1500e+00       1.4743e+00       4.8105e-05       3.0852e-04      -2.8450e-05      -2.0014e-04
 9.0000e+00       3.1500e+00       1.4795e+00       4.7396e-05       3.0551e-04      -2.8114e-05      -1.9901e-04
 9.0000e+00       3.1500e+00       1.4846e+00       4.6698e-05       3.0252e-04      -2.7778e-05      -1.9786e-04
 9.0000e+00       3.1500e+00       1.4897e+00       4.6011e-05       2.9954e-04      -2.7444e-05      -1.9670e-04
 9.0000e+00       3.1500e+00       1.4949e+00       4.5334e-05       2.9658e-04      -2.7112e-05      -1.9552e-04
 9.0000e+00       3.1500e+00       1.5000e+00       4.4668e-05       2.9363e-04      -2.6781e-05      -1.9433e-04
