5.5000e+00       3.1500e+00       5.6044e-01       1.7774e-03       1.5358e-03       0.0000e+00       0.0000e+00
 5.5000e+00       3.1500e+00       5.6993e-01       1.7092e-03       1.6775e-03      -7.4085e-05      -1.6812e-04
 5.5000e+00       3.1500e+00       5.7942e-01       1.6441e-03       1.8079e-03      -1.0357e-04      -3.2483e-04
 5.5000e+00       3.1500e+00       5.8891e-01       1.5819e-03       1.9276e-03      -1.2530e-04      -4.7078e-04
 5.5000e+00       3.1500e+00       5.9840e-01       1.5224e-03       2.0374e-03      -1.4283e-04      -6.0656e-04
 5.5000e+00       3.1500e+00       6.0790e-01       1.4655e-03       2.1377e-03      -1.5754e-04      -7.3274e-04
 5.5000e+00       3.1500e+00       6.1739e-01       1.4111e-03       2.2291e-03      -1.7015e-04      -8.4987e-04
 5.5000e+00       3.1500e+00       6.2688e-01       1.3590e-03       2.3121e-03      -1.8110e-04      -9.5846e-04
 5.5000e+00       3.1500e+00       6.3637e-01       1.3092e-03       2.3873e-03      -1.9067e-04      -1.0590e-03
 5.5000e+00       3.1500e+00       6.4586e-01       1.2615e-03       2.4550e-03      -1.9908e-04      -1.1519e-03
 5.5000e+00       3.1500e+00       6.5535e-01       1.2159e-03       2.5158e-03      -2.0647e-04      -1.2376e-03
 5.5000e+00       3.1500e+00       6.6484e-01       1.1722e-03       2.5700e-03      -2.1297e-04      -1.3165e-03
 5.5000e+00       3.1500e+00       6.7433e-01       1.1303e-03       2.6181e-03      -2.1867e-04      -1.3891e-03
 5.5000e+00       3.1500e+00       6.8382e-01       1.0902e-03       2.6603e-03      -2.2364e-04      -1.4555e-03
 5.5000e+00       3.1500e+00       6.9331e-01       1.0517e-03       2.6971e-03      -2.2796e-04      -1.5163e-03
 5.5000e+00       3.1500e+00       7.0280e-01       1.0148e-03       2.7288e-03      -2.3169e-04      -1.5718e-03
 5.5000e+00       3.1500e+00       7.1229e-01       9.7947e-04       2.7557e-03      -2.3486e-04      -1.6221e-03
 5.5000e+00       3.1500e+00       7.2178e-01       9.4556e-04       2.7780e-03      -2.3754e-04      -1.6677e-03
 5.5000e+00       3.1500e+00       7.3127e-01       9.1302e-04       2.7962e-03      -2.3974e-04      -1.7088e-03
 5.5000e+00       3.1500e+00       7.4076e-01       8.8179e-04       2.8104e-03      -2.4152e-04      -1.7456e-03
 5.5000e+00       3.1500e+00       7.5025e-01       8.5181e-04       2.8208e-03      -2.4290e-04      -1.7784e-03
 5.5000e+00       3.1500e+00       7.5974e-01       8.2303e-04       2.8278e-03      -2.4391e-04      -1.8075e-03
 5.5000e+00       3.1500e+00       7.6923e-01       7.9538e-04       2.8315e-03      -2.4458e-04      -1.8330e-03
 5.5000e+00       3.1500e+00       7.7872e-01       7.6882e-04       2.8322e-03      -2.4492e-04      -1.8551e-03
 5.5000e+00       3.1500e+00       7.8821e-01       7.4329e-04       2.8300e-03      -2.4498e-04      -1.8742e-03
 5.5000e+00       3.1500e+00       7.9770e-01       7.1875e-04       2.8252e-03      -2.4475e-04      -1.8902e-03
 5.5000e+00       3.1500e+00       8.0720e-01       6.9516e-04       2.8179e-03      -2.4427e-04      -1.9035e-03
 5.5000e+00       3.1500e+00       8.1669e-01       6.7247e-04       2.8083e-03      -2.4355e-04      -1.9142e-03
 5.5000e+00       3.1500e+00       8.2618e-01       6.5064e-04       2.7966e-03      -2.4262e-04      -1.9224e-03
 5.5000e+00       3.1500e+00       8.3567e-01       6.2963e-04       2.7828e-03      -2.4147e-04      -1.9283e-03
 5.5000e+00       3.1500e+00       8.4516e-01       6.0942e-04       2.7672e-03      -2.4014e-04      -1.9320e-03
 5.5000e+00       3.1500e+00       8.5465e-01       5.8995e-04       2.7499e-03      -2.3863e-04      -1.9337e-03
 5.5000e+00       3.1500e+00       8.6414e-01       5.7121e-04       2.7310e-03      -2.3696e-04      -1.9336e-03
 5.5000e+00       3.1500e+00       8.7363e-01       5.5315e-04       2.7106e-03      -2.3513e-04      -1.9316e-03
 5.5000e+00       3.1500e+00       8.8312e-01       5.3576e-04       2.6889e-03      -2.3317e-04      -1.9280e-03
 5.5000e+00       3.1500e+00       8.9261e-01       5.1899e-04       2.6659e-03      -2.3108e-04      -1.9228e-03
 5.5000e+00       3.1500e+00       9.0210e-01       5.0283e-04       2.6418e-03      -2.2887e-04      -1.9161e-03
 5.5000e+00       3.1500e+00       9.1159e-01       4.8725e-04       2.6167e-03      -2.2656e-04      -1.9081e-03
 5.5000e+00       3.1500e+00       9.2108e-01       4.7222e-04       2.5905e-03      -2.2414e-04      -1.8989e-03
 5.5000e+00       3.1500e+00       9.3057e-01       4.5773e-04       2.5635e-03      -2.2164e-04      -1.8884e-03
 5.5000e+00       3.1500e+00       9.4006e-01       4.4374e-04       2.5358e-03      -2.1905e-04      -1.8769e-03
 5.5000e+00       3.1500e+00       9.4955e-01       4.3024e-04       2.5073e-03      -2.1639e-04      -1.8644e-03
 5.5000e+00       3.1500e+00       9.5904e-01       4.1721e-04       2.4781e-03      -2.1367e-04      -1.8509e-03
 5.5000e+00       3.1500e+00       9.6853e-01       4.0463e-04       2.4484e-03      -2.1088e-04      -1.8366e-03
 5.5000e+00       3.1500e+00       9.7802e-01       3.9247e-04       2.4182e-03      -2.0804e-04      -1.8214e-03
 5.5000e+00       3.1500e+00       9.8751e-01       3.8073e-04       2.3875e-03      -2.0516e-04      -1.8055e-03
 5.5000e+00       3.1500e+00       9.9700e-01       3.6939e-04       2.3565e-03      -2.0223e-04      -1.7890e-03
 5.5000e+00       3.1500e+00       1.0065e+00       3.5843e-04       2.3251e-03      -1.9927e-04      -1.7718e-03
 5.5000e+00       3.1500e+00       1.0160e+00       3.4783e-04       2.2934e-03      -1.9628e-04      -1.7540e-03
 5.5000e+00       3.1500e+00       1.0255e+00       3.3758e-04       2.2615e-03      -1.9327e-04      -1.7358e-03
 5.5000e+00       3.1500e+00       1.0350e+00       3.2767e-04       2.2294e-03      -1.9023e-04      -1.7170e-03
 5.5000e+00       3.1500e+00       1.0445e+00       3.1809e-04       2.1972e-03      -1.8718e-04      -1.6979e-03
 5.5000e+00       3.1500e+00       1.0539e+00       3.0882e-04       2.1648e-03      -1.8411e-04      -1.6783e-03
 5.5000e+00       3.1500e+00       1.0634e+00       2.9984e-04       2.1324e-03      -1.8104e-04      -1.6584e-03
 5.5000e+00       3.1500e+00       1.0729e+00       2.9116e-04       2.0999e-03      -1.7796e-04      -1.6383e-03
 5.5000e+00       3.1500e+00       1.0824e+00       2.8275e-04       2.0675e-03      -1.7488e-04      -1.6178e-03
 5.5000e+00       3.1500e+00       1.0919e+00       2.7461e-04       2.0350e-03      -1.7181e-04      -1.5971e-03
 5.5000e+00       3.1500e+00       1.1014e+00       2.6673e-04       2.0026e-03      -1.6874e-04      -1.5763e-03
 5.5000e+00       3.1500e+00       1.1109e+00       2.5909e-04       1.9703e-03      -1.6567e-04      -1.5552e-03
 5.5000e+00       3.1500e+00       1.1204e+00       2.5170e-04       1.9381e-03      -1.6262e-04      -1.5340e-03
 5.5000e+00       3.1500e+00       1.1299e+00       2.4453e-04       1.9060e-03      -1.5958e-04      -1.5128e-03
 5.5000e+00       3.1500e+00       1.1394e+00       2.3758e-04       1.8741e-03      -1.5656e-04      -1.4914e-03
 5.5000e+00       3.1500e+00       1.1489e+00       2.3085e-04       1.8424e-03      -1.5355e-04      -1.4700e-03
 5.5000e+00       3.1500e+00       1.1583e+00       2.2432e-04       1.8108e-03      -1.5056e-04      -1.4485e-03
 5.5000e+00       3.1500e+00       1.1678e+00       2.1799e-04       1.7795e-03      -1.4760e-04      -1.4270e-03
 5.5000e+00       3.1500e+00       1.1773e+00       2.1186e-04       1.7484e-03      -1.4466e-04      -1.4055e-03
 5.5000e+00       3.1500e+00       1.1868e+00       2.0591e-04       1.7175e-03      -1.4174e-04      -1.3840e-03
 5.5000e+00       3.1500e+00       1.1963e+00       2.0013e-04       1.6869e-03      -1.3885e-04      -1.3626e-03
 5.5000e+00       3.1500e+00       1.2058e+00       1.9453e-04       1.6566e-03      -1.3598e-04      -1.3413e-03
 5.5000e+00       3.1500e+00       1.2153e+00       1.8909e-04       1.6265e-03      -1.3315e-04      -1.3200e-03
 5.5000e+00       3.1500e+00       1.2248e+00       1.8382e-04       1.5968e-03      -1.3034e-04      -1.2987e-03
 5.5000e+00       3.1500e+00       1.2343e+00       1.7870e-04       1.5673e-03      -1.2757e-04      -1.2776e-03
 5.5000e+00       3.1500e+00       1.2438e+00       1.7373e-04       1.5382e-03      -1.2483e-04      -1.2566e-03
 5.5000e+00       3.1500e+00       1.2532e+00       1.6890e-04       1.5093e-03      -1.2212e-04      -1.2358e-03
 5.5000e+00       3.1500e+00       1.2627e+00       1.6422e-04       1.4808e-03      -1.1945e-04      -1.2150e-03
 5.5000e+00       3.1500e+00       1.2722e+00       1.5967e-04       1.4527e-03      -1.1681e-04      -1.1945e-03
 5.5000e+00       3.1500e+00       1.2817e+00       1.5525e-04       1.4248e-03      -1.1420e-04      -1.1740e-03
 5.5000e+00       3.1500e+00       1.2912e+00       1.5096e-04       1.3974e-03      -1.1163e-04      -1.1538e-03
 5.5000e+00       3.1500e+00       1.3007e+00       1.4679e-04       1.3702e-03      -1.0910e-04      -1.1337e-03
 5.5000e+00       3.1500e+00       1.3102e+00       1.4274e-04       1.3435e-03      -1.0660e-04      -1.1138e-03
 5.5000e+00       3.1500e+00       1.3197e+00       1.3880e-04       1.3170e-03      -1.0414e-04      -1.0940e-03
 5.5000e+00       3.1500e+00       1.3292e+00       1.3498e-04       1.2910e-03      -1.0172e-04      -1.0745e-03
 5.5000e+00       3.1500e+00       1.3387e+00       1.3126e-04       1.2653e-03      -9.9340e-05      -1.0552e-03
 5.5000e+00       3.1500e+00       1.3482e+00       1.2765e-04       1.2400e-03      -9.6993e-05      -1.0361e-03
 5.5000e+00       3.1500e+00       1.3576e+00       1.2414e-04       1.2150e-03      -9.4685e-05      -1.0171e-03
 5.5000e+00       3.1500e+00       1.3671e+00       1.2072e-04       1.1904e-03      -9.2416e-05      -9.9845e-04
 5.5000e+00       3.1500e+00       1.3766e+00       1.1741e-04       1.1662e-03      -9.0184e-05      -9.7997e-04
 5.5000e+00       3.1500e+00       1.3861e+00       1.1418e-04       1.1424e-03      -8.7991e-05      -9.6171e-04
 5.5000e+00       3.1500e+00       1.3956e+00       1.1104e-04       1.1189e-03      -8.5835e-05      -9.4368e-04
 5.5000e+00       3.1500e+00       1.4051e+00       1.0799e-04       1.0958e-03      -8.3718e-05      -9.2588e-04
 5.5000e+00       3.1500e+00       1.4146e+00       1.0503e-04       1.0730e-03      -8.1639e-05      -9.0831e-04
 5.5000e+00       3.1500e+00       1.4241e+00       1.0214e-04       1.0507e-03      -7.9598e-05      -8.9097e-04
 5.5000e+00       3.1500e+00       1.4336e+00       9.9339e-05       1.0287e-03      -7.7595e-05      -8.7387e-04
 5.5000e+00       3.1500e+00       1.4431e+00       9.6611e-05       1.0070e-03      -7.5630e-05      -8.5700e-04
 5.5000e+00       3.1500e+00       1.4525e+00       9.3958e-05       9.8576e-04      -7.3702e-05      -8.4037e-04
 5.5000e+00       3.1500e+00       1.4620e+00       9.1376e-05       9.6485e-04      -7.1811e-05      -8.2397e-04
 5.5000e+00       3.1500e+00       1.4715e+00       8.8866e-05       9.4431e-04      -6.9957e-05      -8.0782e-04
 5.5000e+00       3.1500e+00       1.4810e+00       8.6423e-05       9.2412e-04      -6.8140e-05      -7.9190e-04
 5.5000e+00       3.1500e+00       1.4905e+00       8.4047e-05       9.0428e-04      -6.6360e-05      -7.7623e-04
 5.5000e+00       3.1500e+00       1.5000e+00       8.1735e-05       8.8480e-04      -6.4615e-05      -7.6079e-04
