 4.5000e+00       3.1500e+00       4.4511e-01       3.4064e-03       1.9770e-03       0.0000e+00       0.0000e+00
 4.5000e+00       3.1500e+00       4.5577e-01       3.2507e-03       2.3312e-03      -1.1178e-04      -3.8672e-04
 4.5000e+00       3.1500e+00       4.6642e-01       3.1031e-03       2.6546e-03      -1.5765e-04      -7.4249e-04
 4.5000e+00       3.1500e+00       4.7708e-01       2.9633e-03       2.9492e-03      -1.9220e-04      -1.0694e-03
 4.5000e+00       3.1500e+00       4.8774e-01       2.8307e-03       3.2170e-03      -2.2057e-04      -1.3694e-03
 4.5000e+00       3.1500e+00       4.9839e-01       2.7051e-03       3.4598e-03      -2.4474e-04      -1.6443e-03
 4.5000e+00       3.1500e+00       5.0905e-01       2.5859e-03       3.6793e-03      -2.6571e-04      -1.8957e-03
 4.5000e+00       3.1500e+00       5.1970e-01       2.4728e-03       3.8770e-03      -2.8410e-04      -2.1253e-03
 4.5000e+00       3.1500e+00       5.3036e-01       2.3655e-03       4.0545e-03      -3.0030e-04      -2.3346e-03
 4.5000e+00       3.1500e+00       5.4101e-01       2.2636e-03       4.2131e-03      -3.1462e-04      -2.5248e-03
 4.5000e+00       3.1500e+00       5.5167e-01       2.1668e-03       4.3541e-03      -3.2726e-04      -2.6973e-03
 4.5000e+00       3.1500e+00       5.6232e-01       2.0748e-03       4.4787e-03      -3.3840e-04      -2.8532e-03
 4.5000e+00       3.1500e+00       5.7298e-01       1.9874e-03       4.5881e-03      -3.4819e-04      -2.9937e-03
 4.5000e+00       3.1500e+00       5.8363e-01       1.9044e-03       4.6833e-03      -3.5674e-04      -3.1199e-03
 4.5000e+00       3.1500e+00       5.9429e-01       1.8254e-03       4.7652e-03      -3.6415e-04      -3.2326e-03
 4.5000e+00       3.1500e+00       6.0495e-01       1.7502e-03       4.8349e-03      -3.7052e-04      -3.3328e-03
 4.5000e+00       3.1500e+00       6.1560e-01       1.6787e-03       4.8931e-03      -3.7592e-04      -3.4214e-03
 4.5000e+00       3.1500e+00       6.2626e-01       1.6106e-03       4.9408e-03      -3.8042e-04      -3.4991e-03
 4.5000e+00       3.1500e+00       6.3691e-01       1.5457e-03       4.9785e-03      -3.8410e-04      -3.5667e-03
 4.5000e+00       3.1500e+00       6.4757e-01       1.4839e-03       5.0072e-03      -3.8701e-04      -3.6248e-03
 4.5000e+00       3.1500e+00       6.5822e-01       1.4250e-03       5.0273e-03      -3.8921e-04      -3.6742e-03
 4.5000e+00       3.1500e+00       6.6888e-01       1.3689e-03       5.0396e-03      -3.9074e-04      -3.7155e-03
 4.5000e+00       3.1500e+00       6.7953e-01       1.3154e-03       5.0446e-03      -3.9165e-04      -3.7491e-03
 4.5000e+00       3.1500e+00       6.9019e-01       1.2643e-03       5.0429e-03      -3.9200e-04      -3.7758e-03
 4.5000e+00       3.1500e+00       7.0084e-01       1.2156e-03       5.0350e-03      -3.9181e-04      -3.7958e-03
 4.5000e+00       3.1500e+00       7.1150e-01       1.1690e-03       5.0213e-03      -3.9113e-04      -3.8098e-03
 4.5000e+00       3.1500e+00       7.2215e-01       1.1246e-03       5.0023e-03      -3.8999e-04      -3.8182e-03
 4.5000e+00       3.1500e+00       7.3281e-01       1.0821e-03       4.9785e-03      -3.8843e-04      -3.8213e-03
 4.5000e+00       3.1500e+00       7.4347e-01       1.0416e-03       4.9501e-03      -3.8648e-04      -3.8195e-03
 4.5000e+00       3.1500e+00       7.5412e-01       1.0028e-03       4.9177e-03      -3.8417e-04      -3.8133e-03
 4.5000e+00       3.1500e+00       7.6478e-01       9.6569e-04       4.8815e-03      -3.8152e-04      -3.8030e-03
 4.5000e+00       3.1500e+00       7.7543e-01       9.3020e-04       4.8418e-03      -3.7857e-04      -3.7888e-03
 4.5000e+00       3.1500e+00       7.8609e-01       8.9624e-04       4.7990e-03      -3.7533e-04      -3.7711e-03
 4.5000e+00       3.1500e+00       7.9674e-01       8.6372e-04       4.7534e-03      -3.7183e-04      -3.7502e-03
 4.5000e+00       3.1500e+00       8.0740e-01       8.3258e-04       4.7051e-03      -3.6810e-04      -3.7262e-03
 4.5000e+00       3.1500e+00       8.1805e-01       8.0275e-04       4.6546e-03      -3.6415e-04      -3.6996e-03
 4.5000e+00       3.1500e+00       8.2871e-01       7.7416e-04       4.6019e-03      -3.6000e-04      -3.6704e-03
 4.5000e+00       3.1500e+00       8.3936e-01       7.4676e-04       4.5473e-03      -3.5568e-04      -3.6389e-03
 4.5000e+00       3.1500e+00       8.5002e-01       7.2048e-04       4.4910e-03      -3.5119e-04      -3.6054e-03
 4.5000e+00       3.1500e+00       8.6068e-01       6.9527e-04       4.4332e-03      -3.4656e-04      -3.5699e-03
 4.5000e+00       3.1500e+00       8.7133e-01       6.7107e-04       4.3741e-03      -3.4180e-04      -3.5327e-03
 4.5000e+00       3.1500e+00       8.8199e-01       6.4785e-04       4.3139e-03      -3.3693e-04      -3.4940e-03
 4.5000e+00       3.1500e+00       8.9264e-01       6.2555e-04       4.2526e-03      -3.3196e-04      -3.4539e-03
 4.5000e+00       3.1500e+00       9.0330e-01       6.0414e-04       4.1905e-03      -3.2690e-04      -3.4125e-03
 4.5000e+00       3.1500e+00       9.1395e-01       5.8356e-04       4.1277e-03      -3.2176e-04      -3.3700e-03
 4.5000e+00       3.1500e+00       9.2461e-01       5.6378e-04       4.0642e-03      -3.1656e-04      -3.3265e-03
 4.5000e+00       3.1500e+00       9.3526e-01       5.4476e-04       4.0004e-03      -3.1131e-04      -3.2821e-03
 4.5000e+00       3.1500e+00       9.4592e-01       5.2648e-04       3.9361e-03      -3.0601e-04      -3.2370e-03
 4.5000e+00       3.1500e+00       9.5657e-01       5.0889e-04       3.8716e-03      -3.0067e-04      -3.1912e-03
 4.5000e+00       3.1500e+00       9.6723e-01       4.9196e-04       3.8069e-03      -2.9532e-04      -3.1449e-03
 4.5000e+00       3.1500e+00       9.7788e-01       4.7567e-04       3.7421e-03      -2.8994e-04      -3.0981e-03
 4.5000e+00       3.1500e+00       9.8854e-01       4.5998e-04       3.6773e-03      -2.8456e-04      -3.0509e-03
 4.5000e+00       3.1500e+00       9.9920e-01       4.4487e-04       3.6127e-03      -2.7917e-04      -3.0035e-03
 4.5000e+00       3.1500e+00       1.0099e+00       4.3032e-04       3.5481e-03      -2.7379e-04      -2.9558e-03
 4.5000e+00       3.1500e+00       1.0205e+00       4.1629e-04       3.4838e-03      -2.6842e-04      -2.9079e-03
 4.5000e+00       3.1500e+00       1.0312e+00       4.0277e-04       3.4198e-03      -2.6306e-04      -2.8600e-03
 4.5000e+00       3.1500e+00       1.0418e+00       3.8974e-04       3.3561e-03      -2.5773e-04      -2.8121e-03
 4.5000e+00       3.1500e+00       1.0525e+00       3.7717e-04       3.2927e-03      -2.5242e-04      -2.7641e-03
 4.5000e+00       3.1500e+00       1.0631e+00       3.6505e-04       3.2298e-03      -2.4715e-04      -2.7163e-03
 4.5000e+00       3.1500e+00       1.0738e+00       3.5335e-04       3.1674e-03      -2.4191e-04      -2.6686e-03
 4.5000e+00       3.1500e+00       1.0844e+00       3.4206e-04       3.1055e-03      -2.3672e-04      -2.6211e-03
 4.5000e+00       3.1500e+00       1.0951e+00       3.3117e-04       3.0442e-03      -2.3157e-04      -2.5738e-03
 4.5000e+00       3.1500e+00       1.1057e+00       3.2065e-04       2.9834e-03      -2.2646e-04      -2.5267e-03
 4.5000e+00       3.1500e+00       1.1164e+00       3.1049e-04       2.9233e-03      -2.2141e-04      -2.4799e-03
 4.5000e+00       3.1500e+00       1.1271e+00       3.0068e-04       2.8638e-03      -2.1640e-04      -2.4335e-03
 4.5000e+00       3.1500e+00       1.1377e+00       2.9120e-04       2.8050e-03      -2.1146e-04      -2.3874e-03
 4.5000e+00       3.1500e+00       1.1484e+00       2.8204e-04       2.7469e-03      -2.0657e-04      -2.3417e-03
 4.5000e+00       3.1500e+00       1.1590e+00       2.7318e-04       2.6895e-03      -2.0175e-04      -2.2964e-03
 4.5000e+00       3.1500e+00       1.1697e+00       2.6462e-04       2.6328e-03      -1.9698e-04      -2.2515e-03
 4.5000e+00       3.1500e+00       1.1803e+00       2.5635e-04       2.5769e-03      -1.9228e-04      -2.2071e-03
 4.5000e+00       3.1500e+00       1.1910e+00       2.4835e-04       2.5217e-03      -1.8765e-04      -2.1632e-03
 4.5000e+00       3.1500e+00       1.2016e+00       2.4061e-04       2.4673e-03      -1.8309e-04      -2.1197e-03
 4.5000e+00       3.1500e+00       1.2123e+00       2.3312e-04       2.4137e-03      -1.7859e-04      -2.0768e-03
 4.5000e+00       3.1500e+00       1.2230e+00       2.2587e-04       2.3609e-03      -1.7416e-04      -2.0344e-03
 4.5000e+00       3.1500e+00       1.2336e+00       2.1886e-04       2.3089e-03      -1.6980e-04      -1.9925e-03
 4.5000e+00       3.1500e+00       1.2443e+00       2.1208e-04       2.2577e-03      -1.6552e-04      -1.9511e-03
 4.5000e+00       3.1500e+00       1.2549e+00       2.0551e-04       2.2073e-03      -1.6130e-04      -1.9103e-03
 4.5000e+00       3.1500e+00       1.2656e+00       1.9915e-04       2.1577e-03      -1.5716e-04      -1.8701e-03
 4.5000e+00       3.1500e+00       1.2762e+00       1.9300e-04       2.1090e-03      -1.5309e-04      -1.8305e-03
 4.5000e+00       3.1500e+00       1.2869e+00       1.8704e-04       2.0610e-03      -1.4909e-04      -1.7914e-03
 4.5000e+00       3.1500e+00       1.2975e+00       1.8126e-04       2.0139e-03      -1.4517e-04      -1.7529e-03
 4.5000e+00       3.1500e+00       1.3082e+00       1.7567e-04       1.9676e-03      -1.4132e-04      -1.7150e-03
 4.5000e+00       3.1500e+00       1.3189e+00       1.7025e-04       1.9222e-03      -1.3754e-04      -1.6776e-03
 4.5000e+00       3.1500e+00       1.3295e+00       1.6501e-04       1.8775e-03      -1.3384e-04      -1.6409e-03
 4.5000e+00       3.1500e+00       1.3402e+00       1.5992e-04       1.8337e-03      -1.3021e-04      -1.6048e-03
 4.5000e+00       3.1500e+00       1.3508e+00       1.5500e-04       1.7906e-03      -1.2665e-04      -1.5692e-03
 4.5000e+00       3.1500e+00       1.3615e+00       1.5022e-04       1.7484e-03      -1.2317e-04      -1.5343e-03
 4.5000e+00       3.1500e+00       1.3721e+00       1.4559e-04       1.7070e-03      -1.1975e-04      -1.4999e-03
 4.5000e+00       3.1500e+00       1.3828e+00       1.4111e-04       1.6664e-03      -1.1641e-04      -1.4662e-03
 4.5000e+00       3.1500e+00       1.3934e+00       1.3676e-04       1.6265e-03      -1.1314e-04      -1.4330e-03
 4.5000e+00       3.1500e+00       1.4041e+00       1.3255e-04       1.5875e-03      -1.0994e-04      -1.4004e-03
 4.5000e+00       3.1500e+00       1.4148e+00       1.2846e-04       1.5492e-03      -1.0681e-04      -1.3685e-03
 4.5000e+00       3.1500e+00       1.4254e+00       1.2450e-04       1.5117e-03      -1.0375e-04      -1.3371e-03
 4.5000e+00       3.1500e+00       1.4361e+00       1.2066e-04       1.4749e-03      -1.0075e-04      -1.3062e-03
 4.5000e+00       3.1500e+00       1.4467e+00       1.1693e-04       1.4389e-03      -9.7828e-05      -1.2760e-03
 4.5000e+00       3.1500e+00       1.4574e+00       1.1332e-04       1.4037e-03      -9.4970e-05      -1.2464e-03
 4.5000e+00       3.1500e+00       1.4680e+00       1.0982e-04       1.3691e-03      -9.2178e-05      -1.2173e-03
 4.5000e+00       3.1500e+00       1.4787e+00       1.0642e-04       1.3354e-03      -8.9451e-05      -1.1887e-03
 4.5000e+00       3.1500e+00       1.4893e+00       1.0313e-04       1.3023e-03      -8.6790e-05      -1.1608e-03
 4.5000e+00       3.1500e+00       1.5000e+00       9.9936e-05       1.2699e-03      -8.4192e-05      -1.1334e-03
