6.0000e+00       3.1500e+00       6.1971e-01       1.2913e-03       1.3348e-03       0.0000e+00       0.0000e+00
 6.0000e+00       3.1500e+00       6.2860e-01       1.2463e-03       1.4234e-03      -5.9193e-05      -1.1196e-04
 6.0000e+00       3.1500e+00       6.3749e-01       1.2031e-03       1.5053e-03      -8.2579e-05      -2.1695e-04
 6.0000e+00       3.1500e+00       6.4638e-01       1.1617e-03       1.5806e-03      -9.9722e-05      -3.1533e-04
 6.0000e+00       3.1500e+00       6.5527e-01       1.1219e-03       1.6499e-03      -1.1348e-04      -4.0743e-04
 6.0000e+00       3.1500e+00       6.6417e-01       1.0837e-03       1.7134e-03      -1.2499e-04      -4.9357e-04
 6.0000e+00       3.1500e+00       6.7306e-01       1.0470e-03       1.7715e-03      -1.3483e-04      -5.7406e-04
 6.0000e+00       3.1500e+00       6.8195e-01       1.0118e-03       1.8244e-03      -1.4335e-04      -6.4918e-04
 6.0000e+00       3.1500e+00       6.9084e-01       9.7797e-04       1.8724e-03      -1.5080e-04      -7.1921e-04
 6.0000e+00       3.1500e+00       6.9973e-01       9.4545e-04       1.9158e-03      -1.5732e-04      -7.8441e-04
 6.0000e+00       3.1500e+00       7.0862e-01       9.1420e-04       1.9548e-03      -1.6306e-04      -8.4503e-04
 6.0000e+00       3.1500e+00       7.1752e-01       8.8415e-04       1.9898e-03      -1.6810e-04      -9.0129e-04
 6.0000e+00       3.1500e+00       7.2641e-01       8.5526e-04       2.0208e-03      -1.7253e-04      -9.5344e-04
 6.0000e+00       3.1500e+00       7.3530e-01       8.2747e-04       2.0482e-03      -1.7641e-04      -1.0017e-03
 6.0000e+00       3.1500e+00       7.4419e-01       8.0073e-04       2.0721e-03      -1.7978e-04      -1.0462e-03
 6.0000e+00       3.1500e+00       7.5308e-01       7.7501e-04       2.0927e-03      -1.8270e-04      -1.0872e-03
 6.0000e+00       3.1500e+00       7.6198e-01       7.5025e-04       2.1102e-03      -1.8521e-04      -1.1249e-03
 6.0000e+00       3.1500e+00       7.7087e-01       7.2641e-04       2.1248e-03      -1.8733e-04      -1.1594e-03
 6.0000e+00       3.1500e+00       7.7976e-01       7.0346e-04       2.1367e-03      -1.8910e-04      -1.1909e-03
 6.0000e+00       3.1500e+00       7.8865e-01       6.8135e-04       2.1460e-03      -1.9054e-04      -1.2195e-03
 6.0000e+00       3.1500e+00       7.9754e-01       6.6006e-04       2.1529e-03      -1.9169e-04      -1.2455e-03
 6.0000e+00       3.1500e+00       8.0644e-01       6.3954e-04       2.1575e-03      -1.9255e-04      -1.2689e-03
 6.0000e+00       3.1500e+00       8.1533e-01       6.1976e-04       2.1599e-03      -1.9316e-04      -1.2899e-03
 6.0000e+00       3.1500e+00       8.2422e-01       6.0070e-04       2.1604e-03      -1.9353e-04      -1.3086e-03
 6.0000e+00       3.1500e+00       8.3311e-01       5.8232e-04       2.1589e-03      -1.9367e-04      -1.3252e-03
 6.0000e+00       3.1500e+00       8.4200e-01       5.6459e-04       2.1556e-03      -1.9361e-04      -1.3397e-03
 6.0000e+00       3.1500e+00       8.5089e-01       5.4749e-04       2.1507e-03      -1.9335e-04      -1.3522e-03
 6.0000e+00       3.1500e+00       8.5979e-01       5.3099e-04       2.1442e-03      -1.9291e-04      -1.3630e-03
 6.0000e+00       3.1500e+00       8.6868e-01       5.1506e-04       2.1363e-03      -1.9231e-04      -1.3720e-03
 6.0000e+00       3.1500e+00       8.7757e-01       4.9969e-04       2.1270e-03      -1.9154e-04      -1.3794e-03
 6.0000e+00       3.1500e+00       8.8646e-01       4.8485e-04       2.1164e-03      -1.9064e-04      -1.3852e-03
 6.0000e+00       3.1500e+00       8.9535e-01       4.7052e-04       2.1046e-03      -1.8960e-04      -1.3896e-03
 6.0000e+00       3.1500e+00       9.0425e-01       4.5667e-04       2.0917e-03      -1.8843e-04      -1.3926e-03
 6.0000e+00       3.1500e+00       9.1314e-01       4.4330e-04       2.0778e-03      -1.8715e-04      -1.3943e-03
 6.0000e+00       3.1500e+00       9.2203e-01       4.3038e-04       2.0629e-03      -1.8577e-04      -1.3947e-03
 6.0000e+00       3.1500e+00       9.3092e-01       4.1788e-04       2.0471e-03      -1.8428e-04      -1.3941e-03
 6.0000e+00       3.1500e+00       9.3981e-01       4.0581e-04       2.0306e-03      -1.8270e-04      -1.3923e-03
 6.0000e+00       3.1500e+00       9.4870e-01       3.9413e-04       2.0132e-03      -1.8104e-04      -1.3896e-03
 6.0000e+00       3.1500e+00       9.5760e-01       3.8284e-04       1.9952e-03      -1.7930e-04      -1.3858e-03
 6.0000e+00       3.1500e+00       9.6649e-01       3.7192e-04       1.9765e-03      -1.7749e-04      -1.3812e-03
 6.0000e+00       3.1500e+00       9.7538e-01       3.6135e-04       1.9572e-03      -1.7561e-04      -1.3758e-03
 6.0000e+00       3.1500e+00       9.8427e-01       3.5112e-04       1.9374e-03      -1.7368e-04      -1.3695e-03
 6.0000e+00       3.1500e+00       9.9316e-01       3.4122e-04       1.9172e-03      -1.7169e-04      -1.3625e-03
 6.0000e+00       3.1500e+00       1.0021e+00       3.3163e-04       1.8964e-03      -1.6965e-04      -1.3549e-03
 6.0000e+00       3.1500e+00       1.0109e+00       3.2235e-04       1.8753e-03      -1.6757e-04      -1.3465e-03
 6.0000e+00       3.1500e+00       1.0198e+00       3.1337e-04       1.8538e-03      -1.6545e-04      -1.3376e-03
 6.0000e+00       3.1500e+00       1.0287e+00       3.0466e-04       1.8320e-03      -1.6329e-04      -1.3281e-03
 6.0000e+00       3.1500e+00       1.0376e+00       2.9623e-04       1.8099e-03      -1.6110e-04      -1.3182e-03
 6.0000e+00       3.1500e+00       1.0465e+00       2.8805e-04       1.7876e-03      -1.5889e-04      -1.3077e-03
 6.0000e+00       3.1500e+00       1.0554e+00       2.8013e-04       1.7651e-03      -1.5665e-04      -1.2968e-03
 6.0000e+00       3.1500e+00       1.0643e+00       2.7245e-04       1.7423e-03      -1.5439e-04      -1.2854e-03
 6.0000e+00       3.1500e+00       1.0732e+00       2.6501e-04       1.7195e-03      -1.5212e-04      -1.2737e-03
 6.0000e+00       3.1500e+00       1.0821e+00       2.5779e-04       1.6965e-03      -1.4983e-04      -1.2617e-03
 6.0000e+00       3.1500e+00       1.0910e+00       2.5079e-04       1.6734e-03      -1.4753e-04      -1.2493e-03
 6.0000e+00       3.1500e+00       1.0999e+00       2.4399e-04       1.6502e-03      -1.4523e-04      -1.2366e-03
 6.0000e+00       3.1500e+00       1.1088e+00       2.3740e-04       1.6270e-03      -1.4292e-04      -1.2237e-03
 6.0000e+00       3.1500e+00       1.1177e+00       2.3101e-04       1.6037e-03      -1.4060e-04      -1.2105e-03
 6.0000e+00       3.1500e+00       1.1265e+00       2.2480e-04       1.5805e-03      -1.3829e-04      -1.1971e-03
 6.0000e+00       3.1500e+00       1.1354e+00       2.1878e-04       1.5572e-03      -1.3597e-04      -1.1836e-03
 6.0000e+00       3.1500e+00       1.1443e+00       2.1293e-04       1.5340e-03      -1.3366e-04      -1.1698e-03
 6.0000e+00       3.1500e+00       1.1532e+00       2.0725e-04       1.5109e-03      -1.3136e-04      -1.1559e-03
 6.0000e+00       3.1500e+00       1.1621e+00       2.0174e-04       1.4878e-03      -1.2906e-04      -1.1419e-03
 6.0000e+00       3.1500e+00       1.1710e+00       1.9639e-04       1.4648e-03      -1.2677e-04      -1.1278e-03
 6.0000e+00       3.1500e+00       1.1799e+00       1.9118e-04       1.4418e-03      -1.2450e-04      -1.1135e-03
 6.0000e+00       3.1500e+00       1.1888e+00       1.8613e-04       1.4190e-03      -1.2223e-04      -1.0992e-03
 6.0000e+00       3.1500e+00       1.1977e+00       1.8122e-04       1.3964e-03      -1.1998e-04      -1.0848e-03
 6.0000e+00       3.1500e+00       1.2066e+00       1.7645e-04       1.3738e-03      -1.1774e-04      -1.0704e-03
 6.0000e+00       3.1500e+00       1.2155e+00       1.7181e-04       1.3514e-03      -1.1552e-04      -1.0559e-03
 6.0000e+00       3.1500e+00       1.2244e+00       1.6730e-04       1.3291e-03      -1.1332e-04      -1.0415e-03
 6.0000e+00       3.1500e+00       1.2332e+00       1.6292e-04       1.3071e-03      -1.1114e-04      -1.0270e-03
 6.0000e+00       3.1500e+00       1.2421e+00       1.5865e-04       1.2852e-03      -1.0897e-04      -1.0125e-03
 6.0000e+00       3.1500e+00       1.2510e+00       1.5451e-04       1.2634e-03      -1.0682e-04      -9.9800e-04
 6.0000e+00       3.1500e+00       1.2599e+00       1.5048e-04       1.2419e-03      -1.0470e-04      -9.8355e-04
 6.0000e+00       3.1500e+00       1.2688e+00       1.4656e-04       1.2205e-03      -1.0260e-04      -9.6913e-04
 6.0000e+00       3.1500e+00       1.2777e+00       1.4275e-04       1.1994e-03      -1.0052e-04      -9.5476e-04
 6.0000e+00       3.1500e+00       1.2866e+00       1.3904e-04       1.1785e-03      -9.8460e-05      -9.4044e-04
 6.0000e+00       3.1500e+00       1.2955e+00       1.3543e-04       1.1577e-03      -9.6427e-05      -9.2618e-04
 6.0000e+00       3.1500e+00       1.3044e+00       1.3192e-04       1.1372e-03      -9.4418e-05      -9.1199e-04
 6.0000e+00       3.1500e+00       1.3133e+00       1.2850e-04       1.1169e-03      -9.2433e-05      -8.9788e-04
 6.0000e+00       3.1500e+00       1.3222e+00       1.2518e-04       1.0969e-03      -9.0474e-05      -8.8384e-04
 6.0000e+00       3.1500e+00       1.3311e+00       1.2194e-04       1.0771e-03      -8.8540e-05      -8.6990e-04
 6.0000e+00       3.1500e+00       1.3399e+00       1.1879e-04       1.0575e-03      -8.6632e-05      -8.5605e-04
 6.0000e+00       3.1500e+00       1.3488e+00       1.1572e-04       1.0381e-03      -8.4750e-05      -8.4231e-04
 6.0000e+00       3.1500e+00       1.3577e+00       1.1274e-04       1.0190e-03      -8.2895e-05      -8.2867e-04
 6.0000e+00       3.1500e+00       1.3666e+00       1.0983e-04       1.0002e-03      -8.1066e-05      -8.1514e-04
 6.0000e+00       3.1500e+00       1.3755e+00       1.0700e-04       9.8155e-04      -7.9265e-05      -8.0172e-04
 6.0000e+00       3.1500e+00       1.3844e+00       1.0424e-04       9.6317e-04      -7.7490e-05      -7.8842e-04
 6.0000e+00       3.1500e+00       1.3933e+00       1.0156e-04       9.4504e-04      -7.5742e-05      -7.7525e-04
 6.0000e+00       3.1500e+00       1.4022e+00       9.8946e-05       9.2716e-04      -7.4022e-05      -7.6221e-04
 6.0000e+00       3.1500e+00       1.4111e+00       9.6400e-05       9.0953e-04      -7.2328e-05      -7.4929e-04
 6.0000e+00       3.1500e+00       1.4200e+00       9.3920e-05       8.9215e-04      -7.0662e-05      -7.3650e-04
 6.0000e+00       3.1500e+00       1.4289e+00       9.1504e-05       8.7502e-04      -6.9024e-05      -7.2386e-04
 6.0000e+00       3.1500e+00       1.4378e+00       8.9150e-05       8.5813e-04      -6.7412e-05      -7.1134e-04
 6.0000e+00       3.1500e+00       1.4466e+00       8.6858e-05       8.4150e-04      -6.5828e-05      -6.9897e-04
 6.0000e+00       3.1500e+00       1.4555e+00       8.4624e-05       8.2512e-04      -6.4272e-05      -6.8675e-04
 6.0000e+00       3.1500e+00       1.4644e+00       8.2448e-05       8.0898e-04      -6.2742e-05      -6.7466e-04
 6.0000e+00       3.1500e+00       1.4733e+00       8.0327e-05       7.9310e-04      -6.1239e-05      -6.6272e-04
 6.0000e+00       3.1500e+00       1.4822e+00       7.8261e-05       7.7746e-04      -5.9763e-05      -6.5093e-04
 6.0000e+00       3.1500e+00       1.4911e+00       7.6248e-05       7.6207e-04      -5.8314e-05      -6.3929e-04
 6.0000e+00       3.1500e+00       1.5000e+00       7.4286e-05       7.4692e-04      -5.6892e-05      -6.2779e-04
